Time (s) 	 Position (mm) 	 Delay (s) 	 X 	 Y 	 R 	 theta 
#Without Preamplifier,Fluence 1 filter = None, ZnTe detector angle dependance 40deg, Chopper 230Hz, time constant=0.3s 18dB, waiting time= 2.7s, sensitivity=20mV
3.8887	10.0	6.6713e-11	-1.23978e-05	-1.90736e-05	2.00273e-05	-119.052
7.2147	10.002	6.67263426e-11	-1.43052e-05	-2.9564e-05	3.24252e-05	-118.608
10.4773	10.004	6.673968519999999e-11	-6.67575e-06	1.52589e-05	1.81199e-05	117.474
13.7567	10.006	6.67530278e-11	1.04905e-05	-1.43052e-05	1.62126e-05	-51.708
17.0186	10.008	6.676637039999999e-11	3.71935e-05	2.86104e-06	3.62399e-05	6.228
20.5687	10.01	6.6779713e-11	4.19619e-05	3.71935e-05	5.72207e-05	41.688
23.8479	10.012	6.67930556e-11	2.3842e-05	1.90736e-06	2.19346e-05	8.616
27.1264	10.014	6.68063982e-11	4.38693e-05	9.53682e-07	4.38693e-05	0.846
30.4061	10.016	6.68197408e-11	3.52862e-05	1.62126e-05	3.71935e-05	26.094
33.6835	10.018	6.68330834e-11	2.9564e-05	3.81472e-05	4.86376e-05	52.194
37.2354	10.02	6.6846426e-11	2.19346e-05	1.71663e-05	2.86103e-05	39.288
40.514	10.022	6.68597686e-11	2.86103e-05	1.62126e-05	3.33788e-05	29.604
43.792	10.024	6.68731112e-11	4.10082e-05	3.71935e-05	5.43597e-05	43.476
47.0713	10.026	6.688645379999999e-11	4.76839e-05	2.86104e-06	4.76839e-05	2.352
50.3486	10.028	6.68997964e-11	3.05178e-05	4.38693e-05	5.43597e-05	54.948
53.6126	10.03	6.691313899999999e-11	4.29156e-05	3.24252e-05	5.53133e-05	37.692
56.9074	10.032	6.692648159999999e-11	3.91009e-05	2.3842e-05	4.76839e-05	32.592
60.1861	10.034	6.69398242e-11	4.67303e-05	3.14715e-05	5.72207e-05	34.062
63.4644	10.036	6.695316679999999e-11	1.81199e-05	1.52589e-05	2.47956e-05	36.57
66.7426	10.038	6.69665094e-11	2.6703e-05	3.52862e-05	4.48229e-05	50.298
70.0381	10.04	6.697985199999999e-11	2.00273e-05	2.6703e-05	3.52862e-05	49.512
73.3161	10.042	6.69931946e-11	1.23978e-05	2.19346e-05	2.47956e-05	62.742
76.6115	10.044	6.70065372e-11	1.90736e-05	-7.62945e-06	2.19346e-05	-17.352
79.8887	10.046	6.70198798e-11	2.86104e-06	1.71663e-05	1.71663e-05	83.16
83.1847	10.048	6.70332224e-11	2.3842e-05	-9.53682e-07	2.28883e-05	-4.902
86.4787	10.05	6.7046565e-11	8.58313e-06	5.72208e-06	1.04905e-05	29.358
89.7582	10.052	6.70599076e-11	3.81473e-06	-2.86104e-06	4.7684e-06	-23.202
93.0523	10.054	6.70732502e-11	4.38693e-05	8.58313e-06	4.19619e-05	11.13
96.331	10.056	6.70865928e-11	8.58313e-06	-3.81473e-06	8.58313e-06	-28.302
99.6251	10.058	6.70999354e-11	1.62126e-05	3.81473e-06	1.23978e-05	15.522
102.92	10.06	6.7113278e-11	1.52589e-05	1.23978e-05	1.81199e-05	41.988
106.1987	10.062	6.712662059999999e-11	2.86104e-06	-9.53682e-07	2.86104e-06	0.0
109.4939	10.064	6.713996319999999e-11	-1.71663e-05	-1.04905e-05	2.19346e-05	-153.438
112.771	10.066	6.71533058e-11	-1.33515e-05	-8.58313e-06	1.52589e-05	-145.62
116.0673	10.068	6.716664839999999e-11	-3.62399e-05	-9.5368e-06	3.71935e-05	-164.748
119.3619	10.07	6.7179991e-11	4.7684e-06	-4.57766e-05	4.48229e-05	-82.236
122.6399	10.072	6.719333359999999e-11	-1.23978e-05	8.58313e-06	1.33515e-05	142.596
125.9179	10.074	6.72066762e-11	-3.81473e-06	-3.33788e-05	3.24252e-05	-100.842
129.212	10.076	6.72200188e-11	8.58313e-06	-6.67575e-06	1.04905e-05	-40.236
132.5246	10.078	6.723336139999999e-11	-2.76567e-05	-2.47956e-05	3.62399e-05	-135.744
135.8032	10.08	6.7246704e-11	0.0	-4.29156e-05	4.19619e-05	-92.772
139.097	10.082	6.72600466e-11	-4.7684e-06	-3.14715e-05	3.05178e-05	-92.436
142.3765	10.084	6.72733892e-11	-2.19346e-05	-2.3842e-05	3.24252e-05	-132.51
145.6699	10.086	6.72867318e-11	-6.67575e-06	-2.00273e-05	1.90736e-05	-105.42
148.9487	10.088	6.73000744e-11	-4.19619e-05	-1.71663e-05	4.57766e-05	-157.44
152.2282	10.09	6.7313417e-11	-1.62126e-05	-1.81199e-05	2.3842e-05	-128.16
155.5057	10.092	6.73267596e-11	-1.14442e-05	-2.00273e-05	2.00273e-05	-120.648
158.8013	10.094	6.73401022e-11	-1.71663e-05	-3.71935e-05	4.00546e-05	-114.06
162.0959	10.096	6.73534448e-11	-2.28883e-05	-2.86103e-05	3.52862e-05	-127.506
165.3899	10.098	6.73667874e-11	-2.6703e-05	-2.28883e-05	3.43325e-05	-140.478
169.2134	10.1	6.738012999999999e-11	-4.48229e-05	-1.52589e-05	4.48229e-05	-161.028
172.4919	10.102	6.73934726e-11	-1.14442e-05	-2.76567e-05	2.86103e-05	-108.006
175.77	10.104	6.740681519999999e-11	-4.19619e-05	-2.6703e-05	4.76839e-05	-146.082
179.0481	10.106	6.742015779999999e-11	-3.81472e-05	-2.00273e-05	4.19619e-05	-152.244
182.3279	10.108	6.74335004e-11	9.53682e-07	-1.14442e-05	1.04905e-05	-86.184
185.6225	10.11	6.744684299999999e-11	-2.9564e-05	-1.62126e-05	3.14715e-05	-148.626
188.9173	10.112	6.74601856e-11	-3.62399e-05	-2.28883e-05	4.29156e-05	-149.034
192.2118	10.114	6.74735282e-11	-9.5368e-06	-2.76567e-05	2.76567e-05	-108.432
195.4899	10.116	6.74868708e-11	1.90736e-06	-2.6703e-05	2.57493e-05	-79.824
198.7851	10.118	6.75002134e-11	-1.52589e-05	-3.62399e-05	3.71935e-05	-112.542
202.0617	10.12	6.751355599999999e-11	-2.47956e-05	7.62945e-06	2.57493e-05	163.446
205.3423	10.122	6.75268986e-11	-2.6703e-05	-4.67303e-05	5.24523e-05	-116.562
208.6195	10.124	6.75402412e-11	-8.58313e-06	-4.95913e-05	4.95913e-05	-99.834
211.8986	10.126	6.75535838e-11	-2.47956e-05	-1.90736e-05	3.05178e-05	-141.912
215.1943	10.128	6.75669264e-11	1.90736e-06	-3.33788e-05	3.14715e-05	-85.134
218.4717	10.13	6.758026900000001e-11	8.58313e-06	-1.62126e-05	1.71663e-05	-59.418
221.7516	10.132	6.75936116e-11	-1.33515e-05	-2.9564e-05	3.05178e-05	-114.864
225.0464	10.134	6.760695419999999e-11	-6.67575e-06	-1.81199e-05	1.90736e-05	-105.42
228.3241	10.136	6.762029679999999e-11	1.43052e-05	-1.14442e-05	1.90736e-05	-36.468
231.6187	10.138	6.763363939999999e-11	-1.14442e-05	-2.76567e-05	2.86103e-05	-108.432
234.8973	10.14	6.7646982e-11	-1.52589e-05	-2.0981e-05	2.3842e-05	-125.91
238.1748	10.142	6.766032459999999e-11	-9.53682e-07	-1.14442e-05	9.5368e-06	-93.816
241.4545	10.144	6.76736672e-11	1.52589e-05	-2.19346e-05	2.6703e-05	-50.712
244.7487	10.146	6.76870098e-11	-1.23978e-05	1.71663e-05	2.0981e-05	127.236
248.0287	10.148	6.770035239999999e-11	-9.53682e-07	0.0	1.90736e-06	71.568
251.3064	10.15	6.7713695e-11	3.81473e-06	-2.3842e-05	2.3842e-05	-80.538
254.5862	10.152	6.772703759999999e-11	-9.5368e-06	-2.86104e-06	9.5368e-06	-176.184
257.865	10.154	6.77403802e-11	2.86104e-06	1.90736e-05	2.00273e-05	82.878
261.1428	10.156	6.77537228e-11	1.23978e-05	-9.5368e-06	1.52589e-05	-38.292
264.4216	10.158	6.77670654e-11	6.67575e-06	-1.43052e-05	1.52589e-05	-62.358
267.7	10.16	6.7780408e-11	-1.62126e-05	2.86104e-06	1.52589e-05	173.16
270.9787	10.162	6.77937506e-11	-6.67575e-06	0.0	4.7684e-06	171.87
274.2584	10.164	6.78070932e-11	-2.86104e-06	-9.5368e-06	8.58313e-06	-98.748
277.537	10.166	6.78204358e-11	3.62399e-05	8.58313e-06	3.71935e-05	13.068
280.8315	10.168	6.78337784e-11	5.72208e-06	-1.81199e-05	1.71663e-05	-74.358
284.3822	10.17	6.7847121e-11	-2.6703e-05	1.90736e-06	2.57493e-05	177.066
287.66	10.172	6.78604636e-11	-3.14715e-05	-9.5368e-06	3.33788e-05	-166.236
290.9385	10.174	6.787380619999999e-11	-2.28883e-05	-2.76567e-05	3.52862e-05	-131.286
294.2181	10.176	6.788714879999999e-11	-1.52589e-05	5.72208e-06	1.52589e-05	155.556
297.4954	10.178	6.79004914e-11	1.62126e-05	-9.5368e-06	1.81199e-05	-25.644
300.7756	10.18	6.791383399999999e-11	-2.3842e-05	-2.19346e-05	3.05178e-05	-138.468
304.0543	10.182	6.79271766e-11	-1.90736e-05	-6.67575e-06	1.90736e-05	-156.036
307.3328	10.184	6.794051919999999e-11	-3.81473e-06	-1.14442e-05	1.14442e-05	-109.44
310.6274	10.186	6.79538618e-11	3.81473e-06	-2.86104e-06	3.81473e-06	-45.0
313.921	10.188	6.79672044e-11	-1.33515e-05	-2.57493e-05	2.76567e-05	-116.562
317.2	10.19	6.798054699999999e-11	0.0	-4.38693e-05	4.29156e-05	-90.882
320.4953	10.192	6.79938896e-11	-3.62399e-05	-2.86104e-06	3.62399e-05	-174.804
323.7733	10.194	6.80072322e-11	-1.14442e-05	-6.67575e-06	1.04905e-05	-149.034
327.0686	10.196	6.80205748e-11	-1.33515e-05	-1.14442e-05	1.71663e-05	-141.006
330.3622	10.198	6.80339174e-11	-9.5368e-06	-2.47956e-05	2.47956e-05	-116.562
333.6579	10.2	6.804726e-11	-2.19346e-05	-6.67575e-06	2.28883e-05	-162.072
336.9513	10.202	6.80606026e-11	-3.14715e-05	-3.05178e-05	4.38693e-05	-137.436
340.2305	10.204	6.807394520000001e-11	-4.00546e-05	-3.91009e-05	5.53133e-05	-134.028
343.5087	10.206	6.80872878e-11	-2.47956e-05	-3.33788e-05	4.00546e-05	-128.958
346.8045	10.208	6.810063039999999e-11	-3.33788e-05	-1.52589e-05	3.24252e-05	-152.904
350.0984	10.21	6.8113973e-11	-3.71935e-05	-2.47956e-05	4.38693e-05	-147.528
353.4087	10.212	6.812731559999999e-11	-1.62126e-05	-3.52862e-05	3.71935e-05	-115.644
356.7199	10.214	6.81406582e-11	-3.91009e-05	-3.91009e-05	5.3406e-05	-134.01
360.0302	10.216	6.815400079999999e-11	-2.57493e-05	-5.72208e-06	2.57493e-05	-168.408
363.3086	10.218	6.81673434e-11	-1.43052e-05	-3.14715e-05	3.43325e-05	-112.62
366.5872	10.22	6.8180686e-11	-1.81199e-05	-1.81199e-05	2.57493e-05	-138.012
369.8655	10.222	6.819402859999999e-11	-6.67577e-05	-4.00546e-05	7.72481e-05	-149.886
373.1616	10.224	6.82073712e-11	-4.00546e-05	-5.6267e-05	6.8665e-05	-125.988
376.4563	10.226	6.82207138e-11	-2.76567e-05	-3.33788e-05	4.29156e-05	-131.856
379.735	10.228	6.82340564e-11	-1.23978e-05	-3.62399e-05	3.71935e-05	-108.756
383.0286	10.23	6.8247399e-11	-4.67303e-05	-2.57493e-05	5.24523e-05	-152.142
386.3082	10.232	6.82607416e-11	-4.57766e-05	-2.3842e-05	5.0545e-05	-152.418
389.6028	10.234	6.82740842e-11	-3.62399e-05	-6.38966e-05	7.1526e-05	-118.692
392.8974	10.236	6.82874268e-11	-5.3406e-05	-2.6703e-05	5.9128e-05	-153.15
396.1754	10.238	6.83007694e-11	-5.53133e-05	-2.76567e-05	6.10356e-05	-154.83
399.455	10.24	6.8314112e-11	-6.96187e-05	-4.29156e-05	8.10628e-05	-149.442
402.7487	10.242	6.832745460000001e-11	-5.53133e-05	-6.00817e-05	7.91554e-05	-132.63
406.028	10.244	6.83407972e-11	-4.57766e-05	-6.5804e-05	8.01091e-05	-124.992
409.306	10.246	6.83541398e-11	-6.96187e-05	-1.81199e-05	7.05724e-05	-165.444
412.6002	10.248	6.836748239999999e-11	-5.14986e-05	-5.3406e-05	7.24797e-05	-133.902
416.151	10.25	6.838082499999999e-11	-6.48503e-05	-7.1526e-05	9.44142e-05	-131.298
419.43	10.252	6.83941676e-11	-5.81744e-05	-3.14715e-05	6.48503e-05	-151.344
422.7087	10.254	6.840751019999999e-11	-7.43871e-05	-6.67577e-05	9.91826e-05	-138.528
425.9877	10.256	6.84208528e-11	-8.58312e-05	-6.5804e-05	0.000107766	-142.992
429.2823	10.258	6.843419539999999e-11	-9.25069e-05	-5.3406e-05	0.000105858	-150.21
432.5605	10.26	6.8447538e-11	-0.000104905	-4.95913e-05	0.000114441	-155.226
435.8557	10.262	6.84608806e-11	-7.53407e-05	-6.00817e-05	9.53679e-05	-142.65
439.1344	10.264	6.847422319999999e-11	-8.01091e-05	-5.53133e-05	9.63216e-05	-144.234
442.4284	10.266	6.84875658e-11	-0.00010109	-4.57766e-05	0.000107766	-154.704
445.7077	10.268	6.85009084e-11	-9.82289e-05	-5.53133e-05	0.000113488	-151.362
449.2742	10.27	6.8514251e-11	-9.15532e-05	-6.5804e-05	0.000112534	-144.618
452.552	10.272	6.85275936e-11	-9.72752e-05	-7.72481e-05	0.000123979	-141.294
455.8475	10.274	6.85409362e-11	-0.000100136	-8.01091e-05	0.00012684	-141.81
459.1421	10.276	6.85542788e-11	-0.000112534	-6.67577e-05	0.000132562	-149.478
462.4198	10.278	6.85676214e-11	-0.000108719	-7.53407e-05	0.000129701	-145.248
465.6987	10.28	6.8580964e-11	-9.82289e-05	-6.96187e-05	0.00011921	-145.062
468.9784	10.282	6.859430659999999e-11	-0.000102044	-8.86922e-05	0.000133515	-139.026
472.2559	10.284	6.86076492e-11	-0.000113488	-9.53679e-05	0.00014782	-139.566
475.5515	10.286	6.862099179999999e-11	-9.91826e-05	-6.48503e-05	0.000118256	-147.378
478.8299	10.288	6.86343344e-11	-0.000129701	-9.72752e-05	0.000160218	-143.466
482.1251	10.29	6.864767699999999e-11	-0.000127793	-9.44142e-05	0.000157357	-143.562
485.4037	10.292	6.866101959999999e-11	-0.000115395	-6.5804e-05	0.000133515	-151.026
488.6984	10.294	6.86743622e-11	-0.000134469	-5.53133e-05	0.000145913	-158.244
491.9763	10.296	6.868770479999999e-11	-0.00011921	-9.63216e-05	0.000152589	-140.64
495.2539	10.298	6.87010474e-11	-0.00012684	-5.81744e-05	0.00013733	-155.304
498.5342	10.3	6.871439e-11	-9.82289e-05	-9.34605e-05	0.000135423	-136.974
501.8287	10.302	6.87277326e-11	-8.29701e-05	-5.14986e-05	9.72752e-05	-147.912
505.1236	10.304	6.87410752e-11	-0.000102044	-6.48503e-05	0.00011921	-147.186
508.4022	10.306	6.875441779999999e-11	-9.34605e-05	-6.00817e-05	0.000112534	-147.996
511.68	10.308	6.87677604e-11	-7.72481e-05	-9.34605e-05	0.000121117	-130.128
514.9748	10.31	6.8781103e-11	-0.000102044	-6.5804e-05	0.000120163	-147.186
518.2542	10.312	6.87944456e-11	-0.000122071	-6.96187e-05	0.000141145	-150.054
521.5169	10.314	6.88077882e-11	-0.000124932	-8.20165e-05	0.00014782	-146.598
524.8109	10.316	6.88211308e-11	-0.00012684	-5.9128e-05	0.000139237	-155.646
528.09	10.318	6.883447339999999e-11	-0.000116349	-9.63216e-05	0.000149728	-139.866
531.3847	10.32	6.884781599999999e-11	-0.000118256	-8.20165e-05	0.000143052	-145.944
534.6633	10.322	6.886115859999999e-11	-9.82289e-05	-6.96187e-05	0.00011921	-144.984
537.9405	10.324	6.887450119999999e-11	-0.000127793	-7.72481e-05	0.00014782	-148.458
541.22	10.326	6.88878438e-11	-0.00012684	-6.67577e-05	0.000143052	-152.364
544.5159	10.328	6.890118639999999e-11	-0.00010109	-8.48775e-05	0.000131608	-141.162
547.7935	10.33	6.8914529e-11	-0.000108719	-9.15532e-05	0.000141145	-140.748
551.073	10.332	6.89278716e-11	-0.000118256	-7.24797e-05	0.000136376	-148.32
554.3678	10.334	6.894121419999999e-11	-0.000114441	-7.82018e-05	0.000138284	-146.31
557.6464	10.336	6.89545568e-11	-0.000149728	-9.91826e-05	0.000179292	-146.784
560.9252	10.338	6.896789939999999e-11	-0.000117302	-8.20165e-05	0.000143052	-145.656
564.2038	10.34	6.8981242e-11	-0.000124932	-0.000107766	0.000163079	-138.636
567.4975	10.342	6.89945846e-11	-0.000148774	-9.34605e-05	0.000174523	-148.248
570.8087	10.344	6.90079272e-11	-0.000143052	-9.91826e-05	0.000174523	-145.098
574.1187	10.346	6.90212698e-11	-0.000132562	-0.00013733	0.000189782	-133.728
577.4292	10.348	6.90346124e-11	-0.000140191	-8.48775e-05	0.000162126	-148.59
580.7243	10.35	6.9047955e-11	-0.000162126	-9.15532e-05	0.000186921	-151.614
584.0357	10.352	6.90612976e-11	-0.000150681	-8.96459e-05	0.000174523	-149.82
587.3144	10.354	6.90746402e-11	-0.000164033	-0.000115395	0.000200273	-145.146
590.593	10.356	6.908798279999999e-11	-0.000150681	-0.000113488	0.000187875	-143.538
593.8874	10.358	6.91013254e-11	-0.000158311	-0.000100136	0.000187875	-148.104
597.1652	10.36	6.911466799999999e-11	-0.000164033	-0.000131608	0.000207902	-141.114
600.4446	10.362	6.912801059999999e-11	-0.000171662	-0.000109673	0.000203134	-147.096
603.7236	10.364	6.91413532e-11	-0.000162126	-0.000102044	0.000191689	-147.468
607.0022	10.366	6.915469579999999e-11	-0.000168801	-0.000108719	0.000201226	-146.676
610.2802	10.368	6.91680384e-11	-0.000164033	-0.000120163	0.000204087	-144.762
613.5587	10.37	6.918138099999999e-11	-0.000181199	-9.15532e-05	0.000201226	-153.096
616.8381	10.372	6.91947236e-11	-0.00018406	-0.000145913	0.000232697	-141.624
620.116	10.374	6.92080662e-11	-0.000171662	-0.000142098	0.000221253	-140.148
623.394	10.376	6.92214088e-11	-0.000168801	-0.000117302	0.000203134	-145.578
626.6579	10.378	6.92347514e-11	-0.000168801	-0.000123979	0.000207902	-143.61
629.9366	10.38	6.9248094e-11	-0.000159265	-0.00013733	0.000207902	-139.278
633.2301	10.382	6.92614366e-11	-0.000187875	-0.000124932	0.000225068	-146.736
636.5086	10.384	6.92747792e-11	-0.000192643	-0.00012684	0.000229836	-146.676
639.8043	10.386	6.92881218e-11	-0.000219346	-0.000133515	0.00025654	-148.962
643.083	10.388	6.93014644e-11	-0.000197412	-0.000150681	0.000247004	-142.14
646.3776	10.39	6.9314807e-11	-0.000205041	-0.000145913	0.000249865	-144.66
649.6884	10.392	6.932814959999999e-11	-0.00018406	-0.000157357	0.000243188	-140.214
652.9987	10.394	6.934149219999999e-11	-0.000199319	-0.000164987	0.000255587	-140.31
656.3087	10.396	6.93548348e-11	-0.000204087	-0.000168801	0.000263216	-140.64
659.5885	10.398	6.936817739999999e-11	-0.000190736	-0.000127793	0.000227929	-146.172
662.8831	10.4	6.938152e-11	-0.000215531	-0.000149728	0.000260355	-144.888
666.1618	10.402	6.939486259999999e-11	-0.000203134	-0.000170709	0.00026417	-139.788
669.4399	10.404	6.94082052e-11	-0.000203134	-0.000150681	0.000251772	-143.37
672.7349	10.406	6.94215478e-11	-0.000221253	-0.000174523	0.000281336	-142.02
676.0291	10.408	6.943489039999999e-11	-0.000244142	-0.000153542	0.000288012	-147.924
679.5799	10.41	6.9448233e-11	-0.000226975	-0.000175477	0.000287058	-142.356
682.8587	10.412	6.94615756e-11	-0.000228883	-0.000185014	0.000293734	-141.054
686.1528	10.414	6.94749182e-11	-0.00026417	-0.00016594	0.000311853	-147.864
689.4482	10.416	6.94882608e-11	-0.000229836	-0.000175477	0.000288012	-142.68
692.7428	10.418	6.95016034e-11	-0.0002203	-0.000162126	0.000273706	-143.718
696.2936	10.42	6.9514946e-11	-0.000249865	-0.000187875	0.000311853	-143.25
699.5722	10.422	6.95282886e-11	-0.000257494	-0.000197412	0.000322344	-142.56
702.85	10.424	6.95416312e-11	-0.000249865	-0.000205995	0.000323297	-140.658
706.1286	10.426	6.95549738e-11	-0.000255587	-0.000168801	0.000304224	-146.556
709.4077	10.428	6.95683164e-11	-0.000255587	-0.000180245	0.000311853	-145.128
712.957	10.43	6.958165899999999e-11	-0.000252726	-0.000197412	0.000320436	-142.158
716.2374	10.432	6.95950016e-11	-0.00027466	-0.000186921	0.000331881	-145.77
719.5162	10.434	6.960834419999999e-11	-0.000273706	-0.000190736	0.000332834	-145.26
722.7944	10.436	6.962168679999999e-11	-0.000286104	-0.000195504	0.000345232	-145.386
726.0887	10.438	6.96350294e-11	-0.000279428	-0.000198365	0.000342371	-144.888
729.3842	10.44	6.964837199999999e-11	-0.000312807	-0.000190736	0.000367166	-148.554
732.6787	10.442	6.96617146e-11	-0.000294687	-0.000203134	0.000358583	-145.692
735.9574	10.444	6.96750572e-11	-0.000296595	-0.000193597	0.000353815	-147.204
739.236	10.446	6.96883998e-11	-0.00025654	-0.000226022	0.000340464	-138.648
742.5146	10.448	6.97017424e-11	-0.000304224	-0.000234605	0.000382425	-142.152
745.8087	10.45	6.971508499999999e-11	-0.000290873	-0.000222207	0.000365259	-142.5
749.087	10.452	6.97284276e-11	-0.000280382	-0.000233651	0.000362398	-139.992
752.3981	10.454	6.97417702e-11	-0.000295641	-0.000223161	0.000371935	-143.214
755.6771	10.456	6.97551128e-11	-0.000335695	-0.000239373	0.000409128	-144.606
758.9543	10.458	6.97684554e-11	-0.000308039	-0.000232697	0.000385286	-143.088
762.2326	10.46	6.978179800000001e-11	-0.000326158	-0.000235558	0.000401499	-144.306
765.5282	10.462	6.97951406e-11	-0.000307085	-0.000250818	0.000394823	-140.676
768.8236	10.464	6.980848319999999e-11	-0.000298502	-0.000232697	0.00037575	-142.296
772.1023	10.466	6.982182579999999e-11	-0.00032139	-0.00023079	0.000393869	-144.426
775.3799	10.468	6.983516839999999e-11	-0.000330927	-0.00023079	0.00040436	-145.188
778.6578	10.47	6.9848511e-11	-0.000325205	-0.000268938	0.000420572	-140.718
781.9543	10.472	6.986185359999999e-11	-0.000341417	-0.000259401	0.000428202	-143.004
785.2485	10.474	6.98751962e-11	-0.000312807	-0.000268938	0.000410082	-139.278
788.5437	10.476	6.98885388e-11	-0.00032139	-0.000244142	0.000400545	-142.77
791.8384	10.478	6.990188139999999e-11	-0.000346186	-0.000262262	0.000433924	-142.866
795.1331	10.48	6.9915224e-11	-0.000330927	-0.000288012	0.000435831	-138.714
798.4117	10.482	6.992856659999999e-11	-0.000326158	-0.00026417	0.000417711	-140.826
801.69	10.484	6.99419092e-11	-0.00035	-0.000257494	0.000432016	-143.568
804.9687	10.486	6.99552518e-11	-0.000376703	-0.000297548	0.000478746	-141.948
808.2477	10.488	6.99685944e-11	-0.00036812	-0.000279428	0.000462534	-142.848
811.5415	10.49	6.9981937e-11	-0.000389101	-0.000276567	0.000476839	-144.6
814.8371	10.492	6.99952796e-11	-0.000359537	-0.000302317	0.00046921	-140.046
818.1157	10.494	7.00086222e-11	-0.000359537	-0.00030327	0.000467302	-139.566
821.3944	10.496	7.00219648e-11	-0.000405313	-0.000307085	0.000507358	-142.95
824.6887	10.498	7.00353074e-11	-0.000352861	-0.000314714	0.000471117	-138.144
828.5115	10.5	7.004865e-11	-0.000373842	-0.000309946	0.000484468	-140.418
831.7894	10.502	7.00619926e-11	-0.000400545	-0.000314714	0.000508312	-141.81
835.0687	10.504	7.007533519999999e-11	-0.000400545	-0.000330927	0.000517849	-140.526
838.3464	10.506	7.008867779999999e-11	-0.000400545	-0.000315668	0.000507358	-141.54
841.6256	10.508	7.010202039999999e-11	-0.000381472	-0.00032902	0.00050259	-139.29
844.9367	10.51	7.011536299999999e-11	-0.000390055	-0.000343325	0.000517849	-138.702
848.2467	10.512	7.01287056e-11	-0.000411989	-0.000343325	0.000535969	-140.148
851.558	10.514	7.014204819999999e-11	-0.000411989	-0.000343325	0.000535969	-140.34
854.8687	10.516	7.01553908e-11	-0.000408174	-0.000328066	0.000522617	-141.258
858.1783	10.518	7.01687334e-11	-0.000425341	-0.000359537	0.000555042	-139.77
861.474	10.52	7.018207599999999e-11	-0.000418665	-0.000361444	0.000553135	-139.206
864.7528	10.522	7.01954186e-11	-0.00041485	-0.00035	0.000541691	-139.89
868.0297	10.524	7.020876119999999e-11	-0.000410082	-0.000335695	0.000530247	-140.748
871.3087	10.526	7.02221038e-11	-0.000429155	-0.00037575	0.000569347	-138.792
874.5887	10.528	7.02354464e-11	-0.000450136	-0.000364305	0.000578884	-140.928
877.8674	10.53	7.0248789e-11	-0.000437738	-0.000363352	0.000566486	-140.394
881.1453	10.532	7.02621316e-11	-0.000429155	-0.000392916	0.000581745	-137.46
884.4248	10.534	7.027547420000001e-11	-0.000437738	-0.000380518	0.00057793	-139.068
887.7026	10.536	7.02888168e-11	-0.00044346	-0.000379564	0.000584606	-139.47
890.9823	10.538	7.030215939999999e-11	-0.000455858	-0.000390055	0.000597004	-139.35
894.2919	10.54	7.031550199999998e-11	-0.000465395	-0.000381472	0.000601772	-140.472
897.5696	10.542	7.032884459999999e-11	-0.000448229	-0.000390055	0.000591282	-138.798
900.85	10.544	7.03421872e-11	-0.000473978	-0.000403406	0.000621799	-139.692
904.1276	10.546	7.035552979999999e-11	-0.000473978	-0.000394823	0.000616077	-140.256
907.4235	10.548	7.03688724e-11	-0.000456812	-0.000400545	0.000606541	-138.96
910.7013	10.55	7.0382215e-11	-0.000494007	-0.000421526	0.000648502	-139.542
913.9968	10.552	7.039555759999999e-11	-0.000485422	-0.00039673	0.000626568	-140.874
917.2912	10.554	7.04089002e-11	-0.000478746	-0.00041485	0.000631336	-138.894
920.5857	10.556	7.042224279999999e-11	-0.00052071	-0.000435831	0.000677112	-140.034
923.88	10.558	7.04355854e-11	-0.000485422	-0.000440599	0.000654224	-137.766
927.1754	10.56	7.0448928e-11	-0.000525478	-0.000425341	0.000676159	-140.916
930.4861	10.562	7.04622706e-11	-0.000493053	-0.000457766	0.000670437	-137.094
933.7794	10.564	7.04756132e-11	-0.000510219	-0.000472071	0.000694279	-137.058
937.0905	10.566	7.04889558e-11	-0.00053883	-0.000467302	0.000713352	-139.314
940.4011	10.568	7.05022984e-11	-0.000548366	-0.000485422	0.000734333	-138.6
943.6787	10.57	7.0515641e-11	-0.00054932	-0.000496868	0.000740055	-137.922
946.9583	10.572	7.05289836e-11	-0.000555042	-0.000478746	0.000731472	-139.326
950.2381	10.574	7.05423262e-11	-0.000539783	-0.000459673	0.000708584	-139.572
953.5318	10.576	7.05556688e-11	-0.000568394	-0.000498775	0.00075436	-138.726
956.8265	10.578	7.056901139999999e-11	-0.000562672	-0.000485422	0.000742916	-139.182
960.1063	10.58	7.058235399999999e-11	-0.000575069	-0.000507358	0.000764851	-138.534
963.3851	10.582	7.05956966e-11	-0.000592235	-0.00050259	0.000774387	-139.638
966.6638	10.584	7.060903919999999e-11	-0.000565533	-0.000494007	0.000750545	-138.822
969.9407	10.586	7.06223818e-11	-0.000580791	-0.000525478	0.000783924	-137.928
973.205	10.588	7.063572439999999e-11	-0.000580791	-0.000498775	0.000764851	-139.338
976.4993	10.59	7.0649067e-11	-0.000579838	-0.000507358	0.000769619	-138.93
979.7782	10.592	7.06624096e-11	-0.000587467	-0.000500683	0.00077248	-139.656
983.0719	10.594	7.067575219999999e-11	-0.00058556	-0.00053883	0.000796322	-137.442
986.3675	10.596	7.06890948e-11	-0.000593189	-0.000495914	0.00077248	-140.04
989.6462	10.598	7.07024374e-11	-0.000583652	-0.000529293	0.000787739	-137.946
992.94	10.6	7.071578e-11	-0.000616077	-0.000534061	0.000814442	-139.08
996.2356	10.602	7.07291226e-11	-0.000627521	-0.00054932	0.0008297	-138.774
999.5299	10.604	7.07424652e-11	-0.000589374	-0.000504497	0.000774387	-139.368
1002.8087	10.606	7.07558078e-11	-0.000602726	-0.00053883	0.000807766	-138.174
1006.0874	10.608	7.07691504e-11	-0.000620846	-0.000547413	0.000825886	-138.63
1009.6372	10.61	7.0782493e-11	-0.000644688	-0.000571255	0.000862125	-138.474
1012.9154	10.612	7.079583559999999e-11	-0.000636104	-0.000554089	0.000842098	-138.948
1016.2103	10.614	7.08091782e-11	-0.000601772	-0.000582699	0.00083733	-136.062
1019.506	10.616	7.082252079999999e-11	-0.000647549	-0.000555996	0.000852589	-139.44
1022.8	10.618	7.08358634e-11	-0.000643734	-0.000580791	0.00086594	-137.994
1026.095	10.62	7.084920599999999e-11	-0.000649456	-0.000574116	0.00086594	-138.396
1029.4059	10.622	7.086254859999999e-11	-0.000647549	-0.000608448	0.000887875	-137.004
1032.6846	10.624	7.08758912e-11	-0.000640873	-0.000602726	0.000878338	-136.818
1035.9633	10.626	7.088923379999999e-11	-0.000646595	-0.000609402	0.000887875	-136.644
1039.2419	10.628	7.09025764e-11	-0.000656132	-0.000611309	0.000896458	-136.986
1042.52	10.63	7.0915919e-11	-0.000678066	-0.000607494	0.000911716	-138.288
1045.7987	10.632	7.09292616e-11	-0.000686649	-0.00061417	0.000922207	-138.216
1049.0773	10.634	7.09426042e-11	-0.000686649	-0.000639919	0.000936512	-136.932
1052.3726	10.636	7.095594679999999e-11	-0.000716213	-0.000641827	0.000960354	-138.18
1055.6499	10.638	7.09692894e-11	-0.00073624	-0.000653271	0.000983246	-138.378
1058.929	10.64	7.0982632e-11	-0.00073624	-0.000648502	0.000980385	-138.636
1062.2239	10.642	7.09959746e-11	-0.000716213	-0.000662807	0.000974659	-137.184
1065.5186	10.644	7.10093172e-11	-0.000717167	-0.00067139	0.000983246	-136.95
1068.8131	10.646	7.102265980000001e-11	-0.000706676	-0.000673298	0.000974659	-136.44
1072.1086	10.648	7.10360024e-11	-0.000746731	-0.000658039	0.00099469	-138.72
1075.4029	10.65	7.104934499999999e-11	-0.000766758	-0.000701908	0.00103856	-137.52
1078.6962	10.652	7.106268759999999e-11	-0.000737194	-0.000679974	0.00100232	-137.292
1081.9761	10.654	7.107603019999999e-11	-0.00074387	-0.000677112	0.00100518	-137.712
1085.2713	10.656	7.10893728e-11	-0.000766758	-0.000704769	0.00103856	-137.262
1088.548	10.658	7.110271539999999e-11	-0.000786785	-0.000700001	0.00105286	-138.39
1091.8286	10.66	7.1116058e-11	-0.000774387	-0.000721935	0.00105859	-137.094
1095.1073	10.662	7.11294006e-11	-0.00078297	-0.000709537	0.00105572	-137.862
1098.386	10.664	7.114274319999999e-11	-0.000775341	-0.000729565	0.0010624	-136.782
1101.6644	10.666	7.11560858e-11	-0.000788692	-0.000722889	0.00106908	-137.502
1104.9427	10.668	7.116942839999999e-11	-0.000777248	-0.000733379	0.00106908	-136.716
1108.2379	10.67	7.1182771e-11	-0.000835422	-0.000776295	0.00113869	-136.944
1111.5309	10.672	7.11961136e-11	-0.000810627	-0.000733379	0.00109101	-137.82
1114.81	10.674	7.12094562e-11	-0.000822071	-0.000778202	0.00113011	-136.53
1118.0887	10.676	7.12227988e-11	-0.000815395	-0.000758175	0.00111104	-137.112
1121.3682	10.678	7.12361414e-11	-0.000836376	-0.00076199	0.00113107	-137.628
1124.6631	10.68	7.1249484e-11	-0.000825886	-0.000773434	0.00113011	-136.89
1127.9576	10.682	7.12628266e-11	-0.000849728	-0.000766758	0.00114346	-138.0
1131.2682	10.684	7.12761692e-11	-0.000840191	-0.000779156	0.00114442	-137.124
1134.5621	10.686	7.128951179999999e-11	-0.000825886	-0.000775341	0.00113202	-136.836
1137.872	10.688	7.13028544e-11	-0.000848774	-0.000782017	0.00115109	-137.346
1141.1841	10.69	7.131619699999999e-11	-0.000851635	-0.000780109	0.00115205	-137.466
1144.4947	10.692	7.132953959999999e-11	-0.000850681	-0.000804905	0.00117112	-136.68
1147.8055	10.694	7.13428822e-11	-0.000852589	-0.000807766	0.00117303	-136.518
1151.1162	10.696	7.135622479999999e-11	-0.000860218	-0.000797275	0.00117303	-137.346
1154.3947	10.698	7.13695674e-11	-0.000892643	-0.000820164	0.00121117	-137.364
1157.6887	10.7	7.138290999999999e-11	-0.000877384	-0.000826839	0.0012045	-136.68
1160.9669	10.702	7.13962526e-11	-0.00087643	-0.000822071	0.00120164	-136.98
1164.246	10.704	7.14095952e-11	-0.000885967	-0.000830654	0.00121308	-136.782
1167.5399	10.706	7.14229378e-11	-0.000877384	-0.000817303	0.00119782	-137.004
1170.8359	10.708	7.14362804e-11	-0.000878338	-0.000848774	0.00122166	-135.996
1174.13	10.71	7.1449623e-11	-0.000888828	-0.000842098	0.00122453	-136.632
1177.4243	10.712	7.14629656e-11	-0.000891689	-0.000828747	0.00121499	-137.112
1180.7032	10.714	7.14763082e-11	-0.000922207	-0.00086594	0.00126172	-136.668
1183.9809	10.716	7.14896508e-11	-0.000904087	-0.000905994	0.00127793	-135.0
1187.2603	10.718	7.15029934e-11	-0.000919346	-0.000864033	0.00126076	-136.692
1190.5387	10.72	7.151633600000001e-11	-0.000928883	-0.000873569	0.00127507	-136.824
1193.8186	10.722	7.15296786e-11	-0.000908855	-0.000877384	0.00126172	-136.05
1197.096	10.724	7.154302119999999e-11	-0.000913624	-0.000868801	0.00125886	-136.434
1200.3759	10.726	7.15563638e-11	-0.000947956	-0.000895504	0.00130273	-136.662
1203.6546	10.728	7.156970639999999e-11	-0.000964168	-0.000887875	0.00130845	-137.352
1206.9331	10.73	7.1583049e-11	-0.000958446	-0.000889782	0.00130463	-137.01
1210.211	10.732	7.159639159999999e-11	-0.000928883	-0.000918392	0.00130368	-135.288
1213.49	10.734	7.16097342e-11	-0.000958446	-0.000946049	0.00134564	-135.384
1216.7843	10.736	7.16230768e-11	-0.000955585	-0.000922207	0.00132657	-136.056
1220.0635	10.738	7.163641939999999e-11	-0.000975613	-0.000905994	0.00133038	-137.148
1223.3576	10.74	7.1649762e-11	-0.000972752	-0.000898365	0.00132275	-137.268
1226.6359	10.742	7.16631046e-11	-0.000955585	-0.000922207	0.00132657	-135.996
1229.9157	10.744	7.16764472e-11	-0.000957493	-0.000908855	0.00131989	-136.434
1233.1941	10.746	7.16897898e-11	-0.000966076	-0.00093079	0.00133992	-135.984
1236.4729	10.748	7.17031324e-11	-0.000967983	-0.000950817	0.00135518	-135.54
1240.0235	10.75	7.1716475e-11	-0.000966076	-0.000972752	0.00137044	-134.88
1243.302	10.752	7.17298176e-11	-0.00100613	-0.000956539	0.0013857	-136.362
1246.5789	10.754	7.17431602e-11	-0.000990875	-0.000961307	0.00137902	-135.942
1249.8753	10.756	7.17565028e-11	-0.000996597	-0.000935558	0.00136662	-136.776
1253.186	10.758	7.17698454e-11	-0.00100423	-0.000945095	0.00137521	-136.614
1256.48	10.76	7.178318799999999e-11	-0.00101281	-0.00100232	0.00142384	-135.264
1259.7749	10.762	7.17965306e-11	-0.000990875	-0.000985153	0.00139714	-135.174
1263.0862	10.764	7.180987319999999e-11	-0.00103761	-0.000966076	0.00141812	-137.148
1266.3648	10.766	7.182321579999999e-11	-0.00100804	-0.000992782	0.0014124	-135.42
1269.6435	10.768	7.18365584e-11	-0.00102807	-0.00102711	0.00145341	-135.114
1272.9214	10.77	7.184990099999999e-11	-0.00102998	-0.00100804	0.00144101	-135.582
1276.1999	10.772	7.18632436e-11	-0.00104333	-0.00101949	0.00145531	-135.666
1279.4787	10.774	7.187658619999999e-11	-0.00104333	-0.00104619	0.00147725	-134.964
1282.741	10.776	7.18899288e-11	-0.00107194	-0.00102711	0.00148392	-136.218
1286.0366	10.778	7.19032714e-11	-0.00108243	-0.0010357	0.00149632	-136.17
1289.3314	10.78	7.191661399999999e-11	-0.00106431	-0.00106812	0.00150586	-134.892
1292.6254	10.782	7.19299566e-11	-0.00108147	-0.00108529	0.0015297	-134.808
1295.92	10.784	7.19432992e-11	-0.00108338	-0.00108338	0.00153256	-135.0
1299.1984	10.786	7.19566418e-11	-0.0011015	-0.00106908	0.00153447	-135.876
1302.4781	10.788	7.19699844e-11	-0.00110627	-0.00110532	0.00156213	-135.018
1305.7729	10.79	7.1983327e-11	-0.00111008	-0.00111581	0.00157262	-134.928
1309.0509	10.792	7.19966696e-11	-0.0011139	-0.00110245	0.00156594	-135.294
1312.33	10.794	7.20100122e-11	-0.00114537	-0.0011282	0.00160599	-135.372
1315.6236	10.796	7.20233548e-11	-0.00113011	-0.00112534	0.00159455	-135.138
1318.9037	10.798	7.203669739999999e-11	-0.00115205	-0.00114728	0.00162602	-135.114
1322.1824	10.8	7.205004e-11	-0.00118733	-0.00111867	0.00162984	-136.644
1325.4771	10.802	7.206338259999999e-11	-0.00120354	-0.00113774	0.00165559	-136.584
1328.7716	10.804	7.20767252e-11	-0.00120354	-0.00118447	0.0016861	-135.432
1332.0662	10.806	7.209006779999999e-11	-0.0011921	-0.00119973	0.00169183	-134.826
1335.377	10.808	7.210341039999999e-11	-0.0012188	-0.00118733	0.0016985	-135.654
1338.6871	10.81	7.2116753e-11	-0.00125314	-0.00122262	0.00175095	-135.804
1341.9981	10.812	7.213009559999999e-11	-0.00126172	-0.00122929	0.00176144	-135.798
1345.3084	10.814	7.21434382e-11	-0.00130273	-0.00123406	0.00179387	-136.518
1348.6187	10.816	7.21567808e-11	-0.00128175	-0.00125886	0.00179387	-135.48
1352.1536	10.818	7.21701234e-11	-0.00130082	-0.00128079	0.00182439	-135.474
1355.4309	10.82	7.2183466e-11	-0.00128747	-0.0012703	0.00180722	-135.372
1358.71	10.822	7.219680859999999e-11	-0.00134183	-0.00129128	0.00186253	-136.134
1361.9888	10.824	7.22101512e-11	-0.00133038	-0.00132466	0.00187684	-135.132
1365.2684	10.826	7.22234938e-11	-0.0013733	-0.00134278	0.00191975	-135.594
1368.5463	10.828	7.22368364e-11	-0.00139333	-0.00133611	0.00193024	-136.206
1371.8418	10.83	7.2250179e-11	-0.00140477	-0.00135232	0.00194741	-135.996
1375.1355	10.832	7.22635216e-11	-0.00139809	-0.0014	0.00197698	-135.0
1378.4297	10.834	7.227686419999999e-11	-0.00140954	-0.0014	0.00198652	-135.216
1381.7416	10.836	7.229020679999999e-11	-0.0014267	-0.00141145	0.00200655	-135.282
1385.0365	10.838	7.230354939999999e-11	-0.00144673	-0.00144578	0.00204374	-134.988
1388.33	10.84	7.231689199999999e-11	-0.00144292	-0.00144292	0.00203897	-134.988
1391.6087	10.842	7.23302346e-11	-0.00145722	-0.00144387	0.00204946	-135.186
1394.8885	10.844	7.234357719999999e-11	-0.0014658	-0.00148774	0.00208761	-134.586
1398.1672	10.846	7.23569198e-11	-0.00148583	-0.00146867	0.00208761	-135.282
1401.461	10.848	7.23702624e-11	-0.00147343	-0.00150109	0.00210382	-134.424
1404.7396	10.85	7.238360499999999e-11	-0.0015173	-0.00151349	0.00214101	-135.078
1408.0183	10.852	7.23969476e-11	-0.00149632	-0.00153352	0.00214101	-134.28
1411.2977	10.854	7.241029019999999e-11	-0.00152875	-0.00154877	0.00217439	-134.652
1414.5756	10.856	7.24236328e-11	-0.00151158	-0.0015812	0.00218584	-133.716
1417.87	10.858	7.24369754e-11	-0.00154496	-0.00157452	0.00220777	-134.496
1421.1654	10.86	7.2450318e-11	-0.00155926	-0.00159074	0.00222589	-134.418
1424.46	10.862	7.24636606e-11	-0.0015812	-0.00160313	0.00224973	-134.592
1427.7387	10.864	7.247700320000001e-11	-0.00153161	-0.00160981	0.00222017	-133.53
1431.0338	10.866	7.24903458e-11	-0.00155926	-0.00165273	0.00226976	-133.296
1434.3285	10.868	7.25036884e-11	-0.0015297	-0.00164796	0.00224783	-132.834
1437.6058	10.87	7.2517031e-11	-0.00152398	-0.00162888	0.0022278	-133.086
1440.8687	10.872	7.253037359999999e-11	-0.00155545	-0.00163747	0.00225641	-133.512
1444.1646	10.874	7.25437162e-11	-0.00154591	-0.00163747	0.00225164	-133.344
1447.4422	10.876	7.255705879999999e-11	-0.00153256	-0.00167943	0.00227167	-132.336
1450.7218	10.878	7.25704014e-11	-0.00153542	-0.00165273	0.00225259	-132.9
1454.0164	10.88	7.2583744e-11	-0.00150681	-0.00166703	0.00224401	-132.072
1457.31	10.882	7.259708659999999e-11	-0.00152112	-0.00168992	0.00227167	-131.97
1460.6049	10.884	7.26104292e-11	-0.00148106	-0.00167371	0.00223447	-131.478
1463.8844	10.886	7.262377179999999e-11	-0.00148011	-0.00164605	0.00221254	-131.97
1467.1782	10.888	7.26371144e-11	-0.00145722	-0.00161935	0.00217535	-131.97
1470.4737	10.89	7.2650457e-11	-0.00143147	-0.00162698	0.00216581	-131.322
1473.768	10.892	7.26637996e-11	-0.00137807	-0.00157452	0.00209142	-131.178
1477.0468	10.894	7.26771422e-11	-0.00137044	-0.00160599	0.00210859	-130.386
1480.3247	10.896	7.26904848e-11	-0.00131131	-0.00156594	0.00204088	-129.912
1483.6042	10.898	7.27038274e-11	-0.00124455	-0.00152684	0.00196649	-129.126
1486.898	10.9	7.271717e-11	-0.00120354	-0.00150014	0.00192166	-128.748
1490.1935	10.902	7.27305126e-11	-0.0011406	-0.00145818	0.00185014	-128.064
1493.4713	10.904	7.27438552e-11	-0.00109673	-0.00142194	0.00179578	-127.704
1496.75	10.906	7.27571978e-11	-0.00104905	-0.00139809	0.00174714	-126.87
1500.0288	10.908	7.277054039999999e-11	-0.000979431	-0.00131417	0.00163747	-126.69
1503.5788	10.91	7.278388299999999e-11	-0.00089455	-0.00125027	0.00153542	-125.586
1506.8587	10.912	7.27972256e-11	-0.0007906	-0.00118066	0.00141907	-123.762
1510.1374	10.914	7.281056819999999e-11	-0.000731472	-0.00113679	0.00134946	-122.676
1513.4321	10.916	7.28239108e-11	-0.000579838	-0.00103284	0.00118256	-119.322
1516.7267	10.918	7.283725339999999e-11	-0.000490192	-0.000926021	0.00104523	-117.822
1520.0204	10.92	7.2850596e-11	-0.000385286	-0.000844005	0.000926975	-114.576
1523.2987	10.922	7.28639386e-11	-0.000236512	-0.000740055	0.000775341	-107.754
1526.5776	10.924	7.287728119999999e-11	-0.000122071	-0.00064278	0.000653271	-100.704
1529.8733	10.926	7.28906238e-11	2.57493e-05	-0.000503544	0.00050259	-87.192
1533.1678	10.928	7.29039664e-11	0.000187875	-0.000369074	0.00041485	-62.904
1536.4463	10.93	7.2917309e-11	0.000356676	-0.000206948	0.000411035	-30.264
1539.7087	10.932	7.29306516e-11	0.000548366	-5.14986e-05	0.000551227	-5.214
1542.9873	10.934	7.29439942e-11	0.000746731	0.00010109	0.000753406	7.674
1546.2824	10.936	7.29573368e-11	0.000940327	0.000309946	0.000990875	18.228
1549.5772	10.938	7.29706794e-11	0.00116444	0.000526432	0.00127984	24.258
1552.8559	10.94	7.2984022e-11	0.00141812	0.000742916	0.00160027	27.612
1556.1338	10.942	7.29973646e-11	0.00166226	0.000967029	0.00192166	30.168
1559.412	10.944	7.30107072e-11	0.00189973	0.00115681	0.00222398	31.362
1562.6917	10.946	7.302404979999999e-11	0.00214387	0.00139046	0.00255586	33.0
1565.9862	10.948	7.30373924e-11	0.00242616	0.001647	0.00293352	34.194
1569.2646	10.95	7.305073499999999e-11	0.00275327	0.00197221	0.00338651	35.61
1572.5587	10.952	7.306407759999999e-11	0.00308229	0.00225545	0.00381948	36.192
1575.8222	10.954	7.30774202e-11	0.0033312	0.00257303	0.00420955	37.674
1579.1171	10.956	7.309076279999999e-11	0.00363733	0.00284673	0.00461867	38.04
1582.4116	10.958	7.31041054e-11	0.00403884	0.00323297	0.00517276	38.67
1585.7065	10.96	7.3117448e-11	0.00440601	0.00354959	0.00565627	38.874
1588.9851	10.962	7.31307906e-11	0.0047808	0.00388242	0.00616077	39.09
1592.2631	10.964	7.31441332e-11	0.00507548	0.00421718	0.00659946	39.732
1595.5415	10.966	7.315747579999999e-11	0.00548461	0.00462726	0.00717548	40.152
1598.8369	10.968	7.31708184e-11	0.00583366	0.00496104	0.00765708	40.386
1602.1156	10.97	7.3184161e-11	0.00624755	0.0053654	0.0082379	40.65
1605.3942	10.972	7.31975036e-11	0.00663093	0.00574878	0.00877672	40.944
1608.6728	10.974	7.32108462e-11	0.00703624	0.00612357	0.00932699	41.04
1611.9506	10.976	7.322418880000001e-11	0.00743774	0.00655463	0.0099135	41.388
1615.2287	10.978	7.32375314e-11	0.00789267	0.00698283	0.0105382	41.508
1618.4913	10.98	7.325087399999999e-11	0.00831324	0.00740722	0.0111371	41.694
1621.7714	10.982	7.326421659999999e-11	0.00870138	0.00783068	0.0117064	41.994
1625.0661	10.984	7.327755919999999e-11	0.00908762	0.00820547	0.0122471	42.072
1628.36	10.986	7.32909018e-11	0.00939375	0.00848204	0.0126563	42.084
1631.6554	10.988	7.330424439999999e-11	0.00977999	0.00885874	0.0131951	42.168
1634.95	10.99	7.3317587e-11	0.0101357	0.0091992	0.0136862	42.234
1638.2448	10.992	7.33309296e-11	0.0103865	0.00946242	0.0140505	42.336
1641.5379	10.994	7.334427219999999e-11	0.0107432	0.0097447	0.0145045	42.222
1644.8494	10.996	7.33576148e-11	0.0109177	0.00998408	0.0147935	42.438
1648.16	10.998	7.337095739999999e-11	0.0111476	0.0101605	0.0150834	42.354
1651.4542	11.0	7.33843e-11	0.0113831	0.0103913	0.0154114	42.39
1654.7658	11.002	7.33976426e-11	0.0115252	0.010563	0.0156337	42.51
1658.0759	11.004	7.34109852e-11	0.011611	0.0105916	0.0157157	42.384
1661.3539	11.006	7.34243278e-11	0.0117474	0.0106898	0.0158855	42.294
1664.6341	11.008	7.343767039999999e-11	0.0117303	0.0107136	0.0158855	42.396
1667.9287	11.01	7.3451013e-11	0.0116883	0.0106125	0.0157882	42.24
1671.2233	11.012	7.34643556e-11	0.0116454	0.010542	0.015709	42.144
1674.5179	11.014	7.34776982e-11	0.0114995	0.010398	0.0155049	42.108
1677.8113	11.016	7.34910408e-11	0.0113116	0.0102234	0.0152484	42.12
1681.1073	11.018	7.35043834e-11	0.0110751	0.0100356	0.0149441	42.186
1684.6576	11.02	7.351772599999999e-11	0.0106993	0.00965124	0.0144082	42.048
1687.9524	11.022	7.35310686e-11	0.0103112	0.00928313	0.0138751	41.994
1691.2474	11.024	7.354441119999999e-11	0.00983626	0.00885493	0.0132352	41.988
1694.5416	11.026	7.355775379999999e-11	0.00932127	0.00839239	0.0125428	41.994
1697.8197	11.028	7.35710964e-11	0.00875384	0.0078364	0.0117512	41.838
1701.1314	11.03	7.358443899999999e-11	0.00805479	0.00722697	0.0108204	41.898
1704.4261	11.032	7.35977816e-11	0.0074549	0.00669006	0.0100184	41.892
1707.7028	11.034	7.36111242e-11	0.00675395	0.00613025	0.009121	42.246
1710.9987	11.036	7.36244668e-11	0.00597671	0.00544551	0.00808531	42.336
1714.2941	11.038	7.36378094e-11	0.00521091	0.00480273	0.00708774	42.654
1717.5727	11.04	7.365115199999999e-11	0.00434592	0.00410941	0.00598148	43.422
1720.8507	11.042	7.36644946e-11	0.00353242	0.00340368	0.00490478	43.956
1724.1448	11.044	7.36778372e-11	0.00275232	0.00280763	0.00393298	45.57
1727.44	11.046	7.36911798e-11	0.00183678	0.00210191	0.00279142	48.822
1730.9898	11.048	7.37045224e-11	0.0010481	0.00143338	0.00177575	53.886
1734.2858	11.05	7.371786500000001e-11	0.000243188	0.000814442	0.000850681	73.44
1737.5794	11.052	7.37312076e-11	-0.000529293	0.000181199	0.000557903	161.112
1740.8587	11.054	7.374455019999999e-11	-0.00124646	-0.000370027	0.00129987	-163.506
1744.1537	11.056	7.375789279999998e-11	-0.00187207	-0.000872616	0.00206377	-155.022
1747.4643	11.058	7.377123539999999e-11	-0.00250055	-0.00137616	0.00285532	-151.194
1750.7587	11.06	7.3784578e-11	-0.00309755	-0.00182725	0.00359632	-149.466
1754.0367	11.062	7.379792059999999e-11	-0.00356485	-0.00218011	0.00417617	-148.53
1757.3165	11.064	7.38112632e-11	-0.00393775	-0.00248243	0.00465301	-147.768
1760.6101	11.066	7.38246058e-11	-0.00426295	-0.0027609	0.00507835	-147.084
1763.8886	11.068	7.383794839999999e-11	-0.00450519	-0.00294591	0.00538161	-146.796
1767.1684	11.07	7.3851291e-11	-0.00470451	-0.00312139	0.00564483	-146.43
1770.4471	11.072	7.386463359999999e-11	-0.004715	-0.00320436	0.00569823	-145.788
1773.7257	11.074	7.38779762e-11	-0.00476649	-0.00323011	0.00575641	-145.872
1777.0044	11.076	7.38913188e-11	-0.00467113	-0.0032406	0.00568584	-145.266
1780.2831	11.078	7.39046614e-11	-0.00453857	-0.00313951	0.00551608	-145.326
1783.5612	11.08	7.3918004e-11	-0.00432876	-0.00300409	0.00526813	-145.236
1786.8387	11.082	7.39313466e-11	-0.00405791	-0.00290968	0.00499251	-144.348
1790.1344	11.084	7.39446892e-11	-0.00378229	-0.00277235	0.00468925	-143.766
1793.4136	11.086	7.39580318e-11	-0.0034342	-0.00255395	0.00427631	-143.346
1796.7077	11.088	7.39713744e-11	-0.00298406	-0.00233461	0.00378896	-141.93
1800.2587	11.09	7.398471699999999e-11	-0.00259878	-0.00207998	0.00332738	-141.318
1803.5376	11.092	7.39980596e-11	-0.0022154	-0.00188065	0.00290586	-139.716
1806.8162	11.094	7.401140219999999e-11	-0.0018015	-0.00163651	0.00243284	-137.754
1810.11	11.096	7.402474479999999e-11	-0.00137711	-0.00137807	0.00194741	-135.042
1813.3736	11.098	7.40380874e-11	-0.00102139	-0.00116063	0.00154591	-131.37
1816.6523	11.1	7.405142999999999e-11	-0.00059605	-0.000926975	0.00110245	-122.76
1819.9293	11.102	7.40647726e-11	-0.000286104	-0.00073624	0.000787739	-111.15
1823.2258	11.104	7.407811519999999e-11	-5.72208e-06	-0.000580791	0.000578884	-90.462
1826.5199	11.106	7.40914578e-11	0.000228883	-0.000394823	0.000454905	-59.754
1829.815	11.108	7.41048004e-11	0.000435831	-0.000253679	0.000503544	-30.132
1833.0928	11.11	7.411814299999999e-11	0.000623707	-0.000157357	0.000643734	-13.962
1836.3724	11.112	7.41314856e-11	0.000710491	-5.9128e-05	0.000712398	-4.824
1839.6501	11.114	7.41448282e-11	0.0007906	1.04905e-05	0.000788692	0.726
1842.9278	11.116	7.41581708e-11	0.000807766	4.38693e-05	0.000809673	3.066
1846.224	11.118	7.41715134e-11	0.00080109	7.1526e-05	0.000804905	5.082
1849.5031	11.12	7.4184856e-11	0.000703815	0.000103951	0.000711445	8.52
1852.7971	11.122	7.41981986e-11	0.000639919	0.000103951	0.00065041	9.204
1856.0756	11.124	7.42115412e-11	0.000580791	9.25069e-05	0.000589374	8.832
1859.3553	11.126	7.42248838e-11	0.000447275	4.19619e-05	0.000449182	5.262
1862.889	11.128	7.423822639999999e-11	0.000319483	3.33788e-05	0.000322344	6.276
1866.1685	11.13	7.4251569e-11	0.000156404	-6.67575e-06	0.000156404	-2.184
1869.4471	11.132	7.426491159999999e-11	-5.72208e-06	3.81473e-06	6.67575e-06	135.0
1872.7261	11.134	7.42782542e-11	-9.15532e-05	-4.86376e-05	0.000102997	-152.274
1876.0048	11.136	7.429159679999999e-11	-0.000200273	-3.14715e-05	0.00020218	-171.096
1879.3155	11.138	7.430493939999999e-11	-0.000294687	-6.48503e-05	0.000298502	-167.664
1882.6087	11.1405	7.432161764999999e-11	-0.000392916	-6.10356e-05	0.000394823	-171.24
1885.8882	11.142	7.433162459999999e-11	-0.000429155	-5.9128e-05	0.000432016	-172.032
1889.1834	11.144	7.43449672e-11	-0.000431063	-6.67575e-06	0.000427248	-179.016
1892.4781	11.146	7.43583098e-11	-0.000456812	2.19346e-05	0.000457766	177.414
1895.7727	11.148	7.43716524e-11	-0.000434877	4.57766e-05	0.000436785	174.048
1899.0506	11.15	7.4384995e-11	-0.000374796	7.05724e-05	0.000380518	169.122
1902.3287	11.152	7.439833759999999e-11	-0.0003109	0.000108719	0.000328066	160.794
1905.6086	11.154	7.44116802e-11	-0.000237466	0.000169755	0.000291826	144.54
1908.9031	11.156	7.44250228e-11	-0.000177384	0.000190736	0.000261309	133.038
1912.1967	11.158	7.44383654e-11	-8.20165e-05	0.000265123	0.000276567	106.512
1915.4924	11.16	7.4451708e-11	2.9564e-05	0.000313761	0.000314714	84.42
1918.7703	11.162	7.44650506e-11	0.000153542	0.000327112	0.000361444	64.902
1922.0658	11.164	7.447839319999999e-11	0.000241281	0.000356676	0.000430109	56.112
1925.344	11.166	7.449173579999999e-11	0.000308039	0.00037575	0.000486376	50.664
1928.623	11.168	7.450507839999999e-11	0.000402452	0.000393869	0.000563625	44.328
1932.1734	11.17	7.451842099999999e-11	0.000434877	0.000417711	0.000601772	43.878
1935.4512	11.172	7.45317636e-11	0.000477793	0.000390055	0.000617031	39.21
1938.73	11.174	7.454510619999999e-11	0.000489239	0.000350954	0.000601772	35.592
1942.0087	11.176	7.45584488e-11	0.000501636	0.000316622	0.000593189	32.19
1945.2881	11.178	7.45717914e-11	0.000445368	0.000296595	0.000535015	33.87
1949.1095	11.18	7.458513399999999e-11	0.000425341	0.00025654	0.000495914	31.122
1952.4039	11.182	7.45984766e-11	0.000343325	0.000163079	0.000382425	25.41
1955.6987	11.184	7.461181919999999e-11	0.000271799	0.000134469	0.00030327	26.226
1958.9785	11.186	7.46251618e-11	0.000177384	5.53133e-05	0.000183106	17.778
1962.2567	11.188	7.46385044e-11	2.3842e-05	-2.6703e-05	3.52862e-05	-47.292
1965.5359	11.19	7.4651847e-11	-7.82018e-05	-7.53407e-05	0.000107766	-136.242
1968.8134	11.192	7.46651896e-11	-0.000185967	-0.000139237	0.000231744	-142.998
1972.0932	11.194	7.467853220000001e-11	-0.000299456	-0.0002203	0.000369074	-143.73
1975.3718	11.196	7.46918748e-11	-0.000407221	-0.000255587	0.000480654	-147.894
1978.6487	11.198	7.47052174e-11	-0.000517849	-0.000288965	0.000592235	-150.864
1981.9451	11.2	7.471856e-11	-0.000578884	-0.000330927	0.000667576	-150.438
1985.2387	11.202	7.473190259999999e-11	-0.000667576	-0.00035	0.000752453	-152.28
1988.5345	11.204	7.47452452e-11	-0.000723843	-0.000360491	0.000807766	-153.564
1991.8284	11.206	7.475858779999999e-11	-0.00077248	-0.000359537	0.000849728	-155.16
1995.1387	11.208	7.47719304e-11	-0.000777248	-0.000350954	0.000854496	-155.67
1998.4499	11.21	7.4785273e-11	-0.000783924	-0.000341417	0.000852589	-156.462
2001.7287	11.212	7.479861559999999e-11	-0.000746731	-0.000308039	0.000804905	-157.644
2005.0077	11.214	7.48119582e-11	-0.000733379	-0.000250818	0.000774387	-161.1
2008.286	11.216	7.482530079999999e-11	-0.000654224	-0.000235558	0.000696186	-160.212
2011.5651	11.218	7.48386434e-11	-0.000561718	-0.000169755	0.000586513	-163.152
2014.843	11.22	7.4851986e-11	-0.000476839	-0.000124932	0.000493053	-165.402
2018.1224	11.222	7.48653286e-11	-0.000423433	-6.67577e-05	0.000430109	-170.844
2021.4172	11.224	7.48786712e-11	-0.000301363	-4.86376e-05	0.000304224	-170.58
2024.6959	11.226	7.48920138e-11	-0.000221253	-1.33515e-05	0.0002203	-176.346
2027.99	11.228	7.49053564e-11	-0.000120163	2.57493e-05	0.000124932	167.796
2031.2852	11.23	7.4918699e-11	-3.62399e-05	6.19893e-05	7.1526e-05	120.144
2034.5787	11.232	7.49320416e-11	-9.5368e-06	6.5804e-05	6.5804e-05	98.532
2037.8566	11.234	7.49453842e-11	8.58312e-05	4.38693e-05	9.72752e-05	27.612
2041.1523	11.236	7.49587268e-11	0.000122071	7.72481e-05	0.000144959	32.31
2044.4471	11.238	7.497206939999999e-11	0.000125886	5.43597e-05	0.000138284	23.628
2047.7253	11.24	7.498541199999999e-11	0.000164033	2.3842e-05	0.000166894	8.262
2051.02	11.242	7.49987546e-11	0.000131608	-8.58313e-06	0.000133515	-3.402
2054.3153	11.244	7.501209719999999e-11	0.000107766	-6.2943e-05	0.000123025	-30.054
2057.5943	11.246	7.50254398e-11	2.3842e-05	-0.000117302	0.00011921	-76.884
2060.8731	11.248	7.503878239999999e-11	-3.62399e-05	-0.000208856	0.000209809	-100.062
2064.4227	11.25	7.5052125e-11	-0.000151635	-0.000294687	0.000330927	-117.234
2067.7022	11.252	7.50654676e-11	-0.000229836	-0.000362398	0.000429155	-122.508
2070.98	11.254	7.507881019999999e-11	-0.000341417	-0.000445368	0.000558857	-127.488
2074.2587	11.256	7.50921528e-11	-0.000472071	-0.000534061	0.000712398	-131.4
2077.5382	11.258	7.510549539999999e-11	-0.000594143	-0.000602726	0.000844959	-134.52
2080.8169	11.26	7.5118838e-11	-0.000709537	-0.000691418	0.000988014	-135.738
2084.1114	11.262	7.51321806e-11	-0.000848774	-0.000777248	0.00114919	-137.466
2087.39	11.264	7.51455232e-11	-0.000949863	-0.000828747	0.0012579	-138.846
2090.6675	11.266	7.51588658e-11	-0.00101472	-0.000883106	0.00134373	-139.038
2093.946	11.268	7.51722084e-11	-0.00111295	-0.00088406	0.00142194	-141.54
2097.2252	11.27	7.5185551e-11	-0.00121976	-0.0009594	0.00155164	-141.852
2100.5048	11.272	7.51988936e-11	-0.00126649	-0.000970844	0.0015955	-142.53
2103.7986	11.274	7.52122362e-11	-0.00130559	-0.000967983	0.00162316	-143.412
2107.1087	11.276	7.522557879999999e-11	-0.00132561	-0.000979431	0.001647	-143.526
2110.42	11.278	7.52389214e-11	-0.0013094	-0.000970844	0.00163079	-143.52
2113.6987	11.28	7.525226399999999e-11	-0.00131894	-0.000938419	0.00161744	-144.594
2116.9779	11.282	7.526560659999999e-11	-0.00125123	-0.00094128	0.00156499	-143.094
2120.2554	11.284	7.52789492e-11	-0.00123978	-0.000862125	0.00150777	-145.242
2123.5345	11.286	7.529229179999999e-11	-0.00118447	-0.000820164	0.0014391	-145.356
2126.8287	11.288	7.53056344e-11	-0.00111295	-0.000784878	0.00135995	-144.816
2130.1072	11.29	7.531897699999999e-11	-0.000983246	-0.000712398	0.00121308	-144.162
2133.3874	11.292	7.53323196e-11	-0.000896458	-0.000617985	0.0010891	-145.464
2136.6811	11.294	7.53456622e-11	-0.000793461	-0.000560764	0.000971798	-144.738
2139.9754	11.296	7.535900479999999e-11	-0.00071812	-0.000473978	0.000859264	-146.544
2143.2545	11.298	7.53723474e-11	-0.000600819	-0.000431063	0.000738148	-144.258
2146.5339	11.3	7.538569e-11	-0.000462534	-0.000317575	0.000559811	-145.572
2149.8126	11.302	7.53990326e-11	-0.000341417	-0.000226975	0.000409128	-146.31
2153.1071	11.304	7.54123752e-11	-0.00026417	-0.00018406	0.000323297	-145.296
2156.3858	11.306	7.54257178e-11	-0.000144959	-0.00013733	0.000199319	-136.632
2159.6637	11.308	7.54390604e-11	-5.81744e-05	-8.67848e-05	0.00010109	-122.646
2162.9432	11.31	7.545240299999999e-11	2.9564e-05	-3.81473e-06	2.86103e-05	-5.316
2166.2378	11.312	7.546574559999999e-11	7.34334e-05	2.76567e-05	7.91554e-05	20.388
2169.5165	11.314	7.547908819999999e-11	0.000133515	6.67577e-05	0.000150681	26.226
2172.7952	11.316	7.54924308e-11	0.000195504	0.000156404	0.000249865	38.088
2176.0739	11.318	7.550577339999999e-11	0.00025654	0.000141145	0.000291826	28.968
2179.4	11.32	7.5519116e-11	0.000280382	0.000180245	0.000333788	32.868
2182.6953	11.322	7.553245859999999e-11	0.000272753	0.000229836	0.000355722	40.134
2186.0059	11.324	7.554580119999999e-11	0.000323297	0.000205041	0.000382425	32.31
2189.3165	11.326	7.55591438e-11	0.000329973	0.000221253	0.00039673	33.768
2192.6271	11.328	7.557248639999999e-11	0.000314714	0.000211717	0.000380518	34.302
2196.1937	11.33	7.5585829e-11	0.00030327	0.000217439	0.000372889	35.826
2199.4723	11.332	7.55991716e-11	0.000276567	0.000198365	0.000340464	35.772
2202.767	11.334	7.56125142e-11	0.000280382	0.000183106	0.000333788	33.372
2206.061	11.336	7.56258568e-11	0.000254633	0.000133515	0.000286104	27.876
2209.3561	11.338	7.563919939999999e-11	0.000168801	0.00011921	0.000205041	35.346
2212.65	11.34	7.5652542e-11	0.000114441	8.29701e-05	0.000142098	34.95
2215.9287	11.342	7.56658846e-11	0.000105858	6.67575e-06	0.000104905	3.624
2219.2082	11.344	7.56792272e-11	4.10082e-05	-1.04905e-05	4.19619e-05	-11.844
2222.4868	11.346	7.56925698e-11	-3.62399e-05	-4.95913e-05	5.9128e-05	-127.128
2225.7643	11.348	7.57059124e-11	-0.000100136	-8.20165e-05	0.000128747	-140.46
2229.0593	11.35	7.571925499999999e-11	-0.000182153	-0.000142098	0.000229836	-142.302
2232.3383	11.352	7.57325976e-11	-0.000257494	-0.000215531	0.000334742	-140.484
2235.6334	11.354	7.574594019999999e-11	-0.000346186	-0.000263216	0.000433924	-142.848
2238.928	11.356	7.575928279999999e-11	-0.000400545	-0.000328066	0.000515942	-140.61
2242.2063	11.358	7.57726254e-11	-0.000477793	-0.000373842	0.000604633	-141.99
2245.4853	11.36	7.578596799999999e-11	-0.000592235	-0.000434877	0.000733379	-143.754
2248.7633	11.362	7.57993106e-11	-0.000668529	-0.000493053	0.000831608	-143.622
2252.0585	11.364	7.58126532e-11	-0.000699047	-0.000536922	0.000880245	-142.476
2255.3373	11.366	7.58259958e-11	-0.000774387	-0.000572208	0.000961307	-143.574
2258.6316	11.368	7.58393384e-11	-0.000822071	-0.000602726	0.00101853	-143.826
2261.9264	11.37	7.585268099999999e-11	-0.000892643	-0.000649456	0.00110245	-143.982
2265.22	11.372	7.58660236e-11	-0.000922207	-0.00067902	0.00114442	-143.568
2268.5156	11.374	7.58793662e-11	-0.000952724	-0.000705723	0.00118542	-143.472
2271.81	11.376	7.58927088e-11	-0.000988014	-0.000700954	0.00120831	-144.66
2275.0887	11.378	7.59060514e-11	-0.000984199	-0.000714306	0.00121499	-144.012
2278.3664	11.38	7.591939400000001e-11	-0.000984199	-0.000703815	0.00120831	-144.48
2281.6463	11.382	7.59327366e-11	-0.00099469	-0.000733379	0.00123311	-143.55
2284.9249	11.384	7.594607919999999e-11	-0.000974659	-0.000693325	0.00119496	-144.57
2288.2026	11.386	7.595942179999998e-11	-0.00091267	-0.000676159	0.00113488	-143.454
2291.4816	11.388	7.597276439999999e-11	-0.000881199	-0.000638012	0.0010872	-144.096
2294.7764	11.39	7.5986107e-11	-0.000844005	-0.000637058	0.00105668	-142.914
2298.0717	11.392	7.599944959999999e-11	-0.000762943	-0.00058556	0.000960354	-142.524
2301.3663	11.394	7.60127922e-11	-0.000738148	-0.000539783	0.000915531	-143.904
2304.66	11.396	7.60261348e-11	-0.000677112	-0.000532154	0.000859264	-141.744
2307.9555	11.398	7.603947739999999e-11	-0.000580791	-0.000473978	0.000749592	-140.766
2311.2331	11.4	7.605282e-11	-0.000525478	-0.000459673	0.000696186	-138.648
2314.5127	11.402	7.606616259999999e-11	-0.000455858	-0.00041485	0.000615124	-137.586
2317.8074	11.404	7.60795052e-11	-0.00040436	-0.000391962	0.000561718	-136.008
2321.118	11.406	7.60928478e-11	-0.000325205	-0.000356676	0.000480654	-132.078
2324.4287	11.408	7.61061904e-11	-0.000286104	-0.000331881	0.000435831	-130.602
2327.9953	11.41	7.6119533e-11	-0.000235558	-0.000308039	0.000387194	-127.536
2331.2739	11.412	7.61328756e-11	-0.000195504	-0.000276567	0.000336649	-125.166
2334.5516	11.414	7.61462182e-11	-0.000210763	-0.000247004	0.000323297	-130.65
2337.8301	11.416	7.61595608e-11	-0.000193597	-0.000266077	0.00032902	-125.94
2341.1258	11.418	7.61729034e-11	-0.000151635	-0.000249865	0.000290873	-121.326
2344.42	11.42	7.6186246e-11	-0.000182153	-0.000248911	0.000306131	-125.796
2347.7151	11.422	7.61995886e-11	-0.000195504	-0.000265123	0.000328066	-126.426
2350.9938	11.424	7.621293119999999e-11	-0.000192643	-0.000277521	0.000336649	-125.196
2354.2884	11.426	7.622627379999999e-11	-0.000224114	-0.000298502	0.000372889	-127.134
2357.5829	11.428	7.62396164e-11	-0.000251772	-0.00029278	0.000383379	-130.71
2360.8617	11.43	7.625295899999999e-11	-0.000277521	-0.000317575	0.000420572	-131.28
2364.1723	11.432	7.62663016e-11	-0.00029278	-0.0003109	0.000425341	-133.476
2367.4662	11.434	7.627964419999999e-11	-0.000370981	-0.000337603	0.00050259	-137.73
2370.7611	11.436	7.62929868e-11	-0.00036812	-0.000351908	0.000509266	-136.38
2374.0561	11.438	7.63063294e-11	-0.000391008	-0.000341417	0.000517849	-138.912
2377.6067	11.44	7.631967199999999e-11	-0.000441553	-0.000349047	0.000560764	-141.756
2380.8854	11.442	7.63330146e-11	-0.000438692	-0.000346186	0.000558857	-141.63
2384.18	11.444	7.63463572e-11	-0.000454905	-0.000356676	0.00057793	-142.11
2387.4748	11.446	7.63596998e-11	-0.000475885	-0.00035763	0.000593189	-143.13
2390.7534	11.448	7.63730424e-11	-0.000465395	-0.000328066	0.000568394	-144.84
2394.0479	11.45	7.6386385e-11	-0.000441553	-0.00032139	0.000546459	-144.066
2397.3407	11.452	7.63997276e-11	-0.000440599	-0.000316622	0.000541691	-144.342
2400.62	11.454	7.64130702e-11	-0.000452043	-0.000263216	0.000522617	-149.736
2403.9152	11.456	7.64264128e-11	-0.000407221	-0.000275614	0.000490192	-145.902
2407.2099	11.458	7.643975539999999e-11	-0.000381472	-0.000247004	0.000452997	-147.06
2410.4887	11.46	7.6453098e-11	-0.000334742	-0.000224114	0.000401499	-146.154
2413.7839	11.462	7.646644059999999e-11	-0.000298502	-0.000190736	0.000353815	-147.204
2417.0774	11.464	7.64797832e-11	-0.000250818	-0.000176431	0.000305178	-145.128
2420.3722	11.466	7.649312579999999e-11	-0.0002203	-0.000150681	0.000265123	-145.434
2423.6511	11.468	7.650646839999999e-11	-0.000167848	-0.000113488	0.000201226	-146.046
2426.9299	11.47	7.6519811e-11	-0.000133515	-8.58312e-05	0.000157357	-147.048
2430.2086	11.472	7.653315359999999e-11	-0.000104905	-8.20165e-05	0.000132562	-141.924
2433.4879	11.474	7.65464962e-11	-8.01091e-05	-5.72207e-05	9.82289e-05	-144.816
2436.7664	11.476	7.65598388e-11	-5.6267e-05	-4.57766e-05	7.05724e-05	-140.334
2440.0452	11.478	7.65731814e-11	-6.67575e-06	-8.58313e-06	9.5368e-06	-118.302
2443.3223	11.48	7.6586524e-11	-2.6703e-05	-4.10082e-05	4.86376e-05	-121.506
2446.6026	11.482	7.659986659999999e-11	2.19346e-05	-4.00546e-05	4.38693e-05	-62.244
2449.8962	11.484	7.66132092e-11	2.28883e-05	-3.43325e-05	4.00546e-05	-57.096
2453.1751	11.486	7.66265518e-11	8.58313e-06	-6.00817e-05	5.9128e-05	-81.402
2456.4545	11.488	7.66398944e-11	-1.43052e-05	-5.81744e-05	5.9128e-05	-103.422
2459.7487	11.49	7.6653237e-11	-2.28883e-05	-7.34334e-05	7.53407e-05	-106.842
2463.0438	11.492	7.666657960000001e-11	-6.2943e-05	-6.96187e-05	9.25069e-05	-131.496
2466.3223	11.494	7.66799222e-11	-8.39238e-05	-0.000104905	0.000131608	-127.446
2469.6	11.496	7.669326479999999e-11	-0.000113488	-0.000131608	0.000172616	-130.962
2472.8957	11.498	7.670660739999999e-11	-0.00014782	-0.000163079	0.000219346	-132.672
2476.19	11.5	7.671994999999999e-11	-0.000190736	-0.00014782	0.000240327	-141.96
2479.4843	11.502	7.67332926e-11	-0.000240327	-0.000236512	0.000335695	-135.324
2482.7787	11.504	7.674663519999999e-11	-0.000279428	-0.000239373	0.000366213	-139.566
2486.0574	11.506	7.67599778e-11	-0.000290873	-0.000275614	0.000399591	-136.488
2489.353	11.508	7.677332039999999e-11	-0.000355722	-0.000295641	0.000462534	-140.322
2492.6477	11.51	7.6786663e-11	-0.000405313	-0.000360491	0.000541691	-138.282
2495.9415	11.512	7.68000056e-11	-0.00042248	-0.00037575	0.000564579	-138.492
2499.22	11.514	7.681334819999999e-11	-0.000429155	-0.000383379	0.000574116	-138.294
2502.4987	11.516	7.68266908e-11	-0.0004921	-0.000418665	0.000644688	-139.53
2505.7779	11.518	7.68400334e-11	-0.000511173	-0.000437738	0.00067139	-139.35
2509.057	11.52	7.6853376e-11	-0.00053883	-0.000485422	0.000724796	-137.976
2512.3357	11.522	7.68667186e-11	-0.000571255	-0.000500683	0.000757221	-138.708
2515.63	11.524	7.68800612e-11	-0.000597004	-0.000494007	0.00077248	-140.22
2518.9251	11.526	7.68934038e-11	-0.000609402	-0.000516895	0.000796322	-139.62
2522.2187	11.528	7.69067464e-11	-0.000637058	-0.000569347	0.000852589	-138.072
2525.5137	11.53	7.6920089e-11	-0.000640873	-0.000602726	0.000877384	-136.722
2528.8087	11.532	7.693343159999999e-11	-0.000646595	-0.00061417	0.000889782	-136.488
2532.1037	11.534	7.69467742e-11	-0.000654224	-0.000592235	0.000883106	-138.24
2535.3823	11.536	7.696011679999999e-11	-0.000728611	-0.000645641	0.000971798	-138.498
2538.6771	11.538	7.69734594e-11	-0.000722889	-0.000636104	0.000963215	-138.672
2541.9716	11.54	7.698680199999999e-11	-0.000721935	-0.000651363	0.000969891	-138.036
2545.2495	11.542	7.700014459999999e-11	-0.000720028	-0.000667576	0.000978477	-137.262
2548.5273	11.544	7.70134872e-11	-0.000756267	-0.00064278	0.00099469	-139.746
2551.8077	11.546	7.702682979999999e-11	-0.000709537	-0.000658039	0.000963215	-137.412
2555.0864	11.548	7.70401724e-11	-0.000712398	-0.000675205	0.000978477	-136.77
2558.365	11.55	7.7053515e-11	-0.000747684	-0.000644688	0.000990875	-139.134
2561.6587	11.552	7.70668576e-11	-0.000673298	-0.000594143	0.000905041	-139.314
2565.2097	11.554	7.70802002e-11	-0.000780109	-0.000683788	0.00103188	-137.958
2568.5049	11.556	7.709354279999999e-11	-0.000727657	-0.000478746	0.000883106	-147.336
2571.7987	11.558	7.71068854e-11	-0.000799183	-0.000388147	0.000898365	-154.188
2575.0943	11.56	7.7120228e-11	-0.000572208	-0.000830654	0.00100518	-124.302
2578.3878	11.562	7.71335706e-11	-0.00080872	-0.000662807	0.00104714	-141.288
2581.6836	11.564	7.71469132e-11	-0.000597958	-0.000658993	0.000897411	-133.23
2584.9776	11.566	7.716025580000001e-11	-0.000530247	-0.000394823	0.000654224	-142.344
2588.2717	11.568	7.71735984e-11	-0.000426294	-0.000391008	0.000581745	-136.926
2591.5668	11.57	7.718694099999999e-11	-0.000393869	-0.000342371	0.000523571	-138.594
2594.8464	11.572	7.720028359999999e-11	-0.000393869	-0.000286104	0.000481607	-143.862
2598.14	11.574	7.721362619999999e-11	-0.000312807	-0.000257494	0.00040436	-139.992
2601.4186	11.576	7.72269688e-11	-0.000215531	-0.000197412	0.000293734	-137.01
2604.6982	11.578	7.724031139999999e-11	-0.00017357	-0.000141145	0.0002203	-140.526
2607.9928	11.58	7.7253654e-11	-0.000117302	-0.000112534	0.000163079	-136.794
2611.2874	11.582	7.72669966e-11	-1.62126e-05	-3.91009e-05	4.00546e-05	-111.804
2614.5661	11.584	7.728033919999999e-11	4.48229e-05	-3.81473e-06	4.57766e-05	-5.874
2617.8592	11.586	7.72936818e-11	8.10628e-05	7.1526e-05	0.000107766	41.514
2621.1552	11.588	7.730702439999999e-11	0.000153542	0.000100136	0.000185967	33.24
2624.4659	11.59	7.7320367e-11	0.000211717	0.000129701	0.000247957	31.596
2627.7437	11.592	7.73337096e-11	0.000235558	0.000144006	0.000276567	31.272
2631.0231	11.594	7.73470522e-11	0.000276567	0.000170709	0.000323297	31.794
2634.3177	11.596	7.73603948e-11	0.000313761	0.000189782	0.000365259	31.482
2637.5947	11.598	7.73737374e-11	0.000355722	0.000211717	0.000413897	30.978
2640.8751	11.6	7.738708e-11	0.000347139	0.000228883	0.000415804	33.03
2644.1538	11.602	7.74004226e-11	0.000347139	0.000213624	0.000411035	31.428
2647.4484	11.604	7.74137652e-11	0.000322344	0.000179292	0.00036812	29.022
2650.7431	11.606	7.742710779999999e-11	0.000335695	0.000161172	0.000371935	25.83
2654.0377	11.608	7.74404504e-11	0.000318529	0.000115395	0.000338556	20.256
2657.5882	11.61	7.745379299999999e-11	0.000266077	0.000120163	0.000289919	24.684
2660.8828	11.612	7.746713559999999e-11	0.000209809	5.43597e-05	0.000215531	14.292
2664.1605	11.614	7.74804782e-11	0.000189782	5.72207e-05	0.000197412	16.902
2667.4387	11.616	7.749382079999999e-11	0.000117302	-2.86104e-06	0.000117302	-1.638
2670.7187	11.618	7.75071634e-11	2.86103e-05	-6.10356e-05	6.67577e-05	-63.438
2674.0287	11.62	7.752050599999999e-11	-4.48229e-05	-0.000104905	0.000112534	-113.286
2677.3243	11.622	7.75338486e-11	-0.000123979	-0.000164033	0.000205041	-126.834
2680.6187	11.624	7.75471912e-11	-0.00021267	-0.000199319	0.000289919	-136.86
2683.8975	11.626	7.756053379999999e-11	-0.000272753	-0.000281336	0.000391962	-133.896
2687.1922	11.628	7.75738764e-11	-0.000330927	-0.000318529	0.000456812	-135.942
2690.4869	11.63	7.7587219e-11	-0.000429155	-0.000377657	0.000571255	-138.69
2693.7657	11.632	7.76005616e-11	-0.000475885	-0.000392916	0.000615124	-140.49
2697.0443	11.634	7.76139042e-11	-0.000498775	-0.000438692	0.000661854	-138.546
2700.3388	11.636	7.76272468e-11	-0.000575069	-0.00046921	0.000741009	-140.946
2703.6162	11.638	7.76405894e-11	-0.000611309	-0.000493053	0.000785831	-141.12
2706.8796	11.64	7.7653932e-11	-0.000667576	-0.000526432	0.00084782	-141.636
2710.1587	11.642	7.76672746e-11	-0.000661854	-0.000508312	0.000833515	-142.398
2713.4375	11.644	7.768061719999999e-11	-0.000691418	-0.000503544	0.000854496	-143.79
2716.7149	11.646	7.76939598e-11	-0.000679974	-0.000541691	0.000869755	-141.498
2720.2669	11.648	7.770730239999999e-11	-0.000698093	-0.000512127	0.00086594	-143.838
2723.5454	11.65	7.7720645e-11	-0.0006609	-0.000493053	0.000823025	-143.16
2726.8238	11.652	7.773398759999999e-11	-0.000617031	-0.000476839	0.000779156	-142.356
2730.1187	11.654	7.774733019999999e-11	-0.00057793	-0.000452043	0.000732426	-141.984
2733.4135	11.656	7.77606728e-11	-0.00053883	-0.000431063	0.00068951	-141.426
2736.7081	11.658	7.777401539999999e-11	-0.000510219	-0.000377657	0.000633243	-143.382
2740.0016	11.66	7.7787358e-11	-0.000452043	-0.000330927	0.000559811	-143.85
2743.2973	11.662	7.78007006e-11	-0.000411989	-0.000308039	0.000512127	-143.19
2746.5911	11.664	7.78140432e-11	-0.00032139	-0.000259401	0.000411989	-141.096
2749.87	11.666	7.78273858e-11	-0.000258448	-0.000242234	0.000353815	-137.142
2753.1487	11.668	7.784072839999999e-11	-0.000179292	-0.000148774	0.000231744	-140.388
2756.6987	11.67	7.7854071e-11	-8.48775e-05	-9.15532e-05	0.000124932	-132.21
2759.9926	11.672	7.78674136e-11	-3.33788e-05	-6.5804e-05	7.24797e-05	-115.626
2763.2723	11.674	7.78807562e-11	4.57766e-05	1.71663e-05	4.95913e-05	21.09
2766.5518	11.676	7.78940988e-11	0.000107766	3.24252e-05	0.000112534	18.222
2769.8465	11.678	7.79074414e-11	0.00014782	6.5804e-05	0.000161172	23.82
2773.1243	11.68	7.792078399999999e-11	0.000232697	0.000120163	0.000262262	27.672
2776.4187	11.682	7.79341266e-11	0.000270845	0.000153542	0.000311853	29.58
2779.6984	11.684	7.794746919999999e-11	0.000306131	0.000167848	0.000349047	28.512
2782.9761	11.686	7.796081179999999e-11	0.000342371	0.000163079	0.000380518	25.398
2786.2716	11.688	7.79741544e-11	0.000338556	0.000204087	0.00039673	30.918
2789.8219	11.69	7.798749699999999e-11	0.000387194	0.000170709	0.000424387	23.634
2793.1167	11.692	7.80008396e-11	0.000398638	0.000205041	0.000449182	27.36
2796.4099	11.694	7.80141822e-11	0.000397684	0.000219346	0.000455858	28.884
2799.6883	11.696	7.80275248e-11	0.000373842	0.000203134	0.000426294	28.488
2802.9847	11.698	7.80408674e-11	0.000333788	0.00021267	0.000393869	32.778
2806.2787	11.7	7.805420999999999e-11	0.000298502	0.000176431	0.000347139	30.852
2809.5741	11.702	7.80675526e-11	0.000296595	0.000133515	0.000325205	24.15
2812.8527	11.704	7.80808952e-11	0.000250818	0.000123979	0.000278475	26.196
2816.1314	11.706	7.80942378e-11	0.000243188	0.000138284	0.000280382	29.61
2819.425	11.708	7.81075804e-11	0.000192643	7.53407e-05	0.000205995	21.666
2822.7047	11.71	7.812092300000001e-11	0.000120163	4.38693e-05	0.000127793	20.136
2825.9831	11.712	7.81342656e-11	7.82018e-05	2.9564e-05	8.39238e-05	20.874
2829.2779	11.714	7.81476082e-11	1.04905e-05	-1.43052e-05	1.71663e-05	-49.398
2832.5568	11.716	7.81609508e-11	-3.43325e-05	-2.57493e-05	4.00546e-05	-141.792
2835.8347	11.718	7.817429339999999e-11	-8.86922e-05	-9.34605e-05	0.000125886	-133.29
2839.1129	11.72	7.8187636e-11	-0.000128747	-7.1526e-05	0.000144959	-150.972
2842.4078	11.722	7.820097859999999e-11	-0.000154496	-0.000146867	0.000209809	-136.29
2845.7032	11.724	7.82143212e-11	-0.00021267	-0.000160218	0.000266077	-143.304
2848.9977	11.726	7.82276638e-11	-0.000242234	-0.000174523	0.000297548	-144.18
2852.3085	11.728	7.824100639999999e-11	-0.000259401	-0.000157357	0.00030327	-148.818
2855.6187	11.73	7.8254349e-11	-0.000299456	-0.000169755	0.000343325	-150.312
2858.8963	11.732	7.826769159999999e-11	-0.000277521	-0.000196458	0.000338556	-144.684
2862.4476	11.734	7.82810342e-11	-0.000299456	-0.000215531	0.000369074	-144.138
2865.7423	11.736	7.82943768e-11	-0.000278475	-0.000216485	0.000350954	-142.326
2869.0217	11.738	7.83077194e-11	-0.000291826	-0.000195504	0.000349047	-146.52
2872.5709	11.74	7.8321062e-11	-0.00028515	-0.000222207	0.000360491	-141.834
2875.8667	11.742	7.83344046e-11	-0.000260355	-0.000190736	0.000322344	-143.91
2879.1457	11.744	7.83477472e-11	-0.000232697	-0.000177384	0.000293734	-143.106
2882.44	11.746	7.83610898e-11	-0.000231744	-0.000166894	0.000284197	-144.258
2885.7187	11.748	7.83744324e-11	-0.000203134	-0.000175477	0.000267984	-139.134
2888.9976	11.75	7.8387775e-11	-0.000170709	-0.000146867	0.000224114	-139.326
2892.2919	11.752	7.84011176e-11	-0.000159265	-0.000161172	0.000224114	-134.28
2895.5692	11.754	7.841446019999999e-11	-0.00013733	-0.000162126	0.000211717	-130.038
2898.8486	11.756	7.842780279999999e-11	-0.000123979	-0.000153542	0.000195504	-128.934
2902.1422	11.758	7.844114539999999e-11	-0.000102044	-0.000136376	0.000168801	-127.182
2905.4387	11.76	7.845448799999999e-11	-9.53679e-05	-0.000133515	0.000163079	-125.838
2908.7336	11.762	7.84678306e-11	-9.34605e-05	-0.000157357	0.000182153	-120.678
2912.0274	11.764	7.848117319999999e-11	-8.67848e-05	-0.000157357	0.000178338	-118.374
2915.3069	11.766	7.84945158e-11	-9.63216e-05	-0.000153542	0.000181199	-122.634
2918.6006	11.768	7.85078584e-11	-0.000121117	-0.000188828	0.000224114	-122.886
2922.152	11.77	7.852120099999999e-11	-0.000160218	-0.000200273	0.000255587	-128.244
2925.43	11.772	7.85345436e-11	-0.000104905	-0.000182153	0.000208856	-119.586
2928.7087	11.774	7.854788619999999e-11	-0.000140191	-0.000199319	0.000241281	-124.212
2931.988	11.776	7.85612288e-11	-0.000150681	-0.000182153	0.000235558	-129.618
2935.2665	11.778	7.85745714e-11	-0.000170709	-0.000224114	0.000283243	-127.164
2938.544	11.78	7.8587914e-11	-0.000205995	-0.000261309	0.000329973	-128.118
2941.8387	11.782	7.86012566e-11	-0.000237466	-0.00025654	0.000349047	-132.912
2945.1343	11.784	7.86145992e-11	-0.00023079	-0.00026417	0.000349047	-131.136
2948.4131	11.786	7.86279418e-11	-0.00025654	-0.000291826	0.000387194	-131.454
2951.6917	11.788	7.86412844e-11	-0.000278475	-0.000284197	0.000397684	-134.592
2954.97	11.79	7.865462699999998e-11	-0.00029278	-0.000279428	0.000405313	-136.728
2958.2487	11.792	7.866796959999999e-11	-0.00029278	-0.00030327	0.000420572	-134.232
2961.5428	11.794	7.86813122e-11	-0.000297548	-0.000288012	0.000411989	-135.588
2964.8386	11.796	7.869465479999999e-11	-0.000334742	-0.000279428	0.000436785	-140.004
2968.117	11.798	7.870799739999999e-11	-0.000329973	-0.000290873	0.000440599	-138.678
2971.4117	11.8	7.872134e-11	-0.000319483	-0.00027466	0.000418665	-139.32
2974.6901	11.802	7.873468259999999e-11	-0.000327112	-0.000279428	0.000427248	-139.056
2977.9852	11.804	7.87480252e-11	-0.00029278	-0.000283243	0.000406267	-136.128
2981.2634	11.806	7.876136779999999e-11	-0.000295641	-0.000289919	0.000411989	-135.39
2984.5586	11.808	7.87747104e-11	-0.000253679	-0.000265123	0.000365259	-133.524
2987.8367	11.81	7.8788053e-11	-0.000279428	-0.00026417	0.000382425	-136.344
2991.131	11.812	7.880139559999999e-11	-0.000224114	-0.000263216	0.000344278	-130.674
2994.4266	11.814	7.88147382e-11	-0.000252726	-0.000265123	0.000364305	-133.59
2997.7042	11.816	7.88280808e-11	-0.000223161	-0.000239373	0.000326158	-133.182
3000.9987	11.818	7.88414234e-11	-0.000218392	-0.000229836	0.000315668	-133.464
3004.2776	11.82	7.8854766e-11	-0.000180245	-0.000219346	0.000281336	-129.528
3007.5555	11.822	7.88681086e-11	-0.000177384	-0.000215531	0.000278475	-129.282
3010.8518	11.824	7.88814512e-11	-0.000178338	-0.000200273	0.000268938	-131.598
3014.1452	11.826	7.889479379999999e-11	-0.000187875	-0.000213624	0.000283243	-131.196
3017.4251	11.828	7.890813639999999e-11	-0.000166894	-0.000210763	0.000267031	-128.01
3020.7029	11.83	7.892147899999999e-11	-0.000142098	-0.000200273	0.000245096	-125.196
3023.9984	11.832	7.89348216e-11	-0.000150681	-0.000211717	0.000258448	-125.604
3027.2927	11.834	7.894816419999999e-11	-0.000151635	-0.000190736	0.000243188	-128.34
3030.5876	11.836	7.89615068e-11	-0.000134469	-0.000193597	0.000233651	-125.136
3033.8813	11.838	7.897484939999999e-11	-0.000130654	-0.000168801	0.000211717	-127.338
3037.16	11.84	7.8988192e-11	-9.72752e-05	-0.000156404	0.000182153	-121.83
3040.4386	11.842	7.90015346e-11	-0.000121117	-0.000143052	0.000185967	-130.38
3043.7341	11.844	7.901487719999999e-11	-9.91826e-05	-0.000158311	0.000185967	-122.424
3047.0287	11.846	7.90282198e-11	-8.86922e-05	-0.000112534	0.000143052	-128.994
3050.3227	11.848	7.90415624e-11	-9.25069e-05	-7.1526e-05	0.000114441	-141.804
3053.602	11.85	7.9054905e-11	-2.6703e-05	-6.2943e-05	6.77113e-05	-113.052
3056.8965	11.852	7.90682476e-11	-5.53133e-05	-4.67303e-05	7.24797e-05	-139.854
3060.1913	11.854	7.90815902e-11	-1.90736e-05	-1.52589e-05	2.28883e-05	-139.764
3063.4699	11.856	7.90949328e-11	2.3842e-05	8.58313e-06	2.47956e-05	22.38
3066.7648	11.858	7.91082754e-11	6.96187e-05	2.00273e-05	7.24797e-05	14.796
3070.3305	11.86	7.9121618e-11	6.5804e-05	2.47956e-05	7.05724e-05	21.702
3073.6086	11.862	7.913496059999999e-11	8.10628e-05	5.72207e-05	9.91826e-05	34.746
3076.8885	11.864	7.91483032e-11	0.000123979	5.53133e-05	0.000134469	23.904
3080.1833	11.866	7.916164579999999e-11	0.000144006	7.72481e-05	0.000163079	28.644
3083.4938	11.868	7.91749884e-11	0.000161172	0.000102997	0.000191689	32.364
3086.8044	11.87	7.918833099999999e-11	0.00017357	0.00011921	0.000210763	33.642
3090.1146	11.872	7.920167359999999e-11	0.000236512	9.34605e-05	0.000254633	21.66
3093.3924	11.874	7.92150162e-11	0.000229836	8.86922e-05	0.000245096	21.282
3096.6881	11.876	7.922835879999999e-11	0.000221253	9.91826e-05	0.000241281	24.51
3099.9821	11.878	7.92417014e-11	0.000217439	0.000106812	0.000241281	25.644
3103.2774	11.88	7.9255044e-11	0.000216485	8.39238e-05	0.000231744	21.252
3106.5554	11.882	7.92683866e-11	0.000199319	0.000102997	0.000225068	27.018
3109.8347	11.884	7.92817292e-11	0.000180245	8.77385e-05	0.000199319	26.478
3113.1132	11.886	7.929507179999999e-11	0.000164033	5.53133e-05	0.00017357	18.576
3116.4078	11.888	7.93084144e-11	0.000123979	5.9128e-05	0.00013733	25.944
3119.7018	11.89	7.9321757e-11	0.000110627	2.9564e-05	0.00011158	15.618
3122.9805	11.892	7.93350996e-11	9.25069e-05	1.04905e-05	9.44142e-05	7.62
3126.5474	11.894	7.93484422e-11	3.81472e-05	-4.7684e-06	3.91009e-05	-5.712
3129.8584	11.896	7.936178480000001e-11	1.81199e-05	-3.62399e-05	4.10082e-05	-59.676
3133.1528	11.898	7.93751274e-11	-2.00273e-05	-6.8665e-05	7.05724e-05	-106.908
3136.4315	11.9	7.938846999999999e-11	-6.00817e-05	-7.34334e-05	9.34605e-05	-128.658
3139.7099	11.902	7.940181259999999e-11	-6.19893e-05	-6.48503e-05	8.77385e-05	-133.47
3143.0049	11.904	7.941515519999999e-11	-7.34334e-05	-8.67848e-05	0.000112534	-130.674
3146.2985	11.906	7.94284978e-11	-0.000130654	-9.15532e-05	0.000157357	-144.576
3149.5781	11.908	7.944184039999999e-11	-0.000124932	-0.000109673	0.00016594	-138.9
3153.1285	11.91	7.9455183e-11	-0.000146867	-8.96459e-05	0.000170709	-148.35
3156.4232	11.912	7.94685256e-11	-0.000141145	-9.34605e-05	0.000167848	-147.06
3159.7178	11.914	7.948186819999999e-11	-0.000166894	-9.82289e-05	0.000193597	-149.646
3162.9966	11.916	7.94952108e-11	-0.000148774	-9.15532e-05	0.000172616	-148.158
3166.2903	11.918	7.950855339999999e-11	-0.000116349	-6.5804e-05	0.000134469	-150.006
3169.5843	11.92	7.9521896e-11	-0.000138284	-5.43597e-05	0.000146867	-159.168
3172.8799	11.922	7.95352386e-11	-8.48775e-05	-5.9128e-05	0.000102997	-144.978
3176.19	11.924	7.95485812e-11	-7.91554e-05	-5.3406e-05	9.44142e-05	-145.758
3179.4687	11.926	7.95619238e-11	-3.52862e-05	-1.81199e-05	3.81472e-05	-151.23
3182.7315	11.928	7.95752664e-11	-9.53682e-07	5.72208e-06	5.72208e-06	102.528
3186.2823	11.93	7.9588609e-11	2.28883e-05	1.14442e-05	2.6703e-05	27.18
3189.5615	11.932	7.96019516e-11	3.24252e-05	2.00273e-05	3.91009e-05	30.966
3192.8561	11.934	7.96152942e-11	9.72752e-05	4.10082e-05	0.000105858	22.536
3196.1499	11.936	7.962863679999999e-11	0.000116349	4.86376e-05	0.00012684	23.478
3199.4283	11.938	7.96419794e-11	0.000140191	4.67303e-05	0.000146867	18.024
3202.7236	11.94	7.965532199999999e-11	0.000130654	5.9128e-05	0.000143052	24.072
3206.0022	11.942	7.966866459999999e-11	0.000143052	4.67303e-05	0.000151635	17.802
3209.2963	11.944	7.96820072e-11	0.000161172	4.00546e-05	0.00016594	14.316
3212.6081	11.946	7.969534979999999e-11	0.000157357	3.05178e-05	0.000162126	11.124
3215.9027	11.948	7.97086924e-11	0.000161172	1.04905e-05	0.000161172	4.032
3219.1974	11.95	7.972203499999999e-11	0.000136376	5.72208e-06	0.00013733	2.478
3222.4918	11.952	7.97353776e-11	9.72752e-05	0.0	9.63216e-05	1.194
3225.77	11.954	7.97487202e-11	8.86922e-05	-5.43597e-05	0.000103951	-31.656
3229.0643	11.956	7.976206279999999e-11	6.77113e-05	-5.3406e-05	8.48775e-05	-38.658
3232.3441	11.958	7.97754054e-11	2.86104e-06	-6.48503e-05	6.38966e-05	-87.048
3235.6214	11.96	7.9788748e-11	-2.6703e-05	-7.82018e-05	8.10628e-05	-108.432
3238.9004	11.962	7.98020906e-11	-4.86376e-05	-0.000105858	0.000116349	-115.842
3242.1795	11.964	7.98154332e-11	-0.00010109	-0.000144006	0.000174523	-125.514
3245.4587	11.966	7.98287758e-11	-0.000113488	-0.000130654	0.000171662	-131.856
3248.7374	11.968	7.98421184e-11	-0.000163079	-0.000186921	0.000247004	-131.304
3252.0146	11.97	7.9855461e-11	-0.000170709	-0.000178338	0.000245096	-133.896
3255.2947	11.972	7.98688036e-11	-0.000216485	-0.000178338	0.000278475	-140.16
3258.5735	11.974	7.988214619999999e-11	-0.000203134	-0.000170709	0.000263216	-139.62
3261.8507	11.976	7.98954888e-11	-0.000217439	-0.00021267	0.00030327	-135.624
3265.1299	11.978	7.990883139999999e-11	-0.000250818	-0.000224114	0.000334742	-138.066
3268.4087	11.98	7.9922174e-11	-0.000286104	-0.000209809	0.000353815	-143.886
3271.6884	11.982	7.993551659999999e-11	-0.000248911	-0.000187875	0.000309946	-143.232
3274.9822	11.984	7.994885919999999e-11	-0.000281336	-0.000208856	0.000349047	-143.304
3278.2771	11.986	7.99622018e-11	-0.000252726	-0.000163079	0.000300409	-147.468
3281.5722	11.988	7.997554439999999e-11	-0.000253679	-0.000185967	0.000312807	-143.67
3284.85	11.99	7.9988887e-11	-0.000205041	-0.000157357	0.000257494	-142.596
3288.1456	11.992	8.00022296e-11	-0.000179292	-0.000102997	0.000205041	-150.348
3291.4236	11.994	8.00155722e-11	-0.000167848	-0.000102044	0.00019455	-148.596
3294.7187	11.996	8.00289148e-11	-0.000128747	-7.24797e-05	0.00014782	-150.546
3297.9963	11.998	8.004225739999999e-11	-8.67848e-05	-4.95913e-05	9.91826e-05	-150.348
3301.2762	12.0	8.00556e-11	-4.48229e-05	-6.67577e-05	8.01091e-05	-124.212