Position (mm) 	 Delay (s) 	 X 	 Y 	 R 	 theta 
#Without Preamplifier, ZnTe detector angle dependance 50deg, Chopper 230Hz, time constant=0.03, sensitivity=20mV
6.0	4.00278e-11	-1.71663e-05	4.19619e-05	6.00817e-05	109.518
6.03	4.0227939e-11	3.33788e-05	-9.5368e-06	3.05178e-05	-103.422
6.06	4.0428078e-11	4.38693e-05	-5.3406e-05	0.000103951	-20.022
6.09	4.0628217e-11	-2.3842e-05	-1.23978e-05	2.3842e-05	107.748
6.12	4.0828356e-11	2.0981e-05	2.57493e-05	6.48503e-05	38.478
6.15	4.1028495e-11	-2.9564e-05	-2.9564e-05	3.14715e-05	-104.382
6.18	4.1228633999999996e-11	-1.71663e-05	-4.95913e-05	5.0545e-05	-66.54
6.21	4.1428772999999995e-11	5.72208e-06	1.71663e-05	5.0545e-05	118.122
6.24	4.1628912e-11	1.81199e-05	-2.6703e-05	1.33515e-05	-109.536
6.27	4.1829050999999994e-11	-5.24523e-05	6.67577e-05	4.57766e-05	127.878
6.3	4.2029189999999994e-11	-3.81473e-06	-2.6703e-05	2.0981e-05	-61.116
6.33	4.2229329e-11	4.67303e-05	1.52589e-05	4.86376e-05	-1.848
6.36	4.2429468e-11	-4.95913e-05	1.62126e-05	2.57493e-05	-136.734
6.39	4.2629607e-11	-6.67575e-06	-2.0981e-05	5.14986e-05	-155.922
6.42	4.2829746e-11	-8.01091e-05	-4.48229e-05	8.29701e-05	-129.666
6.45	4.3029885e-11	8.58313e-06	-2.76567e-05	5.24523e-05	-118.236
6.48	4.3230024e-11	-6.67575e-06	3.81473e-06	2.28883e-05	-177.798
6.51	4.3430162999999996e-11	-3.43325e-05	-2.28883e-05	4.10082e-05	-126.672
6.54	4.3630301999999995e-11	-1.62126e-05	-6.00817e-05	5.24523e-05	-94.482
6.57	4.3830441e-11	-2.76567e-05	4.10082e-05	5.24523e-05	89.286
6.6	4.4030579999999994e-11	-2.9564e-05	0.0	7.24797e-05	155.454
6.63	4.4230719e-11	-3.71935e-05	2.28883e-05	2.47956e-05	91.362
6.66	4.4430858e-11	4.10082e-05	2.3842e-05	2.76567e-05	-21.036
6.69	4.4630997e-11	-3.05178e-05	-4.7684e-06	4.10082e-05	96.054
6.72	4.4831136e-11	3.05178e-05	1.23978e-05	1.90736e-06	-144.09
6.75	4.5031275e-11	-1.71663e-05	-5.81744e-05	5.9128e-05	-58.89
6.78	4.5231414e-11	6.67575e-06	2.57493e-05	3.52862e-05	-169.92
6.81	4.5431552999999997e-11	2.00273e-05	-7.62945e-06	4.57766e-05	28.902
6.84	4.5631691999999996e-11	-4.19619e-05	-1.71663e-05	3.52862e-05	-160.116
6.87	4.5831830999999996e-11	1.52589e-05	-4.7684e-06	2.00273e-05	61.506
6.9	4.603197e-11	5.6267e-05	2.28883e-05	3.05178e-05	-63.006
6.93	4.6232108999999994e-11	5.72208e-06	-2.00273e-05	1.71663e-05	-150.948
6.96	4.6432248e-11	7.72481e-05	-7.62945e-06	3.91009e-05	17.448
6.99	4.6632387e-11	-2.76567e-05	-9.5368e-06	3.62399e-05	-140.946
7.02	4.683252599999999e-11	2.3842e-05	6.19893e-05	6.2943e-05	71.19
7.05	4.7032665e-11	-4.29156e-05	-1.14442e-05	7.24797e-05	-131.298
7.08	4.7232804e-11	3.52862e-05	4.86376e-05	3.24252e-05	90.0
7.11	4.7432943e-11	-1.71663e-05	-4.29156e-05	6.5804e-05	-110.304
7.14	4.7633081999999997e-11	2.19346e-05	3.52862e-05	6.48503e-05	-4.83
7.17	4.7833220999999996e-11	5.72208e-06	-2.28883e-05	3.05178e-05	-90.0
7.2	4.8033359999999996e-11	-3.14715e-05	5.72208e-06	1.90736e-06	-20.922
7.23	4.8233499e-11	1.04905e-05	-9.53682e-07	5.0545e-05	153.438
7.26	4.8433637999999994e-11	0.0	-2.6703e-05	4.57766e-05	-9.324
7.29	4.8633777e-11	-2.86104e-06	-5.72207e-05	4.57766e-05	-25.02
7.32	4.8833916e-11	8.58313e-06	4.38693e-05	4.19619e-05	51.468
7.35	4.903405499999999e-11	-1.43052e-05	1.04905e-05	3.05178e-05	82.878
7.38	4.9234194e-11	-1.14442e-05	6.67575e-06	2.3842e-05	110.556
7.41	4.9434333e-11	-8.10628e-05	4.48229e-05	8.58312e-05	124.992
7.44	4.9634472e-11	6.38966e-05	-5.72208e-06	5.3406e-05	-16.926
7.47	4.9834611e-11	-0.000106812	2.86103e-05	0.00010109	137.07
7.5	5.0034749999999996e-11	-1.14442e-05	-2.57493e-05	4.7684e-06	65.556
7.53	5.0234889e-11	4.7684e-06	1.43052e-05	2.00273e-05	100.956
7.56	5.0435027999999995e-11	4.7684e-06	-1.71663e-05	4.38693e-05	-69.606
7.59	5.0635166999999994e-11	2.00273e-05	8.58313e-06	4.38693e-05	91.434
7.62	5.0835306e-11	-2.76567e-05	-2.86104e-06	1.23978e-05	15.948
7.65	5.1035445e-11	-1.43052e-05	-2.47956e-05	2.3842e-05	-95.712
7.68	5.123558399999999e-11	3.81473e-06	2.57493e-05	5.14986e-05	-12.186
7.71	5.1435723e-11	-9.53682e-07	-1.62126e-05	2.00273e-05	-133.212
7.74	5.1635862e-11	2.28883e-05	-1.33515e-05	4.19619e-05	-80.73
7.77	5.1836001e-11	-6.96187e-05	-4.7684e-06	6.19893e-05	-155.622
7.8	5.203614e-11	-1.52589e-05	1.90736e-06	3.71935e-05	-168.69
7.83	5.2236278999999996e-11	4.57766e-05	4.86376e-05	9.25069e-05	30.066
7.86	5.2436418e-11	-4.95913e-05	-1.71663e-05	5.3406e-05	-154.746
7.89	5.2636556999999995e-11	2.3842e-05	2.19346e-05	4.38693e-05	55.302
7.92	5.2836695999999994e-11	-1.33515e-05	3.81473e-06	1.23978e-05	137.292
7.95	5.3036835e-11	5.24523e-05	4.76839e-05	2.76567e-05	88.092
7.98	5.3236974e-11	-1.81199e-05	-3.81472e-05	6.5804e-05	-137.352
8.01	5.343711299999999e-11	1.14442e-05	3.62399e-05	4.57766e-05	17.988
8.04	5.363725199999999e-11	-4.00546e-05	-4.00546e-05	5.14986e-05	-127.092
8.07	5.3837391e-11	9.5368e-06	-4.67303e-05	6.38966e-05	-84.708
8.1	5.403753e-11	-5.14986e-05	3.81473e-06	2.47956e-05	-116.994
8.13	5.4237669000000003e-11	-1.14442e-05	5.53133e-05	5.53133e-05	138.69
8.16	5.4437807999999996e-11	-2.86104e-06	-3.81473e-06	3.24252e-05	17.748
8.19	5.4637946999999996e-11	-1.71663e-05	2.6703e-05	2.0981e-05	-47.64
8.22	5.4838086e-11	3.43325e-05	8.58313e-06	8.58312e-05	3.366
8.25	5.5038224999999995e-11	-1.90736e-06	1.90736e-06	1.23978e-05	8.97
8.28	5.5238363999999994e-11	1.90736e-06	4.7684e-06	3.24252e-05	-39.984
8.31	5.5438503e-11	-6.67575e-06	1.90736e-06	3.81473e-06	3.576
8.34	5.5638642e-11	-4.10082e-05	2.86104e-06	2.86104e-06	76.758
8.37	5.583878099999999e-11	-2.28883e-05	-6.10356e-05	8.86922e-05	-151.188
8.4	5.603892e-11	4.57766e-05	-6.67575e-06	4.67303e-05	-66.948
8.43	5.6239059e-11	1.23978e-05	-7.53407e-05	6.48503e-05	-78.114
8.46	5.6439198000000003e-11	-1.23978e-05	1.90736e-06	2.57493e-05	109.092
8.49	5.6639336999999996e-11	-3.33788e-05	1.90736e-06	1.33515e-05	43.854
8.52	5.6839475999999996e-11	-3.71935e-05	1.71663e-05	5.14986e-05	115.158
8.55	5.7039615e-11	8.58313e-06	-2.86104e-06	1.52589e-05	13.782
8.58	5.7239753999999995e-11	-7.43871e-05	6.67575e-06	8.39238e-05	153.828
8.61	5.7439892999999994e-11	-2.6703e-05	-2.3842e-05	1.14442e-05	57.012
8.64	5.7640032e-11	4.38693e-05	1.71663e-05	5.14986e-05	-6.264
8.67	5.7840171e-11	-3.81472e-05	-1.90736e-06	3.91009e-05	-129.036
8.7	5.804030999999999e-11	1.71663e-05	3.43325e-05	2.3842e-05	49.398
8.73	5.8240449e-11	2.86104e-06	6.67577e-05	8.10628e-05	118.074
8.76	5.8440588e-11	1.33515e-05	1.62126e-05	2.19346e-05	22.836
8.79	5.864072699999999e-11	-9.5368e-06	-2.6703e-05	3.52862e-05	-35.91
8.82	5.8840866e-11	1.62126e-05	6.10356e-05	4.19619e-05	19.656
8.85	5.904100499999999e-11	-3.33788e-05	4.67303e-05	4.57766e-05	63.906
8.88	5.924114400000001e-11	2.00273e-05	-6.2943e-05	6.8665e-05	-82.878
8.91	5.9441283e-11	-3.14715e-05	-3.81473e-06	1.71663e-05	-87.396
8.94	5.9641422e-11	-5.81744e-05	8.77385e-05	8.01091e-05	108.726
8.97	5.9841561e-11	-4.19619e-05	-6.00817e-05	7.05724e-05	-77.154
9.0	6.004169999999999e-11	-4.48229e-05	-5.53133e-05	6.19893e-05	-113.01
9.03	6.0241839e-11	4.7684e-06	-1.62126e-05	3.71935e-05	-73.938
9.06	6.0441978e-11	4.19619e-05	-7.34334e-05	7.62944e-05	-71.364
9.09	6.0642117e-11	3.81473e-06	-4.10082e-05	4.38693e-05	-129.426
9.12	6.084225599999999e-11	-9.5368e-06	-4.67303e-05	2.9564e-05	158.628
9.15	6.1042395e-11	3.33788e-05	-5.3406e-05	6.96187e-05	-74.532
9.18	6.124253399999999e-11	-1.81199e-05	-2.3842e-05	1.90736e-05	-66.57
9.21	6.144267300000001e-11	-1.71663e-05	8.58313e-06	4.48229e-05	14.664
9.24	6.1642812e-11	-3.43325e-05	1.04905e-05	3.71935e-05	43.752
9.27	6.1842951e-11	-4.19619e-05	-2.28883e-05	2.00273e-05	-49.572
9.3	6.204309e-11	4.38693e-05	1.52589e-05	1.04905e-05	-154.29
9.33	6.224322899999999e-11	8.86922e-05	3.81472e-05	8.10628e-05	4.716
9.36	6.2443368e-11	5.72208e-06	1.33515e-05	1.62126e-05	-137.202
9.39	6.2643507e-11	1.62126e-05	-1.81199e-05	3.24252e-05	-71.22
9.42	6.2843646e-11	1.33515e-05	1.90736e-05	5.3406e-05	59.172
9.45	6.304378499999999e-11	2.86103e-05	6.67575e-06	4.95913e-05	18.888
9.48	6.3243924e-11	1.04905e-05	3.81473e-06	1.04905e-05	64.44
9.51	6.344406299999999e-11	-4.38693e-05	-2.00273e-05	9.44142e-05	-159.258
9.54	6.3644202e-11	3.05178e-05	-6.67575e-06	5.6267e-05	-47.628
9.57	6.3844341e-11	-9.53682e-07	-9.5368e-06	2.57493e-05	-50.412
9.6	6.404448e-11	1.14442e-05	1.52589e-05	3.43325e-05	124.698
9.63	6.4244619e-11	-2.00273e-05	1.90736e-06	1.90736e-05	-27.18
9.66	6.444475799999999e-11	1.04905e-05	3.91009e-05	4.76839e-05	67.692
9.69	6.4644897e-11	-4.00546e-05	-1.14442e-05	6.00817e-05	-171.096
9.72	6.4845036e-11	-4.48229e-05	-1.71663e-05	5.9128e-05	170.706
9.75	6.5045175e-11	2.86104e-06	-2.28883e-05	1.23978e-05	155.49
9.78	6.524531399999999e-11	4.57766e-05	3.33788e-05	4.48229e-05	139.266
9.81	6.5445453e-11	-7.53407e-05	1.90736e-05	6.77113e-05	160.854
9.84	6.564559199999999e-11	-2.9564e-05	-1.81199e-05	2.86103e-05	-51.522
9.87	6.5845731e-11	-5.72207e-05	-1.71663e-05	9.5368e-06	70.788
9.9	6.604587e-11	6.67575e-06	4.10082e-05	5.24523e-05	28.266
9.93	6.6246009e-11	1.04905e-05	-6.48503e-05	7.05724e-05	-86.286
9.96	6.6446148e-11	-3.43325e-05	1.90736e-05	7.53407e-05	-176.934
9.99	6.664628699999999e-11	3.05178e-05	3.33788e-05	2.3842e-05	0.0
10.02	6.6846426e-11	-3.62399e-05	-1.33515e-05	3.24252e-05	-168.69
10.05	6.7046565e-11	-3.33788e-05	-2.6703e-05	2.57493e-05	27.618
10.08	6.7246704e-11	-3.14715e-05	8.20165e-05	7.82018e-05	121.476
10.11	6.744684299999999e-11	1.33515e-05	4.7684e-06	3.05178e-05	75.582
10.14	6.7646982e-11	2.0981e-05	-6.67575e-06	3.71935e-05	-43.266
10.17	6.7847121e-11	3.81473e-06	-5.72207e-05	6.38966e-05	-52.908
10.2	6.804726e-11	2.76567e-05	8.20165e-05	7.72481e-05	78.15
10.23	6.8247399e-11	1.90736e-05	-1.90736e-06	2.86103e-05	-169.938
10.26	6.8447538e-11	3.81473e-06	5.81744e-05	5.53133e-05	89.256
10.29	6.864767699999999e-11	5.0545e-05	-6.96187e-05	5.3406e-05	-94.638
10.32	6.884781599999999e-11	3.71935e-05	8.58313e-06	8.48775e-05	22.38
10.35	6.9047955e-11	-4.48229e-05	7.24797e-05	6.5804e-05	89.346
10.38	6.9248094e-11	-6.67575e-06	-3.52862e-05	2.28883e-05	170.076
10.41	6.9448233e-11	6.67575e-06	2.47956e-05	2.86103e-05	-30.966
10.44	6.964837199999999e-11	1.90736e-05	2.86104e-06	3.05178e-05	-152.616
10.47	6.9848511e-11	-5.43597e-05	4.57766e-05	6.10356e-05	121.608
10.5	7.004865e-11	6.67575e-06	-1.04905e-05	5.72208e-06	29.358
10.53	7.0248789e-11	1.23978e-05	-9.5368e-06	2.3842e-05	-65.724
10.56	7.0448928e-11	-6.2943e-05	-3.05178e-05	2.57493e-05	124.878
10.59	7.0649067e-11	-9.82289e-05	-6.67575e-06	8.10628e-05	-174.288
10.62	7.084920599999999e-11	-1.14442e-05	2.00273e-05	2.19346e-05	116.13
10.65	7.104934499999999e-11	-6.19893e-05	3.81473e-06	6.2943e-05	140.526
10.68	7.1249484e-11	-4.95913e-05	-3.62399e-05	1.52589e-05	96.708
10.71	7.1449623e-11	-6.8665e-05	5.0545e-05	7.82018e-05	174.954
10.74	7.1649762e-11	-1.43052e-05	-6.67575e-06	1.71663e-05	-100.008
10.77	7.184990099999999e-11	4.38693e-05	0.0	5.9128e-05	-41.07
10.8	7.205004e-11	-6.67577e-05	3.81473e-06	7.43871e-05	-139.506
10.83	7.2250179e-11	-4.48229e-05	-4.7684e-06	4.76839e-05	-115.344
10.86	7.2450318e-11	-6.48503e-05	2.57493e-05	4.00546e-05	139.764
10.89	7.2650457e-11	-8.01091e-05	-4.67303e-05	5.6267e-05	-152.952
10.92	7.2850596e-11	-4.19619e-05	2.3842e-05	4.38693e-05	111.54
10.95	7.305073499999999e-11	8.86922e-05	-2.86104e-06	8.29701e-05	-2.64
10.98	7.325087399999999e-11	0.000209809	0.000178338	0.000267031	42.282
11.01	7.3451013e-11	0.000362398	0.000183106	0.000367166	29.418
11.04	7.365115199999999e-11	0.000367166	0.00017357	0.000408174	30.33
11.07	7.3851291e-11	-3.81472e-05	5.14986e-05	9.63216e-05	150.09
11.1	7.405142999999999e-11	-0.000179292	-0.000124932	0.000227929	-163.938
11.13	7.4251569e-11	0.0	3.81473e-06	1.04905e-05	135.0
11.16	7.4451708e-11	-1.43052e-05	1.23978e-05	5.24523e-05	-178.554
11.19	7.4651847e-11	-3.43325e-05	4.29156e-05	4.57766e-05	165.702
11.22	7.4851986e-11	-5.53133e-05	5.43597e-05	7.05724e-05	152.616
11.25	7.5052125e-11	-3.24252e-05	4.38693e-05	7.24797e-05	109.41
11.28	7.525226399999999e-11	3.81473e-06	1.52589e-05	3.62399e-05	57.45
11.31	7.545240299999999e-11	6.38966e-05	3.05178e-05	8.48775e-05	54.462
11.34	7.5652542e-11	-4.48229e-05	-3.81472e-05	5.9128e-05	-114.444
11.37	7.585268099999999e-11	-1.43052e-05	5.14986e-05	3.24252e-05	90.0
11.4	7.605282e-11	-8.67848e-05	5.0545e-05	0.000102997	155.376
11.43	7.625295899999999e-11	0.0	1.90736e-05	6.48503e-05	98.568
11.46	7.6453098e-11	-3.14715e-05	9.25069e-05	9.44142e-05	50.862
11.49	7.6653237e-11	-2.19346e-05	3.05178e-05	5.0545e-05	104.676
11.52	7.6853376e-11	7.62945e-06	-4.48229e-05	2.86103e-05	-149.034
11.55	7.7053515e-11	-2.86103e-05	8.58313e-06	1.14442e-05	-75.966
11.58	7.7253654e-11	-1.62126e-05	-4.76839e-05	6.19893e-05	-93.9
11.61	7.745379299999999e-11	4.19619e-05	-1.62126e-05	2.57493e-05	-128.748
11.64	7.7653932e-11	2.28883e-05	9.53682e-07	1.23978e-05	152.742
11.67	7.7854071e-11	-8.58313e-06	-2.47956e-05	2.57493e-05	-142.032
11.7	7.805420999999999e-11	-2.47956e-05	1.62126e-05	1.14442e-05	139.968
11.73	7.8254349e-11	-1.33515e-05	3.24252e-05	3.24252e-05	75.204
11.76	7.845448799999999e-11	-3.81472e-05	1.23978e-05	3.24252e-05	167.826
11.79	7.865462699999998e-11	6.67575e-06	-6.00817e-05	5.0545e-05	-131.688
11.82	7.8854766e-11	-7.34334e-05	1.90736e-05	5.9128e-05	176.82
11.85	7.9054905e-11	3.81472e-05	2.3842e-05	3.05178e-05	146.31
11.88	7.9255044e-11	-6.67575e-06	3.62399e-05	4.29156e-05	105.312
11.91	7.9455183e-11	-3.81473e-06	-1.90736e-05	2.3842e-05	-163.446
11.94	7.965532199999999e-11	-5.0545e-05	-7.05724e-05	8.58312e-05	-100.656
11.97	7.9855461e-11	9.5368e-06	2.28883e-05	3.71935e-05	59.982
12.0	8.00556e-11	1.71663e-05	3.24252e-05	6.10356e-05	105.804
12.03	8.025573899999999e-11	-1.81199e-05	-6.67575e-06	3.52862e-05	160.95
12.06	8.0455878e-11	5.72208e-06	-1.14442e-05	5.43597e-05	-97.254
12.09	8.065601699999999e-11	2.86104e-06	-7.34334e-05	6.48503e-05	-57.528
12.12	8.0856156e-11	0.0	-9.53682e-07	3.52862e-05	159.864
12.15	8.1056295e-11	6.67575e-06	2.19346e-05	4.57766e-05	81.87
12.18	8.1256434e-11	1.81199e-05	-7.62945e-06	4.38693e-05	35.31
12.21	8.1456573e-11	-2.6703e-05	7.24797e-05	8.58312e-05	127.134
12.24	8.1656712e-11	-3.71935e-05	-3.81472e-05	2.0981e-05	52.254
12.27	8.185685099999999e-11	-4.19619e-05	2.19346e-05	2.57493e-05	-119.358
12.3	8.205699e-11	4.38693e-05	2.47956e-05	8.58313e-06	-28.302
12.33	8.2257129e-11	-1.33515e-05	4.67303e-05	6.2943e-05	135.456
12.36	8.245726799999999e-11	1.04905e-05	-6.67575e-06	8.58313e-06	106.26
12.39	8.2657407e-11	1.52589e-05	-3.62399e-05	5.72207e-05	-84.612
12.42	8.285754599999999e-11	3.24252e-05	-1.33515e-05	4.7684e-06	-145.494
12.45	8.3057685e-11	-6.67575e-06	-4.95913e-05	6.19893e-05	-116.298
12.48	8.3257824e-11	1.62126e-05	1.23978e-05	7.05724e-05	48.942
12.51	8.3457963e-11	-2.3842e-05	1.90736e-06	2.3842e-05	-173.088
12.54	8.365810199999999e-11	3.33788e-05	-6.8665e-05	4.29156e-05	-141.342
12.57	8.3858241e-11	2.86103e-05	2.3842e-05	1.04905e-05	-135.0
12.6	8.405837999999999e-11	-2.6703e-05	4.48229e-05	6.10356e-05	97.65
12.63	8.4258519e-11	-2.47956e-05	-2.0981e-05	3.52862e-05	178.878
12.66	8.4458658e-11	-1.81199e-05	-9.5368e-06	4.38693e-05	133.668
12.69	8.465879699999999e-11	-7.34334e-05	-3.43325e-05	7.43871e-05	-138.282
12.72	8.4858936e-11	-8.86922e-05	-1.14442e-05	8.86922e-05	-145.98
12.75	8.505907499999999e-11	-2.86104e-06	-9.53682e-07	3.43325e-05	-120.816
12.78	8.5259214e-11	-1.71663e-05	-1.43052e-05	2.86103e-05	-26.562
12.81	8.5459353e-11	3.14715e-05	-2.6703e-05	4.10082e-05	-96.954
12.84	8.5659492e-11	-1.52589e-05	1.04905e-05	1.90736e-05	-39.906
12.87	8.585963099999999e-11	-6.67575e-06	-3.81473e-06	2.6703e-05	-26.028
12.9	8.605977e-11	-3.33788e-05	-3.62399e-05	7.05724e-05	-86.868
12.93	8.625990899999999e-11	3.81473e-06	3.33788e-05	6.19893e-05	17.448
12.96	8.6460048e-11	-5.6267e-05	-2.76567e-05	8.39238e-05	-167.142
12.99	8.6660187e-11	-1.33515e-05	-2.28883e-05	3.05178e-05	-48.144
13.02	8.686032599999999e-11	-5.81744e-05	4.7684e-06	2.00273e-05	-27.582
13.05	8.7060465e-11	-1.04905e-05	-3.62399e-05	3.62399e-05	-159.624
13.08	8.726060399999999e-11	5.53133e-05	-2.00273e-05	1.62126e-05	-177.51
13.11	8.7460743e-11	-3.52862e-05	2.86104e-06	5.14986e-05	-126.216
13.14	8.7660882e-11	5.72208e-06	1.71663e-05	2.28883e-05	66.372
13.17	8.7861021e-11	-1.23978e-05	-4.86376e-05	7.05724e-05	-80.31
13.2	8.806115999999999e-11	-4.10082e-05	8.58313e-06	1.52589e-05	-110.226
13.23	8.8261299e-11	4.57766e-05	-5.9128e-05	4.38693e-05	-149.982
13.26	8.8461438e-11	-6.48503e-05	5.72207e-05	5.53133e-05	106.146
13.29	8.866157699999999e-11	-7.05724e-05	1.62126e-05	5.9128e-05	-176.988
13.32	8.8861716e-11	1.71663e-05	5.6267e-05	8.01091e-05	93.21
13.35	8.906185499999999e-11	3.05178e-05	-4.48229e-05	2.19346e-05	-155.772
13.38	8.9261994e-11	-3.05178e-05	4.7684e-06	3.05178e-05	-132.66
13.41	8.946213299999999e-11	-3.62399e-05	1.52589e-05	4.57766e-05	121.374
13.44	8.9662272e-11	2.0981e-05	-2.0981e-05	6.5804e-05	-49.818
13.47	8.9862411e-11	-4.29156e-05	-2.6703e-05	7.72481e-05	-155.094
13.5	9.006255e-11	-2.28883e-05	2.86104e-06	2.3842e-05	-82.236
13.53	9.026268899999999e-11	7.62945e-06	-3.62399e-05	3.62399e-05	-50.79
13.56	9.0462828e-11	-1.43052e-05	-3.33788e-05	2.86103e-05	-5.712
13.59	9.0662967e-11	8.01091e-05	3.81472e-05	7.62944e-05	65.628
13.62	9.086310599999999e-11	2.3842e-05	-3.71935e-05	4.67303e-05	-49.668
13.65	9.1063245e-11	-3.14715e-05	3.33788e-05	2.19346e-05	-152.358
13.68	9.126338399999999e-11	3.62399e-05	-4.29156e-05	6.38966e-05	-51.006
13.71	9.1463523e-11	4.76839e-05	6.67575e-06	7.62944e-05	43.668
13.74	9.166366199999999e-11	-7.62945e-06	-1.43052e-05	9.53682e-07	79.92
13.77	9.1863801e-11	-4.38693e-05	5.72208e-06	1.71663e-05	5.574
13.8	9.206394e-11	-2.76567e-05	-2.6703e-05	5.0545e-05	-101.43
13.83	9.2264079e-11	2.86104e-06	-4.29156e-05	2.86103e-05	-158.196
13.86	9.246421799999999e-11	-3.81472e-05	-1.43052e-05	5.24523e-05	-155.556
13.89	9.2664357e-11	2.86104e-06	-3.62399e-05	4.38693e-05	-58.134
13.92	9.2864496e-11	-2.86104e-06	-3.71935e-05	5.9128e-05	-133.002
13.95	9.306463499999999e-11	-4.7684e-06	2.00273e-05	5.0545e-05	157.782
13.98	9.3264774e-11	2.47956e-05	1.52589e-05	3.24252e-05	-125.91
14.01	9.346491299999999e-11	-3.43325e-05	5.72208e-06	1.81199e-05	-2.118
14.04	9.366505199999999e-11	2.57493e-05	3.52862e-05	5.72207e-05	61.128
14.07	9.386519099999999e-11	9.25069e-05	2.6703e-05	0.000100136	3.492
14.1	9.406533e-11	-0.000104905	-9.5368e-06	7.24797e-05	-170.538
14.13	9.4265469e-11	-2.00273e-05	-1.71663e-05	8.10628e-05	177.672
14.16	9.4465608e-11	-0.000103951	-2.57493e-05	0.000117302	-152.712
14.19	9.466574699999999e-11	-6.67575e-06	-2.0981e-05	2.3842e-05	68.358
14.22	9.4865886e-11	1.71663e-05	-3.43325e-05	1.04905e-05	45.828
14.25	9.5066025e-11	8.58313e-06	-5.53133e-05	3.81472e-05	-171.384
14.28	9.526616399999999e-11	-4.95913e-05	-2.9564e-05	4.76839e-05	-152.676
14.31	9.5466303e-11	5.14986e-05	-2.86104e-06	2.3842e-05	68.406
14.34	9.566644199999999e-11	1.23978e-05	2.3842e-05	4.19619e-05	175.362
14.37	9.586658099999999e-11	1.90736e-05	-7.34334e-05	6.77113e-05	-106.038
14.4	9.606671999999999e-11	3.14715e-05	1.81199e-05	5.6267e-05	0.972
14.43	9.6266859e-11	-6.2943e-05	3.05178e-05	2.76567e-05	-111.804
14.46	9.6466998e-11	0.0	-7.62945e-06	2.00273e-05	108.432
14.49	9.6667137e-11	1.62126e-05	5.72208e-06	1.04905e-05	-19.656
14.52	9.686727599999999e-11	1.04905e-05	5.0545e-05	4.86376e-05	85.236
14.55	9.7067415e-11	2.28883e-05	-9.53682e-07	3.24252e-05	-3.714
14.58	9.7267554e-11	-4.7684e-06	3.62399e-05	3.14715e-05	73.854
14.61	9.746769299999999e-11	0.0	1.90736e-05	2.0981e-05	62.244
14.64	9.7667832e-11	2.19346e-05	-2.0981e-05	3.71935e-05	-104.514
14.67	9.786797099999999e-11	-2.00273e-05	2.28883e-05	8.58313e-06	32.004
14.7	9.806810999999999e-11	-4.29156e-05	-1.81199e-05	5.72208e-06	106.584
14.73	9.8268249e-11	-2.86104e-06	3.43325e-05	7.72481e-05	26.244
14.76	9.8468388e-11	3.81473e-06	-4.67303e-05	1.90736e-05	166.506
14.79	9.866852699999999e-11	-4.00546e-05	2.3842e-05	3.43325e-05	143.748
14.82	9.8868666e-11	1.04905e-05	6.38966e-05	6.38966e-05	52.236
14.85	9.906880499999999e-11	2.86103e-05	-2.86104e-06	3.43325e-05	-98.394
14.88	9.9268944e-11	-3.33788e-05	4.57766e-05	4.95913e-05	-165.69
14.91	9.9469083e-11	-5.14986e-05	2.19346e-05	4.19619e-05	64.854
14.94	9.9669222e-11	-2.86103e-05	1.90736e-06	3.52862e-05	-157.38
14.97	9.9869361e-11	3.81473e-06	-2.00273e-05	3.14715e-05	-139.086
15.0	1.0006949999999999e-10	2.86103e-05	-2.86104e-06	4.38693e-05	-24.678