Position (mm) 	 Delay (s) 	 X 	 Y 	 R 	 theta 
#Without Preamplifier, ZnTe detector angle dependance 40deg, Chopper 230Hz, time constant=0.3 24dB, sync<200Hz, sensitivity=20mV
6.0	4.00278e-11	0.0	-1.71663e-05	1.62126e-05	-96.582
6.01	4.0094512999999995e-11	-5.72208e-06	-2.6703e-05	2.6703e-05	-102.996
6.02	4.0161226e-11	-2.00273e-05	-1.81199e-05	2.76567e-05	-138.69
6.03	4.0227939e-11	-1.52589e-05	-4.29156e-05	4.48229e-05	-110.058
6.04	4.0294652e-11	-9.5368e-06	-2.47956e-05	2.47956e-05	-108.924
6.05	4.0361364999999996e-11	-6.67575e-06	-2.3842e-05	2.3842e-05	-98.13
6.06	4.0428078e-11	-6.67575e-06	-2.9564e-05	2.86103e-05	-103.392
6.07	4.0494791e-11	-1.33515e-05	-7.62945e-06	1.52589e-05	-156.798
6.08	4.0561503999999996e-11	-2.3842e-05	-2.9564e-05	3.62399e-05	-128.334
6.09	4.0628217e-11	-2.6703e-05	-1.14442e-05	2.9564e-05	-158.43
6.1	4.0694929999999993e-11	-2.57493e-05	-2.28883e-05	3.43325e-05	-138.096
6.11	4.0761643e-11	-2.28883e-05	2.19346e-05	3.05178e-05	134.118
6.12	4.0828356e-11	-4.48229e-05	-9.5368e-06	4.67303e-05	-169.764
6.13	4.0895069e-11	-3.33788e-05	4.7684e-06	3.33788e-05	172.182
6.14	4.0961781999999995e-11	-1.90736e-06	-1.33515e-05	1.33515e-05	-87.276
6.15	4.1028495e-11	-2.28883e-05	-2.00273e-05	2.9564e-05	-140.526
6.16	4.1095208e-11	-2.47956e-05	-2.00273e-05	3.14715e-05	-140.79
6.17	4.1161921e-11	-7.62945e-06	-2.47956e-05	2.3842e-05	-105.948
6.18	4.1228633999999996e-11	-3.81473e-06	-1.81199e-05	1.71663e-05	-93.942
6.19	4.1295347e-11	-2.9564e-05	-2.0981e-05	3.71935e-05	-148.86
6.2	4.136206e-11	-4.29156e-05	-2.19346e-05	4.86376e-05	-154.842
6.21	4.1428772999999995e-11	-2.28883e-05	0.0	2.00273e-05	180.0
6.22	4.1495486e-11	-1.62126e-05	0.0	1.71663e-05	177.882
6.23	4.1562199e-11	-1.23978e-05	-9.5368e-06	1.62126e-05	-144.462
6.24	4.1628912e-11	-4.48229e-05	-8.58313e-06	4.19619e-05	-168.87
6.25	4.1695625e-11	-4.00546e-05	-1.62126e-05	4.48229e-05	-160.512
6.26	4.1762338e-11	-3.62399e-05	-2.3842e-05	3.91009e-05	-146.04
6.27	4.1829050999999994e-11	-1.62126e-05	-9.5368e-06	1.62126e-05	-153.438
6.28	4.1895764e-11	-3.24252e-05	-3.24252e-05	4.57766e-05	-136.734
6.29	4.1962477e-11	-3.14715e-05	-4.00546e-05	5.0545e-05	-127.614
6.3	4.2029189999999994e-11	-3.05178e-05	-3.05178e-05	4.10082e-05	-133.698
6.31	4.2095902999999996e-11	-2.9564e-05	-2.76567e-05	3.91009e-05	-137.07
6.32	4.2162616e-11	-4.29156e-05	-1.71663e-05	4.38693e-05	-159.648
6.33	4.2229329e-11	-4.29156e-05	-1.62126e-05	4.29156e-05	-156.318
6.34	4.2296041999999995e-11	-3.71935e-05	-3.33788e-05	4.76839e-05	-138.432
6.35	4.2362755e-11	-3.81472e-05	2.86104e-06	3.71935e-05	174.984
6.36	4.2429468e-11	-2.9564e-05	-2.76567e-05	3.81472e-05	-134.292
6.37	4.2496181e-11	-4.19619e-05	-2.9564e-05	5.0545e-05	-146.106
6.38	4.2562893999999996e-11	-1.04905e-05	-2.47956e-05	2.57493e-05	-113.964
6.39	4.2629607e-11	-7.62945e-06	-7.62945e-06	1.04905e-05	-141.84
6.4	4.269632e-11	-4.95913e-05	-4.19619e-05	6.2943e-05	-140.118
6.41	4.2763032999999996e-11	-5.3406e-05	-2.0981e-05	5.6267e-05	-157.068
6.42	4.2829746e-11	-3.91009e-05	-3.05178e-05	4.86376e-05	-143.748
6.43	4.2896458999999993e-11	-4.38693e-05	-4.10082e-05	5.9128e-05	-137.292
6.44	4.2963172e-11	-2.9564e-05	-9.5368e-06	2.9564e-05	-161.964
6.45	4.3029885e-11	-6.2943e-05	-2.00273e-05	6.48503e-05	-162.3
6.46	4.3096598e-11	-3.81472e-05	-5.72207e-05	6.5804e-05	-122.25
6.47	4.3163310999999995e-11	-3.43325e-05	-6.67577e-05	7.53407e-05	-119.496
6.48	4.3230024e-11	-1.33515e-05	-1.23978e-05	1.71663e-05	-141.006
6.49	4.3296737e-11	-3.62399e-05	-3.43325e-05	4.95913e-05	-136.608
6.5	4.336345e-11	-5.3406e-05	-4.00546e-05	6.48503e-05	-142.896
6.51	4.3430162999999996e-11	-2.47956e-05	-3.05178e-05	3.71935e-05	-129.936
6.52	4.3496876e-11	-4.48229e-05	-5.53133e-05	7.05724e-05	-130.08
6.53	4.3563589e-11	-4.48229e-05	-3.62399e-05	5.6267e-05	-143.13
6.54	4.3630301999999995e-11	-3.71935e-05	-4.67303e-05	5.81744e-05	-125.688
6.55	4.3697015e-11	-3.81472e-05	-2.57493e-05	4.57766e-05	-147.216
6.56	4.376372799999999e-11	-5.6267e-05	-1.33515e-05	5.81744e-05	-167.544
6.57	4.3830441e-11	3.81473e-06	1.90736e-06	2.86104e-06	0.0
6.58	4.3897154e-11	-1.14442e-05	-4.29156e-05	4.29156e-05	-105.102
6.59	4.3963867e-11	-1.90736e-06	-1.62126e-05	1.52589e-05	-97.434
6.6	4.4030579999999994e-11	-6.67575e-06	-4.48229e-05	4.38693e-05	-97.764
6.61	4.4097293e-11	-6.67575e-06	3.81473e-06	8.58313e-06	155.556
6.62	4.4164006e-11	5.53133e-05	-1.33515e-05	5.81744e-05	-11.82
6.63	4.4230719e-11	8.10628e-05	1.23978e-05	8.10628e-05	9.924
6.64	4.4297431999999996e-11	0.00012684	4.10082e-05	0.000134469	17.808
6.65	4.4364145e-11	0.000133515	5.81744e-05	0.000148774	24.09
6.66	4.4430858e-11	0.000175477	0.000103951	0.000204087	30.228
6.67	4.4497570999999995e-11	0.000231744	0.000129701	0.000265123	29.082
6.68	4.4564284e-11	0.000250818	0.000121117	0.000280382	25.536
6.69	4.4630997e-11	0.000223161	0.000152589	0.000270845	34.158
6.7	4.469771e-11	0.00025654	0.000153542	0.000300409	30.66
6.71	4.4764422999999996e-11	0.000196458	8.48775e-05	0.00021267	23.364
6.72	4.4831136e-11	0.000157357	0.000103951	0.000188828	33.354
6.73	4.4897849e-11	0.000108719	5.72207e-05	0.000123979	27.66
6.74	4.4964561999999996e-11	6.77113e-05	4.86376e-05	8.20165e-05	36.78
6.75	4.5031275e-11	2.6703e-05	2.9564e-05	3.91009e-05	46.362
6.76	4.5097987999999993e-11	-3.81473e-06	5.72208e-06	5.72208e-06	108.432
6.77	4.5164700999999995e-11	-4.29156e-05	-1.62126e-05	4.48229e-05	-159.444
6.78	4.5231414e-11	-8.20165e-05	-9.34605e-05	0.000123979	-131.304
6.79	4.5298127e-11	-0.000185014	-9.25069e-05	0.000205041	-153.6
6.8	4.5364839999999995e-11	-0.000217439	-0.000140191	0.000258448	-147.246
6.81	4.5431552999999997e-11	-0.00025654	-0.000138284	0.000291826	-151.806
6.82	4.5498266e-11	-0.000199319	-0.000144959	0.000244142	-144.006
6.83	4.5564979e-11	-0.000136376	-6.8665e-05	0.000151635	-152.874
6.84	4.5631691999999996e-11	-4.57766e-05	-4.95913e-05	6.5804e-05	-130.542
6.85	4.5698405e-11	-4.7684e-06	-2.3842e-05	2.3842e-05	-100.008
6.86	4.5765118e-11	1.23978e-05	-9.53682e-07	1.23978e-05	-8.97
6.87	4.5831830999999996e-11	-7.62945e-06	-4.29156e-05	4.19619e-05	-97.236
6.88	4.5898544e-11	-2.0981e-05	-2.3842e-05	3.14715e-05	-129.96
6.89	4.596525699999999e-11	-4.7684e-06	-1.71663e-05	1.71663e-05	-100.884
6.9	4.603197e-11	-3.33788e-05	-4.00546e-05	4.95913e-05	-128.538
6.91	4.6098683e-11	4.7684e-06	-3.81473e-06	4.7684e-06	-39.804
6.92	4.6165396e-11	1.23978e-05	-4.67303e-05	4.67303e-05	-72.84
6.93	4.6232108999999994e-11	-4.29156e-05	-1.71663e-05	4.57766e-05	-158.664
6.94	4.6298822e-11	3.81473e-06	1.90736e-06	5.72208e-06	12.528
6.95	4.6365535e-11	-2.6703e-05	-1.33515e-05	2.9564e-05	-150.102
6.96	4.6432248e-11	-5.3406e-05	-5.14986e-05	7.24797e-05	-136.848
6.97	4.6498960999999996e-11	-3.43325e-05	-2.86103e-05	4.38693e-05	-139.866
6.98	4.6565674e-11	-4.10082e-05	-1.62126e-05	4.19619e-05	-158.7
6.99	4.6632387e-11	-1.81199e-05	-6.67575e-06	1.81199e-05	-160.2
7.0	4.6699099999999995e-11	3.24252e-05	4.7684e-06	3.33788e-05	5.598
7.01	4.6765813e-11	-4.19619e-05	-4.48229e-05	6.00817e-05	-132.318
7.02	4.683252599999999e-11	-4.48229e-05	-2.47956e-05	5.0545e-05	-151.452
7.0305	4.690257465e-11	-5.14986e-05	-3.71935e-05	6.19893e-05	-143.382
7.04	4.6965951999999997e-11	-4.7684e-06	-1.81199e-05	1.81199e-05	-108.432
7.05	4.7032665e-11	-3.81473e-06	-1.52589e-05	1.43052e-05	-108.432
7.06	4.7099377999999994e-11	-1.62126e-05	-8.58313e-06	1.62126e-05	-154.44
7.07	4.7166091e-11	2.86104e-06	-2.28883e-05	2.19346e-05	-77.274
7.08	4.7232804e-11	-1.33515e-05	9.53682e-07	1.14442e-05	169.992
7.09	4.7299516999999993e-11	7.62945e-06	-3.91009e-05	3.91009e-05	-79.26
7.1	4.7366229999999995e-11	-4.48229e-05	-2.86104e-06	4.38693e-05	-178.266
7.11	4.7432943e-11	1.90736e-06	-7.62945e-06	6.67575e-06	-66.036
7.12	4.7499656e-11	-1.33515e-05	-2.28883e-05	2.57493e-05	-122.472
7.13	4.7566368999999995e-11	-6.10356e-05	1.90736e-05	6.38966e-05	161.568
7.14	4.7633081999999997e-11	-7.62945e-06	1.52589e-05	1.62126e-05	109.98
7.15	4.7699795e-11	3.81473e-06	-2.76567e-05	2.86103e-05	-78.18
7.16	4.7766508e-11	6.67575e-06	-3.62399e-05	3.62399e-05	-81.57
7.17	4.7833220999999996e-11	-1.52589e-05	-3.81472e-05	4.00546e-05	-112.332
7.18	4.7899934e-11	-1.04905e-05	3.81473e-06	1.04905e-05	156.372
7.19	4.7966647e-11	3.81473e-06	8.58313e-06	8.58313e-06	74.748
7.2	4.8033359999999996e-11	-2.47956e-05	-1.90736e-06	2.28883e-05	-176.634
7.21	4.8100073e-11	-3.71935e-05	-1.14442e-05	3.71935e-05	-163.494
7.22	4.816678599999999e-11	-1.14442e-05	-2.3842e-05	2.47956e-05	-114.57
7.23	4.8233499e-11	-2.47956e-05	-3.05178e-05	3.91009e-05	-128.208
7.24	4.8300212e-11	-3.33788e-05	-1.81199e-05	3.71935e-05	-150.642
7.25	4.8366925e-11	-1.14442e-05	1.23978e-05	1.52589e-05	133.266
7.26	4.8433637999999994e-11	-6.10356e-05	-3.33788e-05	6.8665e-05	-151.212
7.27	4.8500350999999996e-11	-5.72208e-06	5.72208e-06	7.62945e-06	131.634
7.28	4.8567064e-11	2.86104e-06	-2.47956e-05	2.47956e-05	-81.252
7.29	4.8633777e-11	-4.67303e-05	4.7684e-06	4.48229e-05	174.036
7.3	4.8700489999999996e-11	-4.10082e-05	-1.62126e-05	4.38693e-05	-162.648
7.31	4.8767203e-11	-2.47956e-05	-2.28883e-05	3.24252e-05	-134.196
7.32	4.8833916e-11	-4.57766e-05	3.81473e-06	4.38693e-05	172.236
7.33	4.8900628999999995e-11	3.81473e-06	-2.00273e-05	2.0981e-05	-73.812
7.34	4.8967342e-11	9.53682e-07	-4.7684e-06	3.81473e-06	-90.0
7.35	4.903405499999999e-11	-1.33515e-05	-4.29156e-05	4.29156e-05	-107.574
7.36	4.9100768e-11	-2.76567e-05	-1.62126e-05	3.05178e-05	-151.782
7.37	4.9167480999999997e-11	2.86104e-06	-7.62945e-06	8.58313e-06	-57.528
7.38	4.9234194e-11	-9.5368e-06	-9.5368e-06	1.23978e-05	-139.398
7.39	4.9300906999999994e-11	-1.14442e-05	-2.19346e-05	2.3842e-05	-114.444
7.4	4.936762e-11	-4.95913e-05	-7.62945e-06	4.95913e-05	-172.302
7.41	4.9434333e-11	-2.00273e-05	-2.00273e-05	2.76567e-05	-134.064
7.42	4.9501046e-11	-2.00273e-05	9.53682e-07	1.90736e-05	178.152
7.43	4.9567758999999995e-11	-7.62945e-06	1.90736e-06	5.72208e-06	147.996
7.44	4.9634472e-11	2.0981e-05	-2.6703e-05	3.33788e-05	-52.224
7.45	4.9701185e-11	-2.28883e-05	-2.3842e-05	3.24252e-05	-134.172
7.46	4.9767897999999995e-11	-1.43052e-05	-3.62399e-05	3.71935e-05	-110.676
7.47	4.9834611e-11	-3.81473e-06	-4.95913e-05	4.86376e-05	-93.762
7.48	4.9901324e-11	-4.48229e-05	-1.71663e-05	4.67303e-05	-161.052
7.49	4.9968037e-11	3.81473e-06	-2.00273e-05	2.0981e-05	-79.692
7.5	5.0034749999999996e-11	-2.76567e-05	-1.04905e-05	2.86103e-05	-160.71
7.51	5.0101463e-11	-1.33515e-05	-4.10082e-05	4.19619e-05	-105.822
7.52	5.0168175999999994e-11	3.81473e-06	-1.52589e-05	1.52589e-05	-75.378
7.53	5.0234889e-11	1.90736e-06	-1.71663e-05	1.71663e-05	-72.9
7.54	5.0301602e-11	8.58313e-06	-4.7684e-06	1.04905e-05	-55.302
7.55	5.036831499999999e-11	-2.6703e-05	-1.62126e-05	2.86103e-05	-148.134
7.56	5.0435027999999995e-11	0.0	1.71663e-05	1.71663e-05	90.0
7.57	5.0501741e-11	-4.7684e-06	-1.52589e-05	1.52589e-05	-109.98
7.58	5.0568454e-11	-2.9564e-05	-2.19346e-05	3.52862e-05	-142.494
7.59	5.0635166999999994e-11	4.7684e-06	-9.53682e-07	5.72208e-06	-6.342
7.6	5.0701879999999996e-11	1.23978e-05	-3.14715e-05	3.24252e-05	-69.042
7.61	5.0768593e-11	-1.33515e-05	-2.6703e-05	2.9564e-05	-118.812
7.62	5.0835306e-11	-5.14986e-05	6.67575e-06	5.14986e-05	171.144
7.63	5.0902018999999996e-11	-2.76567e-05	-3.14715e-05	4.10082e-05	-132.396
7.64	5.0968732e-11	-3.81472e-05	-1.62126e-05	3.91009e-05	-157.83
7.65	5.1035445e-11	-2.47956e-05	3.81473e-06	2.3842e-05	170.538
7.66	5.1102157999999995e-11	-1.81199e-05	-3.62399e-05	3.81472e-05	-116.112
7.67	5.1168871e-11	-3.81472e-05	-3.33788e-05	5.14986e-05	-138.606
7.68	5.123558399999999e-11	-5.72208e-06	-1.33515e-05	1.43052e-05	-117.642
7.69	5.1302297e-11	2.19346e-05	-1.33515e-05	2.3842e-05	-30.696
7.7	5.1369009999999997e-11	-4.95913e-05	-2.3842e-05	5.43597e-05	-153.12
7.71	5.1435723e-11	-4.00546e-05	-9.5368e-06	3.91009e-05	-167.154
7.72	5.1502435999999994e-11	-2.3842e-05	9.5368e-06	2.47956e-05	154.8
7.73	5.1569149e-11	2.86104e-06	-1.04905e-05	9.5368e-06	-82.404
7.74	5.1635862e-11	-2.6703e-05	-4.7684e-06	2.57493e-05	-172.878
7.75	5.1702575e-11	-1.14442e-05	1.14442e-05	1.52589e-05	133.152
7.76	5.1769287999999995e-11	-2.00273e-05	-9.53682e-07	2.00273e-05	-178.266
7.77	5.1836001e-11	-2.47956e-05	-1.33515e-05	2.6703e-05	-151.506
7.78	5.1902714e-11	-1.52589e-05	-2.00273e-05	2.3842e-05	-127.182
7.79	5.1969426999999995e-11	-3.05178e-05	-3.14715e-05	4.19619e-05	-134.37
7.8	5.203614e-11	-3.62399e-05	-2.3842e-05	4.10082e-05	-144.462
7.81	5.210285299999999e-11	-4.29156e-05	-3.81472e-05	5.6267e-05	-137.862
7.82	5.2169566e-11	-3.14715e-05	-2.9564e-05	4.10082e-05	-140.316
7.83	5.2236278999999996e-11	-4.7684e-06	-1.71663e-05	1.71663e-05	-104.034
7.84	5.2302992e-11	-1.43052e-05	-2.86104e-06	1.33515e-05	-169.218
7.85	5.2369704999999994e-11	-1.62126e-05	-4.7684e-06	1.52589e-05	-162.348
7.86	5.2436418e-11	-2.86104e-06	-3.05178e-05	2.86103e-05	-96.63
7.87	5.2503131e-11	-9.53682e-07	-2.47956e-05	2.47956e-05	-88.494
7.88	5.2569844e-11	2.19346e-05	-1.43052e-05	2.57493e-05	-30.696
7.89	5.2636556999999995e-11	-2.86103e-05	-6.67575e-06	2.86103e-05	-166.608
7.9	5.270327e-11	2.57493e-05	5.72208e-06	2.86103e-05	11.82
7.91	5.2769983e-11	6.67575e-06	2.19346e-05	2.19346e-05	74.748
7.92	5.2836695999999994e-11	1.04905e-05	8.58313e-06	1.23978e-05	40.602
7.93	5.2903408999999996e-11	5.72208e-06	-1.04905e-05	1.04905e-05	-58.392
7.94	5.2970122e-11	2.19346e-05	-2.6703e-05	3.24252e-05	-49.896
7.95	5.3036835e-11	4.00546e-05	0.0	3.81472e-05	-1.008
7.96	5.3103547999999996e-11	1.52589e-05	-1.81199e-05	2.19346e-05	-49.968
7.97	5.3170261e-11	3.05178e-05	-8.58313e-06	3.24252e-05	-13.764
7.98	5.3236974e-11	-3.62399e-05	-3.91009e-05	5.24523e-05	-133.98
7.99	5.3303687e-11	2.86103e-05	-6.19893e-05	6.5804e-05	-66.798
8.0	5.33704e-11	-3.71935e-05	-1.04905e-05	3.71935e-05	-165.72
8.01	5.343711299999999e-11	-2.28883e-05	2.86104e-06	2.19346e-05	171.636
8.02	5.3503825999999995e-11	-5.14986e-05	0.0	5.14986e-05	179.274
8.03	5.357053899999999e-11	-4.19619e-05	-9.53682e-07	4.10082e-05	-178.152
8.04	5.363725199999999e-11	3.81473e-06	-4.38693e-05	4.19619e-05	-83.76
8.05	5.3703965e-11	-2.86104e-06	-1.81199e-05	1.71663e-05	-96.342
8.06	5.3770678e-11	-2.86104e-06	-1.62126e-05	1.62126e-05	-101.31
8.07	5.3837391e-11	-2.28883e-05	-6.67575e-06	2.3842e-05	-170.538
8.08	5.3904104e-11	-4.67303e-05	-2.0981e-05	4.95913e-05	-155.172
8.09	5.3970816999999995e-11	-8.58313e-06	-2.00273e-05	2.0981e-05	-113.43
8.1	5.403753e-11	-9.5368e-06	-2.00273e-05	2.00273e-05	-112.482
8.11	5.410424299999999e-11	-2.6703e-05	-5.72208e-06	2.57493e-05	-165.258
8.12	5.4170955999999995e-11	-1.04905e-05	1.43052e-05	1.71663e-05	123.114
8.13	5.4237669000000003e-11	-2.3842e-05	1.62126e-05	2.9564e-05	145.956
8.14	5.4304382e-11	-3.81472e-05	-8.58313e-06	3.91009e-05	-168.504
8.15	5.4371095e-11	9.5368e-06	-2.28883e-05	2.3842e-05	-62.742
8.16	5.4437807999999996e-11	-2.86104e-06	2.86103e-05	2.86103e-05	97.596
8.17	5.4504521e-11	1.14442e-05	2.57493e-05	2.86103e-05	69.906
8.18	5.4571233999999994e-11	-1.52589e-05	2.9564e-05	3.24252e-05	116.562
8.19	5.4637946999999996e-11	-6.67575e-06	0.0	5.72208e-06	180.0
8.2	5.470465999999999e-11	-2.47956e-05	-2.6703e-05	3.52862e-05	-133.494
8.21	5.4771373000000006e-11	9.5368e-06	-2.00273e-05	2.19346e-05	-58.17
8.22	5.4838086e-11	-9.53682e-07	-4.76839e-05	4.67303e-05	-92.388
8.23	5.4904799e-11	1.81199e-05	-1.90736e-05	2.57493e-05	-47.046
8.24	5.4971512e-11	1.23978e-05	3.81473e-06	1.43052e-05	13.392
8.25	5.5038224999999995e-11	9.53682e-07	5.72208e-06	4.7684e-06	97.122
8.26	5.5104937999999996e-11	-3.81473e-06	-1.14442e-05	1.04905e-05	-102.528
8.27	5.517165099999999e-11	-1.71663e-05	-2.00273e-05	2.57493e-05	-125.706
8.28	5.5238363999999994e-11	-1.23978e-05	-1.62126e-05	1.90736e-05	-126.468
8.29	5.530507699999999e-11	-2.76567e-05	-8.58313e-06	2.57493e-05	-163.446
8.3	5.5371790000000004e-11	-2.0981e-05	-2.47956e-05	3.24252e-05	-132.582
8.31	5.5438503e-11	-3.81472e-05	-4.7684e-06	3.71935e-05	-174.804
8.32	5.5505216e-11	-4.00546e-05	-4.38693e-05	5.9128e-05	-132.78
8.33	5.5571929e-11	-1.33515e-05	0.0	1.33515e-05	177.276
8.34	5.5638642e-11	-2.6703e-05	-3.33788e-05	4.19619e-05	-128.514
8.35	5.5705354999999995e-11	-2.6703e-05	-5.81744e-05	6.2943e-05	-115.512
8.36	5.577206799999999e-11	-4.57766e-05	-3.62399e-05	5.6267e-05	-141.342
8.37	5.583878099999999e-11	-1.81199e-05	-3.81472e-05	4.19619e-05	-116.16
8.38	5.5905494e-11	3.81473e-06	-3.14715e-05	3.24252e-05	-80.73
8.39	5.5972207e-11	-1.81199e-05	-4.10082e-05	4.38693e-05	-111.162
8.4	5.603892e-11	1.23978e-05	5.72208e-06	1.52589e-05	22.248
8.41	5.6105633e-11	9.5368e-06	-1.90736e-06	9.5368e-06	-3.576
8.42	5.6172345999999996e-11	5.72208e-06	1.71663e-05	1.90736e-05	78.312
8.43	5.6239059e-11	0.0	-6.67575e-06	6.67575e-06	-90.0
8.44	5.630577199999999e-11	3.62399e-05	-1.43052e-05	3.81472e-05	-20.322
8.45	5.6372484999999995e-11	3.81472e-05	3.14715e-05	4.86376e-05	39.51
8.46	5.6439198000000003e-11	2.47956e-05	-9.5368e-06	2.57493e-05	-20.226
8.47	5.6505911e-11	-1.52589e-05	8.58313e-06	1.71663e-05	149.742
8.48	5.6572624e-11	-1.43052e-05	3.24252e-05	3.43325e-05	115.08
8.49	5.6639336999999996e-11	2.3842e-05	-2.6703e-05	3.52862e-05	-47.292
8.5	5.670605e-11	1.43052e-05	9.5368e-06	1.71663e-05	35.538
8.51	5.6772762999999994e-11	1.14442e-05	-3.24252e-05	3.43325e-05	-71.916
8.52	5.6839475999999996e-11	-1.43052e-05	1.90736e-06	1.33515e-05	171.87
8.53	5.690618899999999e-11	-3.33788e-05	-5.3406e-05	6.2943e-05	-123.522
8.54	5.697290199999999e-11	-4.95913e-05	-4.19619e-05	6.48503e-05	-141.162
8.55	5.7039615e-11	-7.82018e-05	-3.71935e-05	8.58312e-05	-154.422
8.56	5.7106328000000004e-11	-1.81199e-05	-4.29156e-05	4.57766e-05	-111.804
8.57	5.7173041e-11	-7.1526e-05	-3.33788e-05	7.62944e-05	-155.886
8.58	5.7239753999999995e-11	-4.38693e-05	-2.00273e-05	4.67303e-05	-155.958
8.59	5.7306466999999997e-11	2.86103e-05	1.90736e-06	2.9564e-05	1.248
8.6	5.737317999999999e-11	2.0981e-05	2.57493e-05	3.43325e-05	49.764
8.61	5.7439892999999994e-11	1.90736e-06	-2.00273e-05	2.00273e-05	-82.65
8.62	5.750660599999999e-11	-2.00273e-05	-3.05178e-05	3.62399e-05	-126.252
8.63	5.7573319000000004e-11	1.90736e-06	0.0	0.0	0.0
8.64	5.7640032e-11	-2.28883e-05	-6.67575e-06	2.3842e-05	-167.472
8.65	5.7706745e-11	-6.67575e-06	-2.00273e-05	1.90736e-05	-106.506
8.66	5.7773458e-11	2.28883e-05	-2.28883e-05	3.33788e-05	-43.41
8.67	5.7840171e-11	8.58313e-06	-6.67575e-06	9.5368e-06	-47.724
8.68	5.7906883999999995e-11	-3.62399e-05	-4.29156e-05	5.53133e-05	-131.058
8.69	5.7973596999999997e-11	-9.5368e-06	-2.28883e-05	2.3842e-05	-107.928
8.7	5.804030999999999e-11	-4.7684e-06	-2.86103e-05	2.6703e-05	-97.122
8.71	5.8107023e-11	-2.9564e-05	-2.00273e-05	3.33788e-05	-144.726
8.72	5.8173736e-11	-2.00273e-05	-2.0981e-05	2.9564e-05	-136.788
8.73	5.8240449e-11	1.62126e-05	-1.04905e-05	1.90736e-05	-30.966
8.74	5.8307162e-11	-3.05178e-05	-2.86104e-06	3.05178e-05	-177.564
8.75	5.8373875e-11	-4.86376e-05	-3.05178e-05	5.6267e-05	-147.06
8.76	5.8440588e-11	-4.57766e-05	-1.71663e-05	4.86376e-05	-158.91
8.77	5.8507301e-11	-1.04905e-05	-3.43325e-05	3.52862e-05	-104.298
8.78	5.857401399999999e-11	-4.48229e-05	-5.72208e-06	4.57766e-05	-174.288
8.79	5.864072699999999e-11	-1.81199e-05	2.86103e-05	3.24252e-05	125.274
8.8	5.870744e-11	-2.3842e-05	-2.86104e-06	2.3842e-05	-172.302
8.81	5.8774153e-11	-2.47956e-05	2.86104e-06	2.28883e-05	170.274
8.82	5.8840866e-11	6.67575e-06	-7.62945e-06	1.04905e-05	-47.49
8.83	5.8907579e-11	-2.0981e-05	-7.62945e-06	2.19346e-05	-159.444
8.84	5.8974292e-11	-5.72208e-06	-1.52589e-05	1.52589e-05	-109.98
8.85	5.904100499999999e-11	-3.71935e-05	-3.05178e-05	4.67303e-05	-140.712
8.86	5.910771799999999e-11	-2.19346e-05	-2.3842e-05	3.14715e-05	-129.96
8.87	5.917443099999999e-11	8.58313e-06	-1.62126e-05	1.71663e-05	-59.418
8.88	5.924114400000001e-11	0.0	-1.14442e-05	1.04905e-05	-73.608
8.89	5.9307857e-11	-9.5368e-06	9.53682e-07	7.62945e-06	165.966
8.9	5.937457e-11	-9.5368e-06	1.71663e-05	1.90736e-05	110.322
8.91	5.9441283e-11	-4.67303e-05	-2.47956e-05	5.24523e-05	-151.506
8.92	5.950799599999999e-11	-2.76567e-05	-1.43052e-05	3.05178e-05	-153.438
8.93	5.957470899999999e-11	-3.43325e-05	-4.29156e-05	5.3406e-05	-127.44
8.94	5.9641422e-11	-3.62399e-05	-1.90736e-06	3.52862e-05	-176.7
8.95	5.9708135e-11	-2.0981e-05	-4.7684e-06	2.19346e-05	-171.384
8.96	5.9774848e-11	-1.52589e-05	6.67575e-06	1.52589e-05	157.752
8.97	5.9841561e-11	3.81473e-06	-2.19346e-05	2.0981e-05	-71.568
8.98	5.9908274e-11	-2.00273e-05	-7.62945e-06	1.90736e-05	-154.29
8.99	5.9974987e-11	1.90736e-06	-2.0981e-05	2.00273e-05	-86.31
9.0	6.004169999999999e-11	0.0	-1.33515e-05	1.14442e-05	-79.992
9.01	6.0108413e-11	2.28883e-05	-3.14715e-05	3.71935e-05	-53.748
9.02	6.0175126e-11	-5.24523e-05	-4.00546e-05	6.48503e-05	-141.162
9.03	6.0241839e-11	-3.71935e-05	-9.5368e-06	3.62399e-05	-167.244
9.04	6.030855199999999e-11	1.90736e-06	-1.43052e-05	1.33515e-05	-87.396
9.05	6.0375265e-11	9.53682e-07	-1.81199e-05	1.81199e-05	-90.0
9.06	6.0441978e-11	-2.0981e-05	-2.76567e-05	3.33788e-05	-128.478
9.07	6.0508691e-11	3.81473e-06	-2.9564e-05	2.9564e-05	-78.438
9.08	6.0575404e-11	-1.71663e-05	7.62945e-06	1.71663e-05	148.674
9.09	6.0642117e-11	-1.43052e-05	-5.72208e-06	1.62126e-05	-164.358
9.1	6.070883e-11	-9.5368e-06	-1.23978e-05	1.43052e-05	-117.756
9.11	6.077554299999999e-11	-2.3842e-05	-4.29156e-05	4.86376e-05	-119.052
9.12	6.084225599999999e-11	-2.28883e-05	-2.28883e-05	2.9564e-05	-134.088
9.13	6.0908969e-11	-9.5368e-06	1.52589e-05	1.90736e-05	128.046
9.14	6.0975682e-11	-1.90736e-05	-3.05178e-05	3.52862e-05	-121.89
9.15	6.1042395e-11	-2.3842e-05	-1.04905e-05	2.57493e-05	-158.964
9.16	6.1109108e-11	-2.0981e-05	-1.71663e-05	2.57493e-05	-141.114
9.17	6.1175821e-11	-4.7684e-06	2.28883e-05	2.3842e-05	101.004
9.18	6.124253399999999e-11	1.90736e-06	1.62126e-05	1.62126e-05	83.16
9.19	6.130924699999999e-11	-3.33788e-05	-1.62126e-05	3.52862e-05	-155.82
9.2	6.137595999999999e-11	-1.04905e-05	-3.33788e-05	3.43325e-05	-106.698
9.21	6.144267300000001e-11	-7.62945e-06	1.33515e-05	1.52589e-05	119.748
9.22	6.1509386e-11	-3.71935e-05	-9.53682e-07	3.52862e-05	-178.92
9.23	6.1576099e-11	-1.33515e-05	1.04905e-05	1.52589e-05	143.616
9.24	6.1642812e-11	-2.47956e-05	1.62126e-05	2.9564e-05	147.03
9.25	6.1709525e-11	-4.00546e-05	-1.14442e-05	4.10082e-05	-166.65
9.26	6.177623799999999e-11	1.04905e-05	1.52589e-05	1.90736e-05	50.442
9.27	6.1842951e-11	-6.67575e-06	-1.81199e-05	1.90736e-05	-114.774
9.28	6.1909664e-11	2.86104e-06	-1.43052e-05	1.52589e-05	-77.736
9.29	6.197637699999999e-11	-3.43325e-05	-3.81472e-05	5.0545e-05	-132.918
9.3	6.204309e-11	-3.14715e-05	-4.7684e-06	3.14715e-05	-169.38
9.31	6.2109803e-11	-2.76567e-05	-2.86104e-06	2.57493e-05	-172.692
9.32	6.2176516e-11	-1.62126e-05	-5.72208e-06	1.52589e-05	-160.824
9.33	6.224322899999999e-11	-1.23978e-05	1.90736e-06	1.14442e-05	169.992
9.34	6.2309942e-11	1.90736e-06	-6.67575e-06	6.67575e-06	-63.438
9.35	6.2376655e-11	0.0	-2.47956e-05	2.3842e-05	-88.452
9.36	6.2443368e-11	-1.52589e-05	-3.81473e-06	1.52589e-05	-172.566
9.37	6.251008099999999e-11	3.05178e-05	-9.5368e-06	3.05178e-05	-19.572
9.38	6.2576794e-11	-1.71663e-05	4.7684e-06	1.71663e-05	164.358
9.39	6.2643507e-11	-3.33788e-05	-3.43325e-05	4.86376e-05	-134.442
9.4	6.271022e-11	-2.00273e-05	-9.53682e-07	2.0981e-05	-178.266
9.41	6.2776933e-11	-2.28883e-05	0.0	2.19346e-05	-178.314
9.42	6.2843646e-11	-2.28883e-05	-1.81199e-05	2.86103e-05	-148.134
9.43	6.2910359e-11	-3.05178e-05	5.72208e-06	2.9564e-05	170.754
9.44	6.297707199999999e-11	-2.6703e-05	-2.6703e-05	3.71935e-05	-137.934
9.45	6.304378499999999e-11	-5.24523e-05	6.67575e-06	5.0545e-05	171.654
9.46	6.3110498e-11	-2.6703e-05	-2.47956e-05	3.52862e-05	-137.232
9.47	6.317721100000001e-11	-1.14442e-05	0.0	8.58313e-06	180.0
9.48	6.3243924e-11	5.72208e-06	-4.00546e-05	4.00546e-05	-83.556
9.49	6.3310637e-11	-9.5368e-06	-1.52589e-05	1.71663e-05	-123.114
9.5	6.337735e-11	-9.5368e-06	-4.00546e-05	4.00546e-05	-103.35
9.51	6.344406299999999e-11	0.0	0.0	0.0	45.0
9.52	6.351077599999999e-11	-2.86104e-06	5.72208e-06	5.72208e-06	106.698
9.53	6.357748899999999e-11	1.23978e-05	2.86104e-06	1.33515e-05	8.13
9.54	6.3644202e-11	1.90736e-06	-1.81199e-05	1.71663e-05	-79.116
9.55	6.3710915e-11	-4.48229e-05	-7.62945e-06	4.29156e-05	-170.094
9.56	6.3777628e-11	-2.6703e-05	7.62945e-06	2.6703e-05	164.25
9.57	6.3844341e-11	-7.62945e-06	-2.76567e-05	2.86103e-05	-107.196
9.58	6.3911054e-11	-3.81473e-06	-2.9564e-05	2.86103e-05	-92.544
9.59	6.397776699999999e-11	-2.3842e-05	-3.14715e-05	3.81472e-05	-125.076
9.6	6.404448e-11	-2.3842e-05	3.81473e-06	2.3842e-05	173.832
9.61	6.4111193e-11	-1.33515e-05	-1.81199e-05	2.19346e-05	-124.158
9.62	6.417790599999999e-11	6.67575e-06	-3.62399e-05	3.52862e-05	-78.054
9.63	6.4244619e-11	-1.14442e-05	-2.3842e-05	2.6703e-05	-116.562
9.64	6.4311332e-11	-1.04905e-05	-5.3406e-05	5.3406e-05	-100.62
9.65	6.4378045e-11	1.04905e-05	-7.62945e-06	1.23978e-05	-29.358
9.66	6.444475799999999e-11	2.28883e-05	-3.14715e-05	3.71935e-05	-56.022
9.67	6.4511471e-11	3.05178e-05	8.58313e-06	3.14715e-05	16.926
9.68	6.4578184e-11	3.81473e-06	2.00273e-05	2.19346e-05	78.69
9.69	6.4644897e-11	1.71663e-05	2.86103e-05	3.43325e-05	59.982
9.7	6.471160999999999e-11	4.57766e-05	1.71663e-05	5.0545e-05	20.298
9.71	6.4778323e-11	3.52862e-05	1.23978e-05	3.52862e-05	20.808
9.72	6.4845036e-11	5.72207e-05	1.04905e-05	5.72207e-05	9.462
9.73	6.4911749e-11	4.38693e-05	-1.62126e-05	4.86376e-05	-18.192
9.74	6.4978462e-11	9.5368e-06	0.0	8.58313e-06	0.0
9.75	6.5045175e-11	-6.67575e-06	5.72208e-06	6.67575e-06	124.992
9.76	6.5111888e-11	-9.53682e-07	-1.90736e-06	9.53682e-07	-45.0
9.77	6.517860099999999e-11	6.38966e-05	2.00273e-05	6.77113e-05	17.556
9.78	6.524531399999999e-11	4.38693e-05	-2.19346e-05	4.76839e-05	-27.276
9.79	6.531202699999999e-11	-1.04905e-05	2.19346e-05	2.47956e-05	115.908
9.8	6.537874000000001e-11	-6.67575e-06	-4.7684e-06	5.72208e-06	-139.398
9.81	6.5445453e-11	0.0	-1.43052e-05	1.33515e-05	-92.724
9.82	6.5512166e-11	-5.3406e-05	-1.81199e-05	5.53133e-05	-160.71
9.83	6.5578879e-11	-2.86104e-06	5.72208e-06	8.58313e-06	122.472
9.84	6.564559199999999e-11	-6.67575e-06	-3.43325e-05	3.43325e-05	-103.242
9.85	6.571230499999999e-11	-4.00546e-05	-1.90736e-06	4.10082e-05	-179.076
9.86	6.577901799999999e-11	-7.62945e-06	-3.33788e-05	3.52862e-05	-104.034
9.87	6.5845731e-11	1.71663e-05	-4.29156e-05	4.48229e-05	-65.772
9.88	6.5912444e-11	-2.00273e-05	-6.67575e-06	2.00273e-05	-158.55
9.89	6.5979157e-11	-1.04905e-05	0.0	9.5368e-06	172.404
9.9	6.604587e-11	3.81473e-06	7.62945e-06	8.58313e-06	61.392
9.91	6.6112583e-11	9.53682e-07	-7.62945e-06	8.58313e-06	-85.914
9.92	6.617929599999999e-11	2.3842e-05	-1.62126e-05	2.86103e-05	-30.732
9.93	6.6246009e-11	1.52589e-05	1.62126e-05	2.28883e-05	45.0
9.94	6.6312722e-11	-3.14715e-05	-2.6703e-05	4.10082e-05	-139.602
9.95	6.6379435e-11	-3.62399e-05	0.0	3.43325e-05	178.878
9.96	6.6446148e-11	-6.2943e-05	-3.43325e-05	7.05724e-05	-151.05
9.97	6.6512861e-11	-6.00817e-05	-4.38693e-05	7.43871e-05	-145.752
9.98	6.6579574e-11	-7.82018e-05	-5.3406e-05	9.44142e-05	-145.758
9.99	6.664628699999999e-11	-6.10356e-05	-6.10356e-05	8.48775e-05	-134.37
10.0	6.6713e-11	-7.1526e-05	-4.19619e-05	8.10628e-05	-148.878
10.01	6.6779713e-11	-8.10628e-05	-2.47956e-05	8.20165e-05	-163.482
10.02	6.6846426e-11	3.81473e-06	-2.00273e-05	1.90736e-05	-84.096
10.03	6.691313899999999e-11	0.0	5.72208e-06	5.72208e-06	66.036
10.04	6.697985199999999e-11	-1.23978e-05	1.81199e-05	2.19346e-05	115.824
10.05	6.7046565e-11	-2.86103e-05	1.33515e-05	3.05178e-05	150.708
10.06	6.7113278e-11	7.62945e-06	3.05178e-05	3.14715e-05	76.83
10.07	6.7179991e-11	2.86103e-05	-1.81199e-05	3.24252e-05	-33.366
10.08	6.7246704e-11	-2.86104e-06	-1.52589e-05	1.33515e-05	-103.392
10.09	6.7313417e-11	-3.62399e-05	-3.05178e-05	4.57766e-05	-140.712
10.1	6.738012999999999e-11	-2.6703e-05	-4.7684e-06	2.47956e-05	-172.302
10.11	6.744684299999999e-11	-7.34334e-05	-2.47956e-05	7.72481e-05	-161.568
10.12	6.751355599999999e-11	-5.3406e-05	-4.29156e-05	6.77113e-05	-140.628
10.13	6.758026900000001e-11	-1.43052e-05	-1.71663e-05	2.19346e-05	-131.184
10.14	6.7646982e-11	-5.53133e-05	-2.3842e-05	6.00817e-05	-157.044
10.15	6.7713695e-11	-6.67577e-05	-1.62126e-05	6.77113e-05	-168.024
10.16	6.7780408e-11	-7.34334e-05	-1.43052e-05	7.43871e-05	-168.192
10.17	6.7847121e-11	-2.57493e-05	-2.6703e-05	3.52862e-05	-134.214
10.18	6.791383399999999e-11	-2.6703e-05	-5.72208e-06	2.76567e-05	-171.672
10.19	6.798054699999999e-11	-6.2943e-05	-1.62126e-05	6.38966e-05	-165.678
10.2	6.804726e-11	-3.24252e-05	-7.62945e-06	3.14715e-05	-167.988
10.21	6.8113973e-11	-5.9128e-05	-1.62126e-05	6.19893e-05	-164.64
10.22	6.8180686e-11	-4.86376e-05	-3.33788e-05	5.81744e-05	-145.224
10.23	6.8247399e-11	-4.67303e-05	-3.62399e-05	5.9128e-05	-144.534
10.24	6.8314112e-11	-9.34605e-05	-2.19346e-05	9.44142e-05	-167.43
10.25	6.838082499999999e-11	-8.58312e-05	-1.52589e-05	8.58312e-05	-169.812
10.26	6.8447538e-11	-7.72481e-05	-5.3406e-05	9.25069e-05	-144.036
10.27	6.8514251e-11	-7.72481e-05	-3.05178e-05	8.10628e-05	-158.892
10.28	6.8580964e-11	-8.48775e-05	-4.95913e-05	9.72752e-05	-149.574
10.29	6.864767699999999e-11	-0.000112534	-6.2943e-05	0.000127793	-151.032
10.3	6.871439e-11	-0.00011158	-2.6703e-05	0.000114441	-166.932
10.31	6.8781103e-11	-0.000100136	-4.95913e-05	0.000110627	-154.356
10.32	6.884781599999999e-11	-0.000128747	-2.0981e-05	0.000127793	-170.784
10.33	6.8914529e-11	-0.00010109	-3.62399e-05	0.000105858	-160.32
10.34	6.8981242e-11	-0.000104905	-4.76839e-05	0.000114441	-155.97
10.35	6.9047955e-11	-8.67848e-05	-5.0545e-05	9.91826e-05	-150.726
10.36	6.911466799999999e-11	-0.000121117	-4.48229e-05	0.000127793	-159.69
10.37	6.918138099999999e-11	-0.000156404	-7.24797e-05	0.000169755	-154.536
10.38	6.9248094e-11	-0.000131608	-5.6267e-05	0.000141145	-157.404
10.39	6.9314807e-11	-0.000164987	-4.86376e-05	0.000172616	-164.142
10.4	6.938152e-11	-0.000191689	-6.2943e-05	0.000199319	-162.108
10.41	6.9448233e-11	-0.000157357	-8.86922e-05	0.000179292	-150.096
10.42	6.9514946e-11	-0.000195504	-7.53407e-05	0.000209809	-158.976
10.43	6.958165899999999e-11	-0.000183106	-6.48503e-05	0.000193597	-161.256
10.44	6.964837199999999e-11	-0.000222207	-7.91554e-05	0.000236512	-160.65
10.45	6.971508499999999e-11	-0.000203134	-9.53679e-05	0.000223161	-155.046
10.46	6.978179800000001e-11	-0.000234605	-8.86922e-05	0.000248911	-158.994
10.47	6.9848511e-11	-0.000250818	-0.000124932	0.000278475	-153.678
10.48	6.9915224e-11	-0.000271799	-8.39238e-05	0.000283243	-163.056
10.49	6.9981937e-11	-0.000277521	-0.000115395	0.000298502	-157.674
10.5	7.004865e-11	-0.000301363	-0.000134469	0.000330927	-156.168
10.51	7.011536299999999e-11	-0.0003109	-0.000142098	0.000342371	-155.226
10.52	7.018207599999999e-11	-0.000304224	-0.000170709	0.000348093	-150.54
10.53	7.0248789e-11	-0.000333788	-0.000150681	0.000366213	-155.994
10.54	7.031550199999998e-11	-0.000325205	-0.000163079	0.000361444	-153.294
10.55	7.0382215e-11	-0.000361444	-0.000185014	0.000405313	-152.976
10.56	7.0448928e-11	-0.000376703	-0.000219346	0.000435831	-149.754
10.57	7.0515641e-11	-0.000387194	-0.000180245	0.000425341	-155.28
10.58	7.058235399999999e-11	-0.000392916	-0.00019455	0.000435831	-153.474
10.59	7.0649067e-11	-0.000387194	-0.000227929	0.000447275	-149.388
10.6	7.071578e-11	-0.000420572	-0.00023079	0.000476839	-151.068
10.61	7.0782493e-11	-0.00045109	-0.000225068	0.000504497	-153.468
10.62	7.084920599999999e-11	-0.000489239	-0.000249865	0.000548366	-152.91
10.63	7.0915919e-11	-0.000498775	-0.000250818	0.00055695	-153.222
10.64	7.0982632e-11	-0.000518803	-0.000266077	0.000582699	-152.97
10.65	7.104934499999999e-11	-0.000542644	-0.000289919	0.000616077	-152.106
10.66	7.1116058e-11	-0.000547413	-0.000299456	0.000623707	-151.464
10.67	7.1182771e-11	-0.000582699	-0.000304224	0.000654224	-152.52
10.68	7.1249484e-11	-0.000570301	-0.000308992	0.000649456	-151.542
10.69	7.131619699999999e-11	-0.000629429	-0.000361444	0.000724796	-150.162
10.7	7.138290999999999e-11	-0.000646595	-0.000366213	0.000741009	-150.51
10.71	7.1449623e-11	-0.000702862	-0.000418665	0.000816349	-149.202
10.72	7.151633600000001e-11	-0.00075436	-0.000436785	0.000870708	-149.862
10.73	7.1583049e-11	-0.000735287	-0.000465395	0.000866894	-147.57
10.74	7.1649762e-11	-0.000767712	-0.000432016	0.000879291	-150.66
10.75	7.1716475e-11	-0.000812534	-0.000430109	0.000918392	-152.244
10.76	7.178318799999999e-11	-0.000883106	-0.000475885	0.00100041	-151.662
10.77	7.184990099999999e-11	-0.000903133	-0.000475885	0.00102044	-152.334
10.78	7.191661399999999e-11	-0.00091267	-0.000511173	0.00104619	-150.744
10.79	7.1983327e-11	-0.000921253	-0.000540737	0.00106812	-149.682
10.8	7.205004e-11	-0.000998504	-0.000597004	0.00116349	-149.034
10.81	7.2116753e-11	-0.00105477	-0.000633243	0.00122739	-148.992
10.82	7.2183466e-11	-0.00104047	-0.00062466	0.00121308	-149.094
10.83	7.2250179e-11	-0.00109578	-0.000653271	0.00127602	-149.298
10.84	7.231689199999999e-11	-0.00113297	-0.000704769	0.00133324	-148.116
10.85	7.238360499999999e-11	-0.00116158	-0.000760082	0.00138856	-146.808
10.86	7.2450318e-11	-0.00119401	-0.000764851	0.00141717	-147.348
10.87	7.2517031e-11	-0.0012188	-0.000799183	0.00145531	-146.766
10.88	7.2583744e-11	-0.00122071	-0.000862125	0.00149251	-144.708
10.89	7.2650457e-11	-0.00126267	-0.000844005	0.0015173	-146.25
10.9	7.271717e-11	-0.00122262	-0.000860218	0.00149442	-144.906
10.91	7.278388299999999e-11	-0.00114632	-0.000864033	0.00143338	-142.974
10.92	7.2850596e-11	-0.000972752	-0.00081921	0.0012703	-139.872
10.93	7.2917309e-11	-0.000679974	-0.000735287	0.000996597	-132.534
10.94	7.2984022e-11	-0.000144959	-0.000545505	0.000561718	-104.232
10.95	7.305073499999999e-11	0.000613216	-0.000171662	0.000639919	-15.162
10.96	7.3117448e-11	0.00155354	0.000320436	0.00159646	11.754
10.97	7.3184161e-11	0.00275613	0.000999458	0.00294115	19.908
10.98	7.325087399999999e-11	0.00430682	0.00189305	0.00471976	23.712
10.99	7.3317587e-11	0.00601867	0.00298502	0.00672916	26.352
11.0	7.33843e-11	0.00766185	0.00408176	0.0086928	28.038
11.01	7.3451013e-11	0.00908667	0.00514892	0.0104552	29.526
11.02	7.351772599999999e-11	0.00988108	0.00571445	0.0114213	30.042
11.03	7.358443899999999e-11	0.00962073	0.00561622	0.011139	30.288
11.04	7.365115199999999e-11	0.00827128	0.00483039	0.00956255	30.306
11.05	7.371786500000001e-11	0.00592139	0.00344755	0.00682166	30.288
11.06	7.3784578e-11	0.0027485	0.0016594	0.00318815	31.218
11.0705	7.385462664999999e-11	-0.000377657	-8.96459e-05	0.000411989	-166.182
11.08	7.3918004e-11	-0.0024996	-0.00125409	0.0028124	-153.426
11.09	7.398471699999999e-11	-0.00332929	-0.00166894	0.00372697	-153.39
11.1	7.405142999999999e-11	-0.00286199	-0.00136281	0.00316526	-154.602
11.11	7.411814299999999e-11	-0.00154019	-0.00076199	0.00170804	-153.588
11.12	7.4184856e-11	-0.000363352	-0.000226975	0.000419619	-147.588
11.13	7.4251569e-11	0.000157357	-7.43871e-05	0.000179292	-23.832
11.14	7.4318282e-11	3.52862e-05	-0.00015545	0.000158311	-78.876
11.15	7.4384995e-11	-0.000471117	-0.000340464	0.000583652	-144.354
11.16	7.4451708e-11	-0.000639919	-0.000331881	0.000719074	-152.676
11.17	7.451842099999999e-11	-0.000393869	-9.25069e-05	0.000399591	-166.866
11.18	7.458513399999999e-11	0.000107766	0.000190736	0.000222207	59.412
11.19	7.4651847e-11	0.000328066	0.000247957	0.000415804	36.414
11.2	7.471856e-11	0.000141145	7.62944e-05	0.000159265	29.262
11.21	7.4785273e-11	-0.000308039	-0.00017357	0.000354769	-150.798
11.22	7.4851986e-11	-0.000636104	-0.00032139	0.000714306	-153.27
11.23	7.4918699e-11	-0.000636104	-0.000259401	0.000684742	-157.698
11.24	7.498541199999999e-11	-0.000291826	-1.81199e-05	0.000287058	-176.658
11.25	7.5052125e-11	2.3842e-05	8.96459e-05	9.25069e-05	73.38
11.26	7.5118838e-11	2.76567e-05	7.24797e-05	7.72481e-05	69.678
11.27	7.5185551e-11	-0.00033951	-0.00019455	0.000391962	-150.186
11.28	7.525226399999999e-11	-0.000759128	-0.000442507	0.000881199	-149.82
11.29	7.531897699999999e-11	-0.00100804	-0.00056744	0.00115872	-150.696
11.3	7.538569e-11	-0.000934605	-0.000473978	0.00104619	-153.06
11.31	7.545240299999999e-11	-0.000592235	-0.000283243	0.000652317	-154.434
11.32	7.5519116e-11	-0.000205995	-8.01091e-05	0.000218392	-159.24
11.33	7.5585829e-11	-3.62399e-05	4.57766e-05	5.9128e-05	127.254
11.34	7.5652542e-11	-2.28883e-05	4.10082e-05	4.57766e-05	117.324
11.35	7.571925499999999e-11	-5.9128e-05	5.72208e-06	5.9128e-05	175.554
11.36	7.578596799999999e-11	-0.000170709	-9.53679e-05	0.000195504	-150.834
11.37	7.585268099999999e-11	-0.00033951	-0.000164033	0.000378611	-154.56
11.38	7.591939400000001e-11	-0.000545505	-0.00028515	0.000617031	-152.55
11.39	7.5986107e-11	-0.00070763	-0.00035	0.000787739	-153.696
11.4	7.605282e-11	-0.000734333	-0.00035	0.000812534	-154.548
11.41	7.6119533e-11	-0.000618938	-0.000275614	0.000677112	-156.006
11.42	7.6186246e-11	-0.000408174	-0.00018406	0.000445368	-155.892
11.43	7.625295899999999e-11	-0.000267031	-0.000146867	0.00030327	-151.458
11.44	7.631967199999999e-11	-0.00025654	-0.000144959	0.000291826	-150.288
11.45	7.6386385e-11	-0.000315668	-0.0002203	0.000385286	-145.128
11.46	7.6453098e-11	-0.00039673	-0.0002203	0.000454905	-151.11
11.47	7.6519811e-11	-0.000364305	-0.000195504	0.000412943	-151.572
11.48	7.6586524e-11	-0.00023079	-0.000134469	0.000266077	-150.096
11.49	7.6653237e-11	-0.000117302	-2.28883e-05	0.000117302	-168.816
11.5	7.671994999999999e-11	-8.48775e-05	-3.52862e-05	9.05995e-05	-157.188
11.51	7.6786663e-11	-0.000146867	-4.48229e-05	0.000153542	-163.278
11.52	7.6853376e-11	-0.000281336	-0.000141145	0.000316622	-153.486
11.53	7.6920089e-11	-0.000403406	-0.000237466	0.000468256	-149.466
11.54	7.698680199999999e-11	-0.000506405	-0.000296595	0.000584606	-149.628
11.55	7.7053515e-11	-0.000516895	-0.000298502	0.00059605	-150.024
11.56	7.7120228e-11	-0.000574116	-0.000318529	0.000657085	-150.966
11.57	7.718694099999999e-11	-0.000547413	-0.0003109	0.000628475	-150.222
11.58	7.7253654e-11	-0.000448229	-0.00027466	0.000522617	-148.434
11.59	7.7320367e-11	-0.000278475	-0.000117302	0.000300409	-157.254
11.6	7.738708e-11	-8.20165e-05	1.71663e-05	8.29701e-05	167.076
11.61	7.745379299999999e-11	0.000117302	7.24797e-05	0.000139237	31.806
11.62	7.752050599999999e-11	0.000167848	8.58312e-05	0.000185967	27.48
11.63	7.7587219e-11	-5.72208e-06	2.00273e-05	1.90736e-05	104.034
11.64	7.7653932e-11	-0.00017357	-0.00013733	0.000223161	-141.87
11.65	7.7720645e-11	-0.000400545	-0.000270845	0.000484468	-146.07
11.66	7.7787358e-11	-0.000476839	-0.00027466	0.000548366	-149.982
11.67	7.7854071e-11	-0.000394823	-0.000225068	0.000454905	-150.546
11.68	7.792078399999999e-11	-0.000222207	-0.000109673	0.000245096	-153.714
11.69	7.798749699999999e-11	5.72208e-06	-1.04905e-05	1.33515e-05	-37.404
11.7	7.805420999999999e-11	0.000130654	9.72752e-05	0.000163079	36.54
11.71	7.812092300000001e-11	0.000192643	5.6267e-05	0.00020218	16.41
11.72	7.8187636e-11	0.000130654	5.72208e-06	0.000128747	2.964
11.73	7.8254349e-11	-3.52862e-05	-8.48775e-05	9.05995e-05	-112.812
11.74	7.8321062e-11	-0.000162126	-0.000102044	0.000192643	-148.728
11.75	7.8387775e-11	-0.000243188	-8.96459e-05	0.000258448	-159.234
11.76	7.845448799999999e-11	-0.000164033	-7.82018e-05	0.000181199	-154.566
11.77	7.852120099999999e-11	-9.15532e-05	-5.9128e-05	0.000107766	-146.904
11.78	7.8587914e-11	-4.67303e-05	-6.8665e-05	8.10628e-05	-122.79
11.79	7.865462699999998e-11	-9.82289e-05	-7.24797e-05	0.000121117	-143.004
11.8	7.872134e-11	-0.000183106	-0.000172616	0.000251772	-136.926
11.81	7.8788053e-11	-0.000209809	-0.000157357	0.000263216	-143.706
11.82	7.8854766e-11	-0.000204087	-0.000182153	0.000273706	-138.042
11.83	7.892147899999999e-11	-0.000181199	-0.000151635	0.000234605	-140.088
11.84	7.8988192e-11	-0.00011158	-9.91826e-05	0.00014782	-138.282
11.85	7.9054905e-11	-9.25069e-05	-8.01091e-05	0.000122071	-139.398
11.86	7.9121618e-11	-8.58312e-05	-7.91554e-05	0.000115395	-137.79
11.87	7.918833099999999e-11	-2.76567e-05	-5.43597e-05	5.9128e-05	-118.26
11.88	7.9255044e-11	7.53407e-05	5.9128e-05	9.82289e-05	37.332
11.89	7.9321757e-11	0.000125886	4.57766e-05	0.000134469	19.596
11.9	7.938846999999999e-11	0.000104905	1.52589e-05	0.000105858	8.994
11.91	7.9455183e-11	2.9564e-05	-2.28883e-05	3.71935e-05	-36.468
11.92	7.9521896e-11	-6.67577e-05	-8.01091e-05	0.000104905	-129.9
11.93	7.9588609e-11	-0.00011158	-7.82018e-05	0.000134469	-145.056
11.94	7.965532199999999e-11	-4.76839e-05	-9.5368e-06	4.57766e-05	-169.176
11.95	7.972203499999999e-11	1.62126e-05	5.6267e-05	5.9128e-05	73.794
11.96	7.9788748e-11	9.91826e-05	3.91009e-05	0.000106812	21.138
11.97	7.9855461e-11	6.5804e-05	-2.76567e-05	7.05724e-05	-22.914
11.98	7.9922174e-11	-9.15532e-05	-6.67577e-05	0.00011158	-143.544
11.99	7.9988887e-11	-0.000150681	-0.000128747	0.000198365	-139.626
12.0	8.00556e-11	-0.000181199	-0.000113488	0.00021267	-148.05
12.01	8.012231299999999e-11	-0.000128747	-6.19893e-05	0.000141145	-154.278
12.02	8.018902599999999e-11	-1.33515e-05	1.62126e-05	2.00273e-05	126.156
12.03	8.025573899999999e-11	5.81744e-05	1.71663e-05	6.10356e-05	17.058
12.04	8.0322452e-11	6.19893e-05	3.71935e-05	7.24797e-05	29.808
12.05	8.0389165e-11	-2.86104e-06	-3.33788e-05	3.24252e-05	-95.826
12.06	8.0455878e-11	-0.000113488	-7.34334e-05	0.000134469	-147.246
12.07	8.0522591e-11	-0.000140191	-7.53407e-05	0.000158311	-151.392
12.08	8.0589304e-11	-0.00017357	-9.34605e-05	0.000197412	-151.62
12.09	8.065601699999999e-11	-0.000197412	-7.43871e-05	0.000209809	-159.612
12.1	8.072272999999999e-11	-0.000183106	-0.000120163	0.000216485	-147.192
12.11	8.0789443e-11	-9.15532e-05	-9.44142e-05	0.000130654	-133.968
12.12	8.0856156e-11	-7.91554e-05	-3.71935e-05	8.77385e-05	-155.952
12.13	8.0922869e-11	-2.9564e-05	-1.81199e-05	3.33788e-05	-147.876
12.14	8.0989582e-11	2.3842e-05	-1.90736e-06	2.3842e-05	-7.908
12.15	8.1056295e-11	2.28883e-05	-4.7684e-06	2.28883e-05	-6.522
12.16	8.112300799999999e-11	4.38693e-05	2.28883e-05	4.76839e-05	27.678
12.17	8.1189721e-11	9.5368e-06	0.0	9.5368e-06	-3.816
12.18	8.1256434e-11	-2.0981e-05	-4.95913e-05	5.3406e-05	-111.54
12.19	8.1323147e-11	-4.95913e-05	-5.0545e-05	7.05724e-05	-137.292
12.2	8.138985999999999e-11	-0.000133515	-0.000102044	0.000167848	-142.902
12.21	8.1456573e-11	-0.000170709	-5.14986e-05	0.000176431	-163.758
12.22	8.1523286e-11	-9.44142e-05	-3.62399e-05	9.91826e-05	-158.772
12.23	8.158999899999999e-11	-5.14986e-05	-2.3842e-05	5.53133e-05	-154.686
12.24	8.1656712e-11	-2.00273e-05	-1.04905e-05	2.19346e-05	-155.856
12.25	8.1723425e-11	1.23978e-05	-2.86104e-06	1.23978e-05	-6.012
12.26	8.1790138e-11	-4.67303e-05	-4.00546e-05	6.00817e-05	-138.108
12.27	8.185685099999999e-11	-0.000113488	-5.53133e-05	0.000124932	-155.058
12.28	8.192356399999999e-11	-0.00011158	-9.53679e-05	0.000146867	-139.734
12.29	8.199027699999999e-11	-0.000129701	-6.19893e-05	0.000143052	-154.74
12.3	8.205699e-11	-7.1526e-05	-3.05178e-05	7.43871e-05	-157.068
12.31	8.2123703e-11	-3.05178e-05	-3.52862e-05	4.57766e-05	-130.872
12.32	8.2190416e-11	4.7684e-06	-1.90736e-06	3.81473e-06	-15.948
12.33	8.2257129e-11	4.00546e-05	5.72208e-06	4.19619e-05	10.062
12.34	8.2323842e-11	3.62399e-05	1.23978e-05	3.81472e-05	18.738
12.35	8.239055499999999e-11	-4.48229e-05	-3.71935e-05	5.72207e-05	-140.196
12.36	8.245726799999999e-11	-0.000144959	-9.34605e-05	0.000172616	-147.528
12.37	8.2523981e-11	-0.000197412	-0.000146867	0.000245096	-143.286
12.38	8.2590694e-11	-0.000249865	-0.000120163	0.000275614	-154.236
12.39	8.2657407e-11	-0.00018406	-0.000127793	0.000223161	-145.218
12.4	8.272412e-11	-0.000127793	-0.000132562	0.000182153	-133.368
12.41	8.2790833e-11	-5.14986e-05	-8.20165e-05	9.53679e-05	-120.894
12.42	8.285754599999999e-11	-1.33515e-05	-9.5368e-06	1.52589e-05	-145.62
12.43	8.292425899999999e-11	2.86103e-05	-4.7684e-06	2.86103e-05	-3.9
12.44	8.2990972e-11	9.05995e-05	3.52862e-05	9.91826e-05	21.732
12.45	8.3057685e-11	0.000130654	7.43871e-05	0.000150681	29.496
12.46	8.3124398e-11	0.000203134	9.91826e-05	0.000227929	25.968
12.47	8.3191111e-11	0.000301363	0.000117302	0.000325205	21.216
12.48	8.3257824e-11	0.00025654	0.000138284	0.000291826	28.548
12.49	8.332453699999999e-11	0.000176431	0.000103951	0.000204087	30.162
12.5	8.339125e-11	0.000135423	6.48503e-05	0.000150681	26.112
12.51	8.3457963e-11	8.48775e-05	4.57766e-05	9.72752e-05	28.83
12.52	8.3524676e-11	0.000110627	7.72481e-05	0.000135423	35.538
12.53	8.359138899999999e-11	0.000201226	0.000144006	0.00024605	35.88
12.54	8.365810199999999e-11	0.00028515	0.000149728	0.000323297	27.774
12.55	8.3724815e-11	0.000298502	0.000130654	0.000327112	23.49
12.56	8.3791528e-11	0.000268938	0.00014782	0.000307085	28.896
12.57	8.3858241e-11	0.00024605	0.000117302	0.000272753	25.878
12.58	8.3924954e-11	0.000289919	0.000133515	0.000319483	24.642
12.59	8.3991667e-11	0.000291826	0.000181199	0.000344278	31.908
12.6	8.405837999999999e-11	0.000347139	0.000163079	0.000382425	25.23
12.61	8.412509299999999e-11	0.000261309	0.000176431	0.000314714	34.026
12.62	8.419180599999999e-11	0.000138284	5.53133e-05	0.00014782	22.044
12.63	8.4258519e-11	-4.38693e-05	-3.33788e-05	5.43597e-05	-141.882
12.64	8.4325232e-11	-0.000195504	-5.53133e-05	0.000203134	-164.466
12.65	8.4391945e-11	-0.000250818	-9.53679e-05	0.000267984	-159.36
12.66	8.4458658e-11	-0.000281336	-0.000122071	0.000307085	-156.426
12.67	8.4525371e-11	-0.000349047	-0.00018406	0.000393869	-152.31
12.68	8.459208399999999e-11	-0.000428202	-0.000260355	0.000499729	-148.68
12.69	8.465879699999999e-11	-0.000555996	-0.000315668	0.000639919	-150.396
12.7	8.472551e-11	-0.000617031	-0.000344278	0.000704769	-150.744
12.71	8.4792223e-11	-0.000623707	-0.000371935	0.000724796	-149.214
12.72	8.4858936e-11	-0.000552181	-0.000278475	0.000615124	-153.186
12.73	8.4925649e-11	-0.000388147	-0.000196458	0.00043297	-153.12
12.74	8.4992362e-11	-0.000236512	-7.34334e-05	0.000244142	-163.002
12.75	8.505907499999999e-11	-8.29701e-05	3.05178e-05	8.48775e-05	159.978
12.76	8.512578799999999e-11	7.05724e-05	0.000112534	0.000134469	56.622
12.77	8.5192501e-11	0.000268938	0.000201226	0.000335695	36.96
12.78	8.5259214e-11	0.000378611	0.000199319	0.000428202	27.834
12.79	8.532592699999999e-11	0.000417711	0.000175477	0.000453951	22.878
12.8	8.539264e-11	0.000340464	9.82289e-05	0.000353815	16.11
12.81	8.5459353e-11	0.000150681	0.0	0.000149728	0.0
12.82	8.552606599999999e-11	0.0	-0.000106812	0.000105858	-91.776
12.83	8.5592779e-11	-0.000133515	-0.000124932	0.000183106	-137.064
12.84	8.5659492e-11	-8.86922e-05	-7.62944e-05	0.000116349	-140.364
12.85	8.5726205e-11	7.1526e-05	4.38693e-05	8.67848e-05	30.816
12.86	8.579291799999999e-11	0.000183106	0.000132562	0.000226975	36.3
12.87	8.585963099999999e-11	0.000227929	0.000192643	0.000298502	40.836
12.88	8.5926344e-11	0.000225068	0.000167848	0.000283243	36.222
12.89	8.5993057e-11	0.000157357	0.000129701	0.000203134	39.42
12.9	8.605977e-11	7.34334e-05	2.0981e-05	7.53407e-05	15.738
12.91	8.6126483e-11	-5.72208e-06	-7.62945e-06	8.58313e-06	-140.712
12.92	8.6193196e-11	-4.95913e-05	-2.86104e-06	4.86376e-05	-179.226
12.93	8.625990899999999e-11	-8.01091e-05	-4.29156e-05	8.96459e-05	-151.356
12.94	8.632662199999999e-11	-0.000154496	-7.62944e-05	0.000171662	-153.93
12.95	8.639333499999999e-11	-0.000140191	-0.000105858	0.000174523	-142.914
12.96	8.6460048e-11	-5.81744e-05	-1.71663e-05	5.6267e-05	-162.438
12.97	8.6526761e-11	5.53133e-05	1.90736e-05	6.00817e-05	19.404
12.98	8.6593474e-11	0.00015545	9.15532e-05	0.000182153	30.966
12.99	8.6660187e-11	0.000243188	0.000145913	0.000283243	31.104
13.0	8.67269e-11	0.000225068	0.000102044	0.000247004	24.498
13.01	8.679361299999999e-11	0.000113488	5.72207e-05	0.00012684	26.832
13.02	8.686032599999999e-11	1.43052e-05	1.90736e-05	2.19346e-05	54.864
13.03	8.6927039e-11	-2.00273e-05	-2.9564e-05	3.43325e-05	-123.996
13.04	8.6993752e-11	-7.34334e-05	-5.81744e-05	9.25069e-05	-142.482
13.05	8.7060465e-11	-9.05995e-05	-4.86376e-05	0.000102044	-152.274
13.06	8.7127178e-11	-6.67577e-05	-4.29156e-05	7.91554e-05	-148.704
13.07	8.7193891e-11	-6.48503e-05	-3.52862e-05	7.24797e-05	-151.518
13.08	8.726060399999999e-11	-6.5804e-05	-2.00273e-05	6.77113e-05	-162.816
13.09	8.732731699999999e-11	-6.48503e-05	-6.5804e-05	9.05995e-05	-135.3
13.1	8.739403e-11	-8.29701e-05	-7.43871e-05	0.000110627	-137.682
13.11	8.7460743e-11	-9.53679e-05	-0.000118256	0.000149728	-129.252
13.12	8.752745599999999e-11	-0.000127793	-6.8665e-05	0.000143052	-151.878
13.13	8.7594169e-11	-6.19893e-05	-4.38693e-05	7.43871e-05	-145.596
13.14	8.7660882e-11	-1.62126e-05	3.71935e-05	4.10082e-05	112.836
13.15	8.772759499999999e-11	7.53407e-05	7.24797e-05	0.000104905	44.49
13.16	8.7794308e-11	5.53133e-05	4.10082e-05	6.8665e-05	36.108
13.17	8.7861021e-11	-4.19619e-05	-6.10356e-05	7.43871e-05	-125.076
13.18	8.7927734e-11	-0.000187875	-0.00012684	0.000226975	-146.172
13.19	8.799444699999999e-11	-0.000326158	-0.000170709	0.000369074	-152.556
13.2	8.806115999999999e-11	-0.000377657	-0.000211717	0.000431063	-150.828
13.21	8.8127873e-11	-0.000306131	-0.000175477	0.000350954	-149.988
13.22	8.8194586e-11	-0.000214578	-9.63216e-05	0.000232697	-155.718
13.23	8.8261299e-11	-5.14986e-05	-1.81199e-05	5.0545e-05	-159.18
13.24	8.8328012e-11	9.34605e-05	2.86103e-05	9.63216e-05	17.304
13.25	8.8394725e-11	0.000130654	7.05724e-05	0.000148774	28.284
13.26	8.8461438e-11	0.000139237	2.3842e-05	0.000142098	9.948
13.27	8.852815099999999e-11	0.000122071	2.19346e-05	0.000123979	9.618
13.28	8.859486399999999e-11	3.33788e-05	3.81473e-06	3.43325e-05	6.462
13.29	8.866157699999999e-11	-2.6703e-05	-9.53682e-07	2.76567e-05	-178.668
13.3	8.872829e-11	-5.43597e-05	-1.81199e-05	5.53133e-05	-160.71
13.31	8.8795003e-11	-5.9128e-05	-8.58313e-06	5.53133e-05	-170.658
13.32	8.8861716e-11	-1.62126e-05	-3.71935e-05	4.00546e-05	-116.148
13.33	8.8928429e-11	-2.76567e-05	-1.04905e-05	2.86103e-05	-157.482
13.34	8.899514199999999e-11	-6.96187e-05	-5.9128e-05	9.05995e-05	-139.764
13.35	8.906185499999999e-11	-0.000201226	-0.000123979	0.000236512	-148.32
13.36	8.9128568e-11	-0.000298502	-0.000157357	0.000338556	-152.382
13.37	8.9195281e-11	-0.000263216	-0.000168801	0.000309946	-147.03
13.38	8.9261994e-11	-0.000180245	-0.000115395	0.000210763	-147.474
13.39	8.9328707e-11	-4.95913e-05	-6.67575e-06	4.86376e-05	-171.312
13.4	8.939542e-11	0.000127793	6.10356e-05	0.000143052	25.386
13.41	8.946213299999999e-11	0.000182153	0.000114441	0.000214578	32.31
13.42	8.952884599999999e-11	0.000156404	6.19893e-05	0.000169755	21.264
13.43	8.9595559e-11	3.71935e-05	9.5368e-06	3.62399e-05	14.034
13.44	8.9662272e-11	-0.000225068	-0.000104905	0.000247957	-154.818
13.45	8.972898499999999e-11	-0.0003109	-0.000167848	0.000351908	-151.59
13.46	8.9795698e-11	-0.000328066	-0.000190736	0.000378611	-149.868
13.47	8.9862411e-11	-0.000331881	-0.000170709	0.000370981	-152.742
13.48	8.992912399999999e-11	-0.000268938	-0.000149728	0.000307085	-150.702
13.49	8.9995837e-11	-0.00012684	-5.14986e-05	0.000134469	-158.04
13.5	9.006255e-11	2.00273e-05	0.0	2.28883e-05	4.638
13.51	9.0129263e-11	0.000206948	0.00010109	0.000231744	26.346
13.52	9.019597599999999e-11	0.000289919	0.000149728	0.000325205	27.456
13.53	9.026268899999999e-11	0.00021267	9.05995e-05	0.000231744	23.178
13.54	9.032940199999999e-11	0.000108719	3.52862e-05	0.000112534	18.216
13.55	9.0396115e-11	-4.76839e-05	-2.47956e-05	5.24523e-05	-153.12
13.56	9.0462828e-11	-0.000172616	-6.96187e-05	0.000186921	-158.802
13.57	9.0529541e-11	-0.000150681	-8.58312e-05	0.000170709	-149.73
13.58	9.0596254e-11	-0.000104905	-8.20165e-05	0.000131608	-140.304
13.59	9.0662967e-11	-8.29701e-05	-7.82018e-05	0.000112534	-137.136
13.6	9.072967999999999e-11	-0.000170709	-0.000103951	0.000201226	-149.034
13.61	9.079639299999999e-11	-0.000263216	-0.000164987	0.000311853	-147.966
13.62	9.086310599999999e-11	-0.000291826	-0.00011158	0.000308992	-158.982
13.63	9.0929819e-11	-0.00018406	-7.91554e-05	0.000199319	-156.252
13.64	9.0996532e-11	-0.000154496	0.0	0.000152589	-179.748
13.65	9.1063245e-11	5.14986e-05	4.10082e-05	6.5804e-05	40.476
13.66	9.1129958e-11	3.43325e-05	2.19346e-05	3.91009e-05	35.076
13.67	9.119667099999999e-11	3.24252e-05	2.3842e-05	4.19619e-05	35.958
13.68	9.126338399999999e-11	-5.0545e-05	-4.00546e-05	6.2943e-05	-141.912
13.69	9.1330097e-11	-0.000142098	-3.33788e-05	0.000144959	-166.986
13.7	9.139681e-11	-0.000160218	-6.00817e-05	0.000170709	-159.312
13.71	9.1463523e-11	-0.000145913	-6.00817e-05	0.000157357	-157.752
13.72	9.1530236e-11	-0.000177384	-0.000132562	0.000219346	-142.89
13.73	9.1596949e-11	-0.000286104	-0.000196458	0.000347139	-145.704
13.74	9.166366199999999e-11	-0.000351908	-0.000204087	0.000406267	-149.904
13.75	9.173037499999999e-11	-0.000370981	-0.000192643	0.000416758	-152.652
13.76	9.1797088e-11	-0.000279428	-0.00015545	0.000317575	-150.852
13.77	9.1863801e-11	-0.000134469	-4.95913e-05	0.000142098	-159.54
13.78	9.193051399999999e-11	2.3842e-05	2.6703e-05	3.62399e-05	47.934
13.79	9.199722699999999e-11	5.14986e-05	5.72207e-05	7.91554e-05	47.724
13.8	9.206394e-11	5.72208e-06	8.58313e-06	1.04905e-05	50.196
13.81	9.2130653e-11	-0.000100136	-4.67303e-05	0.000110627	-154.818
13.82	9.2197366e-11	-0.000193597	-9.15532e-05	0.000211717	-154.644
13.83	9.2264079e-11	-0.000207902	-0.00011921	0.000239373	-150.588
13.84	9.2330792e-11	-0.000244142	-5.0545e-05	0.000247957	-168.6
13.85	9.239750499999999e-11	-0.000229836	-0.000123979	0.000258448	-151.518
13.86	9.246421799999999e-11	-0.000169755	-0.000100136	0.000195504	-148.8
13.87	9.253093099999999e-11	-0.000262262	-0.000150681	0.000300409	-149.97
13.88	9.2597644e-11	-0.000235558	-0.000164033	0.000287058	-145.5
13.89	9.2664357e-11	-0.000317575	-0.000146867	0.000349047	-155.34
13.9	9.273107e-11	-0.000317575	-0.000140191	0.000345232	-156.006
13.91	9.2797783e-11	-0.000300409	-0.000143052	0.000331881	-154.464
13.92	9.2864496e-11	-0.000217439	-0.000117302	0.000245096	-151.626
13.93	9.293120899999999e-11	-0.000175477	-5.3406e-05	0.000181199	-163.362
13.94	9.299792199999999e-11	-6.48503e-05	-3.05178e-05	6.8665e-05	-154.95
13.95	9.306463499999999e-11	-6.00817e-05	0.0	5.9128e-05	179.346
13.96	9.3131348e-11	-2.19346e-05	1.90736e-06	2.0981e-05	174.642
13.97	9.3198061e-11	2.86104e-06	3.81473e-06	4.7684e-06	66.798
13.98	9.3264774e-11	2.86104e-06	1.23978e-05	1.14442e-05	83.658
13.99	9.3331487e-11	4.38693e-05	4.76839e-05	6.38966e-05	46.254
14.0	9.339819999999999e-11	0.000227929	8.20165e-05	0.000244142	19.866
14.01	9.346491299999999e-11	0.000429155	0.000187875	0.000471117	23.706
14.02	9.3531626e-11	0.000803951	0.000424387	0.00091267	27.852
14.03	9.3598339e-11	0.00115968	0.000631336	0.00132371	28.5
14.04	9.366505199999999e-11	0.0015154	0.000782017	0.00170708	27.306
14.05	9.3731765e-11	0.00172902	0.000878338	0.00194169	26.934
14.06	9.3798478e-11	0.00181199	0.000947002	0.0020466	27.564
14.07	9.386519099999999e-11	0.00169755	0.000889782	0.00191499	27.624
14.08	9.393190399999999e-11	0.00145531	0.000762943	0.00164128	27.708
14.09	9.3998617e-11	0.00110818	0.000547413	0.00123311	26.328
14.1	9.406533e-11	0.000737194	0.000363352	0.000817303	26.292
14.11	9.413204299999999e-11	0.000344278	0.000161172	0.000378611	24.936
14.12	9.419875599999999e-11	-6.5804e-05	-5.3406e-05	8.67848e-05	-142.014
14.13	9.4265469e-11	-0.000418665	-0.000284197	0.000508312	-145.98
14.14	9.4332182e-11	-0.000769619	-0.000432016	0.00088406	-150.756
14.15	9.4398895e-11	-0.000967983	-0.000534061	0.00110722	-151.122
14.16	9.4465608e-11	-0.000961307	-0.000540737	0.00110245	-150.588
14.17	9.4532321e-11	-0.000800136	-0.000468256	0.000924114	-149.646
14.18	9.459903399999999e-11	-0.000452997	-0.000269892	0.00052071	-149.022
14.19	9.466574699999999e-11	-2.47956e-05	-7.91554e-05	8.10628e-05	-104.964
14.2	9.473245999999999e-11	0.000281336	9.15532e-05	0.000298502	18.072
14.21	9.4799173e-11	0.000402452	0.000131608	0.00042248	18.18
14.22	9.4865886e-11	0.000359537	9.25069e-05	0.000369074	14.592
14.23	9.4932599e-11	0.000169755	2.57493e-05	0.000169755	8.1
14.24	9.4999312e-11	-3.71935e-05	-4.48229e-05	5.9128e-05	-132.276
14.25	9.5066025e-11	-0.0002203	-0.00010109	0.000243188	-155.4
14.26	9.513273799999999e-11	-0.000312807	-0.000167848	0.000353815	-151.554
14.27	9.519945099999999e-11	-0.000291826	-0.000151635	0.000327112	-152.496
14.28	9.526616399999999e-11	-0.000222207	-8.01091e-05	0.000233651	-160.326
14.29	9.5332877e-11	-0.00011158	-8.96459e-05	0.000141145	-140.712
14.3	9.539959e-11	-7.62944e-05	-4.19619e-05	8.58312e-05	-151.032
14.31	9.5466303e-11	-2.9564e-05	-5.53133e-05	6.10356e-05	-115.71
14.32	9.5533016e-11	-2.47956e-05	-3.14715e-05	3.91009e-05	-129.684
14.33	9.559972899999999e-11	-1.81199e-05	-5.24523e-05	5.43597e-05	-112.194
14.34	9.566644199999999e-11	-2.9564e-05	-2.6703e-05	3.81472e-05	-139.29
14.35	9.5733155e-11	2.6703e-05	1.90736e-06	2.6703e-05	4.188
14.36	9.5799868e-11	9.72752e-05	6.8665e-05	0.00011921	35.982
14.37	9.586658099999999e-11	0.000150681	7.24797e-05	0.000169755	25.368
14.38	9.5933294e-11	0.000180245	9.53679e-05	0.000205041	27.81
14.39	9.6000007e-11	0.000117302	0.00011921	0.00016594	45.816
14.4	9.606671999999999e-11	5.14986e-05	6.38966e-05	8.10628e-05	52.944
14.41	9.613343299999999e-11	1.23978e-05	3.91009e-05	4.00546e-05	69.774
14.42	9.6200146e-11	1.90736e-06	4.7684e-06	4.7684e-06	56.31
14.43	9.6266859e-11	2.00273e-05	8.58313e-06	2.19346e-05	24.306
14.44	9.633357199999999e-11	5.53133e-05	6.48503e-05	8.48775e-05	49.734
14.45	9.640028499999999e-11	4.38693e-05	2.6703e-05	5.3406e-05	31.56
14.46	9.6466998e-11	-7.62945e-06	1.90736e-05	2.19346e-05	115.02
14.47	9.6533711e-11	-9.34605e-05	-1.62126e-05	9.44142e-05	-170.802
14.48	9.6600424e-11	-0.000150681	-3.33788e-05	0.000154496	-167.868
14.49	9.6667137e-11	-0.000148774	-4.29156e-05	0.000152589	-163.608
14.5	9.673385e-11	-0.000100136	-1.33515e-05	9.91826e-05	-171.546
14.51	9.6800563e-11	-4.67303e-05	-2.00273e-05	4.76839e-05	-154.884
14.52	9.686727599999999e-11	-4.57766e-05	-2.3842e-05	5.0545e-05	-153.102
14.53	9.693398899999999e-11	-0.000100136	-9.91826e-05	0.000139237	-135.192
14.54	9.700070199999999e-11	-0.000132562	-0.000131608	0.000186921	-135.576
14.55	9.7067415e-11	-0.000167848	-0.000109673	0.000201226	-147.252
14.56	9.7134128e-11	-8.48775e-05	-5.9128e-05	0.000100136	-144.504
14.57	9.7200841e-11	1.71663e-05	-2.0981e-05	2.57493e-05	-49.086
14.58	9.7267554e-11	1.14442e-05	-9.53682e-07	1.23978e-05	2.724
14.59	9.733426699999999e-11	1.23978e-05	2.86104e-06	1.23978e-05	19.44
14.6	9.740097999999999e-11	-8.48775e-05	-7.62945e-06	8.39238e-05	-175.95
14.61	9.746769299999999e-11	-0.000166894	-8.48775e-05	0.000185967	-153.162
14.62	9.7534406e-11	-0.0002203	-0.000102044	0.000242234	-155.544
14.63	9.7601119e-11	-0.000188828	-0.000144006	0.000234605	-142.254
14.64	9.7667832e-11	-0.000120163	-6.2943e-05	0.000132562	-151.758
14.65	9.7734545e-11	-5.81744e-05	-1.04905e-05	5.53133e-05	-170.88
14.66	9.780125799999999e-11	6.38966e-05	3.14715e-05	7.05724e-05	26.088
14.67	9.786797099999999e-11	4.86376e-05	1.71663e-05	5.0545e-05	22.218
14.68	9.7934684e-11	3.14715e-05	2.57493e-05	4.19619e-05	38.658
14.69	9.8001397e-11	-2.86104e-06	-2.9564e-05	2.9564e-05	-93.732
14.7	9.806810999999999e-11	-4.95913e-05	-3.71935e-05	6.19893e-05	-143.49
14.71	9.8134823e-11	-7.62944e-05	-4.95913e-05	9.05995e-05	-146.886
14.72	9.8201536e-11	-0.00011921	-4.67303e-05	0.000125886	-158.424
14.73	9.8268249e-11	-0.00013733	-3.14715e-05	0.000139237	-166.698
14.74	9.833496199999999e-11	-0.000123979	-5.6267e-05	0.000135423	-155.952
14.75	9.8401675e-11	-9.05995e-05	-5.81744e-05	0.000106812	-147.198
14.76	9.8468388e-11	-5.6267e-05	-7.62944e-05	9.44142e-05	-126.384
14.77	9.853510099999999e-11	-0.00010109	-5.53133e-05	0.000112534	-151.77
14.78	9.860181399999999e-11	-7.91554e-05	-8.01091e-05	0.000112534	-135.48
14.79	9.866852699999999e-11	-0.000118256	-4.86376e-05	0.000127793	-158.088
14.8	9.873524e-11	-9.15532e-05	-4.67303e-05	0.000102997	-152.772
14.81	9.8801953e-11	-9.34605e-05	-1.62126e-05	9.15532e-05	-170.334
14.82	9.8868666e-11	-4.7684e-06	-1.90736e-06	3.81473e-06	-171.87
14.83	9.8935379e-11	-2.86104e-06	-3.71935e-05	3.62399e-05	-91.044
14.84	9.9002092e-11	-5.53133e-05	-4.19619e-05	6.8665e-05	-143.238
14.85	9.906880499999999e-11	-0.000112534	-8.77385e-05	0.000142098	-141.84
14.86	9.913551799999999e-11	-0.000167848	-9.91826e-05	0.000195504	-150.138
14.87	9.920223099999999e-11	-0.000142098	-8.48775e-05	0.00016594	-150.138
14.88	9.9268944e-11	-0.000128747	-2.76567e-05	0.000130654	-168.006
14.89	9.9335657e-11	-4.00546e-05	-4.7684e-06	3.81472e-05	-174.984
14.9	9.940237e-11	9.25069e-05	7.24797e-05	0.000117302	38.556
14.91	9.9469083e-11	0.000149728	0.000117302	0.000189782	37.632
14.92	9.953579599999999e-11	0.000169755	6.67577e-05	0.000181199	22.152
14.93	9.960250899999999e-11	7.24797e-05	2.3842e-05	7.43871e-05	18.6
14.94	9.9669222e-11	-1.81199e-05	-5.53133e-05	5.81744e-05	-111.318
14.95	9.9735935e-11	-0.000102044	-9.53679e-05	0.000139237	-137.706
14.96	9.9802648e-11	-0.000112534	-5.14986e-05	0.000123979	-155.502
14.97	9.9869361e-11	-9.15532e-05	-4.57766e-05	0.000102044	-153.762
14.98	9.9936074e-11	-8.48775e-05	-3.62399e-05	9.25069e-05	-157.506
14.99	1.0000278699999999e-10	-8.29701e-05	-4.95913e-05	9.44142e-05	-149.454
15.0	1.0006949999999999e-10	-8.58312e-05	-9.44142e-05	0.00012684	-132.03