Position (mm) 	 Delay (s) 	 X 	 Y 	 R 	 theta 
#Without Preamplifier, ZnTe detector angle dependance 40deg, Chopper 230Hz, time constant=0.3 6dB, sensitivity=20mV
6.0	4.00278e-11	-0.000106812	-0.000205041	0.000206948	-160.974
6.01	4.0094512999999995e-11	0.000108719	4.86376e-05	0.000182153	132.138
6.02	4.0161226e-11	-0.000263216	-0.000210763	0.000229836	146.616
6.03	4.0227939e-11	0.000104905	0.000170709	0.000236512	-145.968
6.04	4.0294652e-11	-0.000127793	1.90736e-05	7.72481e-05	-79.71
6.05	4.0361364999999996e-11	4.95913e-05	2.47956e-05	0.00011921	-80.688
6.06	4.0428078e-11	-0.000154496	8.01091e-05	0.000192643	-63.09
6.07	4.0494791e-11	-0.000205995	0.000133515	0.000117302	-167.544
6.08	4.0561503999999996e-11	-0.000175477	6.10356e-05	8.01091e-05	-126.078
6.09	4.0628217e-11	-0.000105858	3.91009e-05	9.91826e-05	-126.552
6.1	4.0694929999999993e-11	-5.14986e-05	-4.95913e-05	0.00011921	-79.992
6.11	4.0761643e-11	4.10082e-05	5.53133e-05	0.00014782	127.098
6.12	4.0828356e-11	5.0545e-05	7.91554e-05	7.05724e-05	-1.788
6.13	4.0895069e-11	-8.48775e-05	0.000156404	0.000143052	50.1
6.14	4.0961781999999995e-11	4.38693e-05	7.82018e-05	0.000166894	-109.668
6.15	4.1028495e-11	-0.000171662	2.57493e-05	0.000114441	-165.69
6.16	4.1095208e-11	-6.2943e-05	5.24523e-05	0.000187875	-20.658
6.17	4.1161921e-11	-3.24252e-05	-0.000180245	0.000226022	-24.876
6.18	4.1228633999999996e-11	-0.000160218	-0.000110627	9.25069e-05	45.774
6.19	4.1295347e-11	-0.000129701	5.81744e-05	9.25069e-05	110.844
6.2	4.136206e-11	-2.9564e-05	-0.000138284	0.00018406	9.768
6.21	4.1428772999999995e-11	-0.000144006	0.000145913	9.53679e-05	-140.406
6.22	4.1495486e-11	-8.48775e-05	-7.82018e-05	0.000157357	76.23
6.23	4.1562199e-11	0.000141145	-6.10356e-05	0.000174523	-22.518
6.24	4.1628912e-11	0.000115395	0.000103951	0.000141145	17.436
6.25	4.1695625e-11	-0.000188828	-6.5804e-05	0.000222207	-135.69
6.26	4.1762338e-11	-0.000182153	-4.48229e-05	8.58312e-05	173.658
6.27	4.1829050999999994e-11	-5.72207e-05	-8.77385e-05	0.000105858	171.834
6.28	4.1895764e-11	-0.000190736	0.00011158	0.000127793	-128.442
6.29	4.1962477e-11	1.04905e-05	-5.14986e-05	0.00019455	-120.3
6.3	4.2029189999999994e-11	0.000121117	9.82289e-05	0.000169755	166.704
6.31	4.2095902999999996e-11	0.000105858	-0.000232697	0.000134469	25.89
6.32	4.2162616e-11	-0.000232697	9.25069e-05	0.000203134	73.47
6.33	4.2229329e-11	-0.000242234	3.24252e-05	0.000249865	-67.698
6.34	4.2296041999999995e-11	0.000198365	0.00011921	0.000279428	-49.878
6.35	4.2362755e-11	-8.01091e-05	0.000103951	0.000243188	-29.526
6.36	4.2429468e-11	0.00017357	-8.20165e-05	0.000181199	-161.676
6.37	4.2496181e-11	0.000247004	-0.000178338	0.000172616	-97.338
6.38	4.2562893999999996e-11	0.000133515	0.00010109	0.000188828	158.442
6.39	4.2629607e-11	-0.000267031	-0.000223161	0.00023842	3.708
6.4	4.269632e-11	-0.000168801	0.000176431	0.000233651	-138.972
6.41	4.2763032999999996e-11	-0.000204087	-0.000118256	0.000142098	135.108
6.42	4.2829746e-11	-1.62126e-05	0.000117302	0.000305178	-10.122
6.43	4.2896458999999993e-11	4.10082e-05	-0.000120163	0.000226022	-67.308
6.44	4.2963172e-11	-0.000160218	-8.29701e-05	0.000150681	-65.844
6.45	4.3029885e-11	-0.00023079	-0.000222207	0.000267984	-50.214
6.46	4.3096598e-11	-0.000199319	-0.000110627	0.000229836	173.904
6.47	4.3163310999999995e-11	0.000178338	0.000219346	0.000265123	-172.782
6.48	4.3230024e-11	6.8665e-05	0.000166894	0.000143052	-149.754
6.49	4.3296737e-11	-0.00012684	0.000179292	0.000281336	29.322
6.5	4.336345e-11	-0.000207902	-0.00012684	0.000193597	179.592
6.51	4.3430162999999996e-11	0.0	-0.000262262	0.000192643	-48.12
6.52	4.3496876e-11	0.000123025	0.000159265	0.000160218	-15.726
6.53	4.3563589e-11	-0.000232697	0.000171662	0.000267984	24.498
6.54	4.3630301999999995e-11	-0.000277521	7.05724e-05	0.000257494	-100.86
6.55	4.3697015e-11	0.000166894	-0.000250818	0.000183106	-175.962
6.56	4.376372799999999e-11	-0.000162126	-0.000228883	0.000263216	-161.568
6.57	4.3830441e-11	-0.000218392	0.000209809	0.000268938	-138.51
6.58	4.3897154e-11	4.19619e-05	1.90736e-06	0.000291826	80.064
6.59	4.3963867e-11	-0.000259401	0.00011158	0.000301363	105.144
6.6	4.4030579999999994e-11	0.000243188	1.52589e-05	0.00025654	-49.518
6.61	4.4097293e-11	2.86103e-05	-0.000210763	0.000229836	0.0
6.62	4.4164006e-11	-2.00273e-05	-0.000131608	0.000227929	-89.268
6.63	4.4230719e-11	-3.33788e-05	6.2943e-05	0.000400545	78.72
6.64	4.4297431999999996e-11	-0.000124932	-0.000208856	0.000176431	128.694
6.65	4.4364145e-11	-9.34605e-05	-0.000206948	0.000196458	35.136
6.66	4.4430858e-11	0.000243188	0.000160218	0.000252726	85.284
6.67	4.4497570999999995e-11	0.000103951	0.000248911	0.000117302	-19.656
6.68	4.4564284e-11	0.000507358	0.000235558	0.000338556	61.104
6.69	4.4630997e-11	0.000524525	0.000164987	0.000198365	70.578
6.7	4.469771e-11	5.43597e-05	-0.000174523	0.000494961	132.768
6.71	4.4764422999999996e-11	0.000401499	-5.72207e-05	0.000169755	-59.994
6.72	4.4831136e-11	-0.000201226	-9.05995e-05	0.000318529	139.746
6.73	4.4897849e-11	-2.9564e-05	-9.53679e-05	0.000247957	147.996
6.74	4.4964561999999996e-11	0.000154496	6.38966e-05	9.25069e-05	41.136
6.75	4.5031275e-11	-3.81472e-05	6.5804e-05	8.67848e-05	-49.542
6.76	4.5097987999999993e-11	1.33515e-05	-0.000113488	0.000142098	-171.948
6.77	4.5164700999999995e-11	8.58313e-06	-0.000104905	0.000211717	58.662
6.78	4.5231414e-11	-0.000265123	-3.33788e-05	0.000223161	121.47
6.79	4.5298127e-11	2.28883e-05	-0.000182153	0.000447275	-71.358
6.8	4.5364839999999995e-11	-4.86376e-05	-0.000418665	0.000100136	-139.452
6.81	4.5431552999999997e-11	-0.000544552	-0.000210763	0.000217439	-137.52
6.82	4.5498266e-11	3.43325e-05	-0.0002203	0.000405313	151.53
6.83	4.5564979e-11	6.48503e-05	0.000203134	0.000388147	-32.388
6.84	4.5631691999999996e-11	0.000156404	0.000279428	0.000263216	-123.732
6.85	4.5698405e-11	0.000211717	-4.95913e-05	0.000258448	101.73
6.86	4.5765118e-11	0.000301363	2.9564e-05	0.00023842	127.674
6.87	4.5831830999999996e-11	0.000134469	-0.000271799	0.000226022	179.664
6.88	4.5898544e-11	0.000229836	-4.86376e-05	0.000241281	-82.992
6.89	4.596525699999999e-11	-3.62399e-05	-0.000200273	0.000293734	5.412
6.9	4.603197e-11	0.000201226	-0.000221253	0.000249865	-148.362
6.91	4.6098683e-11	-0.000142098	-0.00023079	0.000266077	46.422
6.92	4.6165396e-11	0.000104905	-0.00025654	0.000265123	61.68
6.93	4.6232108999999994e-11	-0.000109673	-0.000175477	0.000235558	87.882
6.94	4.6298822e-11	-0.00013733	-0.000158311	0.00016594	178.698
6.95	4.6365535e-11	-7.72481e-05	0.000136376	0.000179292	-170.958
6.96	4.6432248e-11	-0.000148774	-0.00012684	0.000113488	93.408
6.97	4.6498960999999996e-11	6.5804e-05	-8.86922e-05	7.24797e-05	-24.396
6.98	4.6565674e-11	9.05995e-05	0.000104905	0.00016594	4.332
6.99	4.6632387e-11	-0.000142098	-9.91826e-05	0.000117302	-46.248
7.0	4.6699099999999995e-11	0.000105858	-1.81199e-05	0.000127793	-83.82
7.01	4.6765813e-11	-0.00021267	-0.000235558	0.000204087	-175.452
7.02	4.683252599999999e-11	5.0545e-05	-0.000180245	7.72481e-05	43.266
7.03	4.6899239e-11	4.00546e-05	-0.000138284	0.000130654	-126.06
7.04	4.6965951999999997e-11	-0.00017357	-0.00010109	6.67577e-05	157.236
7.05	4.7032665e-11	-0.000180245	-0.000349047	0.00032902	-171.786
7.06	4.7099377999999994e-11	-0.000106812	0.000121117	0.000164987	-103.968
7.07	4.7166091e-11	3.71935e-05	5.24523e-05	7.05724e-05	-52.65
7.08	4.7232804e-11	0.000123025	6.10356e-05	0.000125886	-138.66
7.09	4.7299516999999993e-11	-8.58312e-05	0.000156404	6.38966e-05	10.44
7.1	4.7366229999999995e-11	-0.000109673	0.000160218	0.000185967	44.028
7.11	4.7432943e-11	-0.000206948	-6.00817e-05	0.000149728	-126.972
7.12	4.7499656e-11	-0.000142098	-4.67303e-05	0.000160218	-55.632
7.13	4.7566368999999995e-11	-1.23978e-05	0.000127793	0.000176431	18.018
7.14	4.7633081999999997e-11	3.62399e-05	-3.33788e-05	0.000176431	-137.112
7.15	4.7699795e-11	7.91554e-05	-0.000208856	0.000295641	-47.064
7.16	4.7766508e-11	0.000241281	-0.000154496	0.000207902	151.278
7.17	4.7833220999999996e-11	-0.000113488	-0.000250818	0.000251772	163.992
7.18	4.7899934e-11	-8.20165e-05	-0.000279428	0.000314714	32.928
7.19	4.7966647e-11	0.000185967	-0.000127793	0.000335695	-74.262
7.2	4.8033359999999996e-11	0.000135423	3.43325e-05	0.000243188	-64.446
7.21	4.8100073e-11	0.000218392	0.000221253	0.000327112	-35.25
7.22	4.816678599999999e-11	0.000225068	0.000188828	0.000227929	-135.132
7.23	4.8233499e-11	5.3406e-05	0.000288965	0.000219346	-123.738
7.24	4.8300212e-11	0.000149728	-0.000102044	0.000261309	-108.264
7.25	4.8366925e-11	0.000149728	-0.000122071	0.000247957	128.928
7.26	4.8433637999999994e-11	0.000107766	-1.43052e-05	0.000207902	-59.688
7.27	4.8500350999999996e-11	6.19893e-05	5.14986e-05	0.000231744	-44.232
7.28	4.8567064e-11	0.000110627	-0.000195504	0.000197412	59.448
7.29	4.8633777e-11	5.72208e-06	8.29701e-05	0.000203134	88.944
7.3	4.8700489999999996e-11	5.72208e-06	0.000169755	0.000145913	133.89
7.31	4.8767203e-11	7.1526e-05	-6.8665e-05	0.00011158	12.618
7.32	4.8833916e-11	5.72207e-05	-0.000132562	7.91554e-05	110.262
7.33	4.8900628999999995e-11	-0.000206948	-0.000164033	0.000267984	142.89
7.34	4.8967342e-11	-0.000232697	-0.000128747	0.000174523	15.558
7.35	4.903405499999999e-11	-0.000190736	0.00029278	0.000286104	168.402
7.36	4.9100768e-11	0.000185014	-0.00013733	0.000282289	-135.0
7.37	4.9167480999999997e-11	0.000276567	3.05178e-05	0.000265123	-68.814
7.38	4.9234194e-11	-0.000195504	0.000229836	0.000272753	17.088
7.39	4.9300906999999994e-11	-0.000267031	0.000181199	0.000272753	-125.124
7.4	4.936762e-11	0.000146867	-6.67575e-06	0.000203134	-104.334
7.41	4.9434333e-11	5.14986e-05	7.34334e-05	0.000156404	-56.694
7.42	4.9501046e-11	0.000210763	0.000163079	0.000167848	38.88
7.43	4.9567758999999995e-11	-0.000162126	-0.000244142	0.000270845	-137.574
7.44	4.9634472e-11	-2.19346e-05	0.00014782	0.000231744	94.38
7.45	4.9701185e-11	-0.000120163	-5.43597e-05	0.000287058	117.156
7.46	4.9767897999999995e-11	-0.000297548	-0.00013733	0.000269892	146.532
7.47	4.9834611e-11	-0.000178338	0.000178338	0.000249865	-177.108
7.48	4.9901324e-11	-0.000257494	0.000172616	0.000266077	28.434
7.49	4.9968037e-11	9.82289e-05	0.000127793	0.000229836	29.622
7.5	5.0034749999999996e-11	-3.05178e-05	1.90736e-05	0.000287058	-107.046
7.51	5.0101463e-11	-0.00018406	-1.43052e-05	0.000312807	-90.978
7.52	5.0168175999999994e-11	-6.2943e-05	0.000210763	0.000224114	28.548
7.53	5.0234889e-11	0.000134469	5.72208e-06	0.000239373	60.57
7.54	5.0301602e-11	0.000152589	0.0	0.00029278	77.34
7.55	5.036831499999999e-11	0.000123979	-7.72481e-05	0.000185967	-52.242
7.56	5.0435027999999995e-11	0.00019455	0.000201226	0.000204087	-28.356
7.57	5.0501741e-11	-0.000164033	0.000143052	0.000248911	-101.208
7.58	5.0568454e-11	6.38966e-05	0.000157357	0.000221253	90.162
7.59	5.0635166999999994e-11	-8.77385e-05	-7.53407e-05	0.000241281	134.124
7.6	5.0701879999999996e-11	0.00020218	2.9564e-05	0.000245096	141.996
7.61	5.0768593e-11	-4.95913e-05	-0.000273706	0.000327112	13.578
7.62	5.0835306e-11	-0.000299456	0.000172616	0.00025654	-118.944
7.63	5.0902018999999996e-11	-0.000204087	4.19619e-05	0.00028515	-97.758
7.64	5.0968732e-11	6.38966e-05	-0.000132562	8.86922e-05	178.674
7.65	5.1035445e-11	-0.00016594	-0.000226022	0.000197412	-167.706
7.66	5.1102157999999995e-11	6.8665e-05	-0.000237466	0.000229836	-150.624
7.67	5.1168871e-11	0.000161172	0.000189782	0.000284197	-2.388
7.68	5.123558399999999e-11	0.000120163	0.000118256	0.000260355	7.866
7.69	5.1302297e-11	5.72208e-06	8.39238e-05	0.000244142	-118.932
7.7	5.1369009999999997e-11	-0.000168801	4.29156e-05	0.000144959	62.844
7.71	5.1435723e-11	-0.000160218	-0.000190736	0.000208856	-61.776
7.72	5.1502435999999994e-11	-7.24797e-05	-0.000187875	0.000125886	57.42
7.73	5.1569149e-11	-0.000168801	-1.04905e-05	0.000143052	-51.12
7.74	5.1635862e-11	9.25069e-05	-0.000112534	0.000140191	89.28
7.75	5.1702575e-11	-6.2943e-05	-3.81472e-05	0.00014782	119.148
7.76	5.1769287999999995e-11	-0.00011921	-2.47956e-05	0.000117302	155.796
7.77	5.1836001e-11	8.86922e-05	-9.53679e-05	0.000112534	-19.602
7.78	5.1902714e-11	-7.34334e-05	-9.82289e-05	0.000158311	48.3
7.79	5.1969426999999995e-11	5.24523e-05	-0.000172616	0.000154496	-165.012
7.8	5.203614e-11	-0.000151635	1.90736e-06	0.000222207	-84.204
7.81	5.210285299999999e-11	0.00013733	4.86376e-05	0.000151635	-77.844
7.82	5.2169566e-11	-7.05724e-05	-0.00028515	0.000255587	-151.806
7.83	5.2236278999999996e-11	7.43871e-05	3.91009e-05	0.000251772	78.09
7.84	5.2302992e-11	0.00011921	-1.81199e-05	0.000311853	-59.73
7.85	5.2369704999999994e-11	-0.000122071	-0.000257494	0.00028515	-163.548
7.86	5.2436418e-11	6.19893e-05	-0.000149728	0.000295641	72.234
7.87	5.2503131e-11	9.82289e-05	-1.71663e-05	0.000162126	118.422
7.88	5.2569844e-11	-7.53407e-05	-0.000341417	0.000183106	-151.272
7.89	5.2636556999999995e-11	-0.000239373	-0.000104905	0.000241281	72.384
7.9	5.270327e-11	-0.000253679	8.86922e-05	0.000236512	-50.358
7.91	5.2769983e-11	-0.000210763	-0.000269892	0.000229836	83.136
7.92	5.2836695999999994e-11	-3.81472e-05	-0.000146867	0.000228883	-124.92
7.93	5.2903408999999996e-11	0.000271799	-3.81472e-05	0.000300409	108.576
7.94	5.2970122e-11	0.000249865	-0.000175477	0.000187875	-143.904
7.95	5.3036835e-11	0.000248911	0.000201226	0.000242234	102.996
7.96	5.3103547999999996e-11	0.000257494	0.000243188	0.000158311	-3.918
7.97	5.3170261e-11	-0.000164987	0.000276567	0.000223161	-141.03
7.98	5.3236974e-11	-0.000152589	-7.34334e-05	0.000261309	112.086
7.99	5.3303687e-11	3.33788e-05	-0.00018406	0.000258448	-7.35
8.0	5.33704e-11	0.000153542	-0.000117302	0.000233651	100.842
8.01	5.343711299999999e-11	0.000218392	4.38693e-05	0.000247957	127.854
8.02	5.3503825999999995e-11	-0.000188828	0.000223161	0.000279428	-146.808
8.03	5.357053899999999e-11	-0.000106812	-0.000102997	0.00025654	-94.446
8.04	5.363725199999999e-11	-0.000102997	-0.000200273	0.000295641	-8.772
8.05	5.3703965e-11	-0.000190736	-0.000164033	0.000255587	-123.528
8.06	5.3770678e-11	4.57766e-05	0.000209809	0.000198365	148.32
8.07	5.3837391e-11	0.000296595	-0.000252726	0.000195504	58.668
8.08	5.3904104e-11	-0.000271799	0.000199319	0.000305178	-38.364
8.09	5.3970816999999995e-11	4.86376e-05	0.000280382	0.000313761	-148.848
8.1	5.403753e-11	7.05724e-05	-5.72208e-06	0.000276567	104.724
8.11	5.410424299999999e-11	-0.000312807	-0.000140191	0.000331881	-35.622
8.12	5.4170955999999995e-11	-0.000240327	0.000295641	0.000263216	100.74
8.13	5.4237669000000003e-11	-0.000300409	-0.000200273	0.000262262	-116.082
8.14	5.4304382e-11	0.000213624	-0.000138284	0.000236512	138.186
8.15	5.4371095e-11	9.5368e-06	-0.00020218	0.000350954	-6.702
8.16	5.4437807999999996e-11	0.00028515	-8.48775e-05	0.000280382	50.874
8.17	5.4504521e-11	0.000143052	-0.00020218	0.000234605	-38.25
8.18	5.4571233999999994e-11	0.000161172	0.000259401	0.000248911	36.306
8.19	5.4637946999999996e-11	0.000249865	4.48229e-05	0.000289919	-102.996
8.2	5.470465999999999e-11	-2.86104e-06	-0.000291826	0.000266077	26.826
8.21	5.4771373000000006e-11	1.23978e-05	-8.20165e-05	0.000288965	-129.312
8.22	5.4838086e-11	-0.000282289	-8.86922e-05	0.000276567	134.658
8.23	5.4904799e-11	-6.00817e-05	0.00028515	0.000234605	-144.984
8.24	5.4971512e-11	0.000270845	-4.67303e-05	0.00027466	-79.746
8.25	5.5038224999999995e-11	0.00029278	-0.000266077	0.00030327	-4.098
8.26	5.5104937999999996e-11	4.95913e-05	0.00023842	0.000214578	27.588
8.27	5.517165099999999e-11	-0.000185967	-8.96459e-05	0.000216485	-83.052
8.28	5.5238363999999994e-11	-0.000271799	-0.000281336	0.000211717	-17.376
8.29	5.530507699999999e-11	-0.000204087	-0.000307085	0.000162126	-120.84
8.3	5.5371790000000004e-11	0.000103951	-0.000180245	0.000240327	122.964
8.31	5.5438503e-11	0.000193597	-0.000251772	0.000283243	-107.868
8.32	5.5505216e-11	-0.000153542	-4.95913e-05	0.000269892	-93.474
8.33	5.5571929e-11	-0.000106812	-0.000301363	0.000284197	60.57
8.34	5.5638642e-11	-0.000225068	-0.000115395	0.00025654	141.486
8.35	5.5705354999999995e-11	0.000180245	-0.000263216	0.000341417	-17.028
8.36	5.577206799999999e-11	-0.000146867	-0.000288012	0.000337603	7.56
8.37	5.583878099999999e-11	0.00017357	-0.00013733	0.000243188	-103.722
8.38	5.5905494e-11	-5.14986e-05	-0.000239373	0.000210763	174.084
8.39	5.5972207e-11	-0.000273706	0.000144006	0.000313761	-117.888
8.4	5.603892e-11	-0.000102997	7.34334e-05	0.000260355	-63.438
8.41	5.6105633e-11	-0.000210763	6.77113e-05	0.000330927	-58.338
8.42	5.6172345999999996e-11	-0.000223161	0.000263216	0.000261309	-178.47
8.43	5.6239059e-11	9.34605e-05	-0.000251772	0.000294687	-147.93
8.44	5.630577199999999e-11	0.000125886	-0.000124932	0.000306131	-129.786
8.45	5.6372484999999995e-11	0.000140191	0.000241281	0.000244142	-11.07
8.46	5.6439198000000003e-11	-0.000215531	-0.000241281	0.000288965	-149.826
8.47	5.6505911e-11	-0.00011158	0.000294687	0.000205041	-125.694
8.48	5.6572624e-11	0.000216485	-1.62126e-05	0.000269892	-114.354
8.49	5.6639336999999996e-11	9.15532e-05	-0.000102044	0.000280382	-12.954
8.5	5.670605e-11	0.00020218	-0.000297548	0.000278475	-122.31
8.51	5.6772762999999994e-11	-0.000226975	-6.38966e-05	0.000247957	84.582
8.52	5.6839475999999996e-11	-0.000348093	4.19619e-05	0.000211717	121.71
8.53	5.690618899999999e-11	0.000168801	-0.000254633	0.0003109	1.722
8.54	5.697290199999999e-11	2.19346e-05	-0.00035763	0.000121117	-2.748
8.55	5.7039615e-11	0.000114441	2.19346e-05	0.000349047	-92.214
8.56	5.7106328000000004e-11	-0.000336649	2.86103e-05	0.000176431	-82.998
8.57	5.7173041e-11	-0.00023079	8.39238e-05	0.000269892	-55.92
8.58	5.7239753999999995e-11	-2.9564e-05	-0.000182153	0.000138284	46.284
8.59	5.7306466999999997e-11	-0.000153542	-0.000144006	0.000148774	72.738
8.6	5.737317999999999e-11	-0.000140191	-7.43871e-05	0.000179292	-20.844
8.61	5.7439892999999994e-11	-0.000166894	0.000222207	0.000259401	-14.46
8.62	5.750660599999999e-11	0.000185967	-0.000235558	0.000288965	-114.102
8.63	5.7573319000000004e-11	0.000105858	-8.29701e-05	0.000298502	127.818
8.64	5.7640032e-11	-1.81199e-05	0.000272753	0.00024605	144.984
8.65	5.7706745e-11	-0.000142098	0.000227929	0.000308039	-152.718
8.66	5.7773458e-11	0.000234605	-0.000131608	0.000259401	-99.3
8.67	5.7840171e-11	-0.000200273	-0.000223161	0.000252726	-13.05
8.68	5.7906883999999995e-11	-0.000228883	-0.000302317	0.000247957	-176.838
8.69	5.7973596999999997e-11	-0.000128747	-0.000288012	0.000254633	38.124
8.7	5.804030999999999e-11	0.000123979	0.000143052	0.000276567	-105.822
8.71	5.8107023e-11	0.000109673	0.000112534	0.000251772	-47.892
8.72	5.8173736e-11	-6.8665e-05	-0.000253679	0.000309946	-172.824
8.73	5.8240449e-11	-0.000271799	-0.000190736	0.000247004	-141.486
8.74	5.8307162e-11	0.000317575	-0.00013733	0.000309946	74.658
8.75	5.8373875e-11	8.10628e-05	0.000181199	0.00023842	-26.694
8.76	5.8440588e-11	-0.000223161	-0.000226975	0.000244142	-137.67
8.77	5.8507301e-11	-0.000135423	3.71935e-05	0.000297548	90.66
8.78	5.857401399999999e-11	6.8665e-05	0.000273706	0.000289919	-165.702
8.79	5.864072699999999e-11	-0.000188828	-7.24797e-05	0.000358583	113.862
8.8	5.870744e-11	0.000130654	-0.000263216	0.000223161	40.692
8.81	5.8774153e-11	0.000216485	-9.15532e-05	0.000227929	87.81
8.82	5.8840866e-11	0.000254633	-7.53407e-05	0.000226975	-45.186
8.83	5.8907579e-11	-0.000219346	-0.000323297	0.000186921	-151.128
8.84	5.8974292e-11	-8.86922e-05	7.24797e-05	0.000223161	-84.66
8.85	5.904100499999999e-11	9.15532e-05	-0.000118256	0.000317575	-60.972
8.86	5.910771799999999e-11	-0.000209809	-0.000247004	0.000296595	-148.908
8.87	5.917443099999999e-11	5.3406e-05	-0.000118256	0.00023079	71.7
8.88	5.924114400000001e-11	-0.000205995	0.000121117	0.000219346	-52.896
8.89	5.9307857e-11	0.000152589	0.000293734	0.000282289	-144.792
8.9	5.937457e-11	0.000265123	3.62399e-05	0.000259401	135.102
8.91	5.9441283e-11	-0.00041485	0.000340464	0.000659946	145.842
8.92	5.950799599999999e-11	0.00124932	0.000963215	0.00124646	51.036
8.93	5.957470899999999e-11	-4.29156e-05	-3.81472e-05	0.000116349	130.944
8.94	5.9641422e-11	-0.000164987	0.000117302	0.00016594	-12.564
8.95	5.9708135e-11	0.000251772	6.8665e-05	0.000221253	93.924
8.96	5.9774848e-11	-5.53133e-05	0.000122071	0.00023842	-50.574
8.97	5.9841561e-11	-0.000203134	-0.000171662	0.0002203	-106.302
8.98	5.9908274e-11	0.000154496	0.000149728	0.000229836	99.906
8.99	5.9974987e-11	-0.000124932	0.000239373	0.000262262	-8.016
9.0	6.004169999999999e-11	9.91826e-05	-0.000160218	0.000223161	-108.222
9.01	6.0108413e-11	-0.000295641	-0.000128747	0.000222207	-68.418
9.02	6.0175126e-11	-0.000158311	-0.00017357	0.000183106	7.62
9.03	6.0241839e-11	-0.000217439	-0.000118256	0.000214578	83.988
9.04	6.030855199999999e-11	-0.000196458	0.000190736	0.000234605	-14.502
9.05	6.0375265e-11	-7.24797e-05	-0.000188828	0.000241281	-137.118
9.06	6.0441978e-11	0.00012684	1.23978e-05	0.000224114	95.964
9.07	6.0508691e-11	6.38966e-05	0.000177384	0.000187875	-17.88
9.08	6.0575404e-11	0.00011158	3.52862e-05	0.00019455	120.918
9.09	6.0642117e-11	-0.000250818	-0.000195504	0.00023842	21.864
9.1	6.070883e-11	-0.000241281	0.000102997	0.000219346	-63.546
9.11	6.077554299999999e-11	-7.82018e-05	0.000225068	0.00029278	11.412
9.12	6.084225599999999e-11	4.7684e-06	-0.000182153	0.000193597	-123.48
9.13	6.0908969e-11	-0.000162126	-4.7684e-06	0.000218392	103.068
9.14	6.0975682e-11	0.000280382	0.00023842	0.00018406	-164.748
9.15	6.1042395e-11	0.000135423	-0.000115395	0.000239373	-56.1
9.16	6.1109108e-11	-0.000190736	-2.9564e-05	0.000218392	-108.75
9.17	6.1175821e-11	3.71935e-05	0.000222207	0.000221253	7.482
9.18	6.124253399999999e-11	7.72481e-05	8.10628e-05	0.000154496	-131.046
9.19	6.130924699999999e-11	-0.000226022	6.8665e-05	0.000267031	-120.324
9.2	6.137595999999999e-11	0.000181199	0.000107766	0.000177384	152.07
9.21	6.144267300000001e-11	-0.000283243	0.000196458	0.000263216	31.212
9.22	6.1509386e-11	-9.5368e-06	-0.000210763	0.000141145	151.32
9.23	6.1576099e-11	-4.29156e-05	0.000174523	0.000183106	-3.666
9.24	6.1642812e-11	-0.000105858	-9.63216e-05	0.000232697	-95.214
9.25	6.1709525e-11	5.53133e-05	0.000201226	0.000268938	-11.238
9.26	6.177623799999999e-11	-0.000146867	-0.000182153	0.00019455	-89.682
9.27	6.1842951e-11	5.72207e-05	0.000129701	0.000265123	-29.34
9.28	6.1909664e-11	-0.000108719	0.000214578	0.00023842	-114.03
9.29	6.197637699999999e-11	-0.000205995	-6.48503e-05	0.000219346	-100.71
9.3	6.204309e-11	-0.000158311	0.00017357	0.000258448	-20.802
9.31	6.2109803e-11	9.72752e-05	0.000207902	0.000196458	32.052
9.32	6.2176516e-11	0.000193597	-0.000144006	0.000215531	107.55
9.33	6.224322899999999e-11	-1.62126e-05	0.000242234	0.000234605	-161.124
9.34	6.2309942e-11	0.000128747	0.000197412	0.000201226	-104.268
9.35	6.2376655e-11	9.63216e-05	-9.63216e-05	0.000162126	140.28
9.36	6.2443368e-11	0.000154496	-0.000205041	0.000255587	50.322
9.37	6.251008099999999e-11	-0.000133515	-0.000205995	0.000216485	23.7
9.38	6.2576794e-11	9.72752e-05	8.58313e-06	0.000249865	170.43
9.39	6.2643507e-11	0.000130654	-0.000234605	0.000187875	-129.93
9.4	6.271022e-11	0.000110627	3.81473e-06	0.000235558	-111.714
9.41	6.2776933e-11	-0.000233651	8.86922e-05	0.000203134	-51.798
9.42	6.2843646e-11	8.86922e-05	-0.000250818	0.000183106	174.804
9.43	6.2910359e-11	-0.000249865	3.05178e-05	0.000269892	-95.502
9.44	6.297707199999999e-11	-0.000109673	0.000254633	0.000216485	29.166
9.45	6.304378499999999e-11	-0.000168801	4.10082e-05	0.00023842	-112.032
9.46	6.3110498e-11	0.000144959	6.00817e-05	0.000231744	139.644
9.47	6.317721100000001e-11	3.52862e-05	-0.000268938	0.000232697	30.594
9.48	6.3243924e-11	-0.000214578	5.6267e-05	0.000269892	-113.526
9.49	6.3310637e-11	-0.000198365	-0.000233651	0.000227929	21.144
9.5	6.337735e-11	8.39238e-05	7.43871e-05	0.000251772	-109.698
9.51	6.344406299999999e-11	9.5368e-06	-0.000219346	0.000266077	-7.884
9.52	6.351077599999999e-11	-0.000150681	-0.000151635	0.000242234	-111.312
9.53	6.357748899999999e-11	0.000193597	8.58312e-05	0.00029278	110.256
9.54	6.3644202e-11	-9.44142e-05	0.000218392	0.000231744	41.622
9.55	6.3710915e-11	-0.000102044	-8.20165e-05	0.000180245	131.622
9.56	6.3777628e-11	-8.01091e-05	0.000226975	0.000281336	13.464
9.57	6.3844341e-11	-0.000124932	-0.000151635	0.000214578	-122.784
9.58	6.3911054e-11	-0.000235558	-1.14442e-05	0.000197412	148.446
9.59	6.397776699999999e-11	0.000185014	0.000239373	0.000253679	14.244
9.6	6.404448e-11	0.000170709	-7.62945e-06	0.000195504	125.682
9.61	6.4111193e-11	1.23978e-05	-0.000203134	0.000225068	-6.36
9.62	6.417790599999999e-11	0.00011921	-8.39238e-05	0.000254633	-100.422
9.63	6.4244619e-11	0.000112534	-0.000170709	0.000219346	128.508
9.64	6.4311332e-11	-0.00025654	-0.000123979	0.000251772	-124.932
9.65	6.4378045e-11	-0.000182153	-4.67303e-05	0.00024605	-10.602
9.66	6.444475799999999e-11	-0.000106812	6.38966e-05	0.000318529	107.274
9.67	6.4511471e-11	-0.000177384	-0.000308039	0.000209809	5.394
9.68	6.4578184e-11	0.000157357	-6.38966e-05	0.000271799	110.622
9.69	6.4644897e-11	0.000239373	-0.00024605	0.000249865	1.626
9.7	6.471160999999999e-11	4.7684e-06	-0.000117302	0.000258448	-110.064
9.71	6.4778323e-11	-0.000205995	-2.9564e-05	0.000189782	-70.356
9.72	6.4845036e-11	5.81744e-05	-0.00027466	0.000192643	-162.708
9.73	6.4911749e-11	-1.52589e-05	0.000166894	0.00019455	-107.976
9.74	6.4978462e-11	-0.000190736	0.000124932	0.000217439	-62.43
9.75	6.5045175e-11	-0.000128747	-0.000240327	0.00028515	-169.602
9.76	6.5111888e-11	3.91009e-05	-0.00015545	0.000209809	35.472
9.77	6.517860099999999e-11	1.81199e-05	3.24252e-05	0.000286104	-90.0
9.78	6.524531399999999e-11	-0.000237466	7.24797e-05	0.00023842	92.916
9.79	6.531202699999999e-11	0.000281336	0.000170709	0.000183106	-20.508
9.8	6.537874000000001e-11	2.47956e-05	-0.000185967	0.000224114	-122.136
9.81	6.5445453e-11	-0.000268938	-0.000134469	0.000291826	84.918
9.82	6.5512166e-11	7.82018e-05	0.000254633	0.000236512	3.06
9.83	6.5578879e-11	-0.000191689	-0.000170709	0.000242234	-137.586
9.84	6.564559199999999e-11	0.000118256	-5.6267e-05	0.000253679	-49.086
9.85	6.571230499999999e-11	-0.000135423	-0.000224114	0.000185014	-151.296
9.86	6.577901799999999e-11	-0.000278475	-0.00020218	0.000267031	72.294
9.87	6.5845731e-11	-0.000148774	0.000210763	0.000251772	-37.848
9.88	6.5912444e-11	0.000193597	-0.000175477	0.000276567	-149.994
9.89	6.5979157e-11	0.000164987	2.86104e-06	0.00020218	-43.584
9.9	6.604587e-11	-0.000269892	0.000247957	0.000305178	171.75
9.91	6.6112583e-11	0.000201226	9.05995e-05	0.000180245	107.628
9.92	6.617929599999999e-11	6.2943e-05	0.000185967	0.000167848	-14.292
9.93	6.6246009e-11	0.000223161	-0.000231744	0.000211717	-149.832
9.94	6.6312722e-11	0.000167848	-1.04905e-05	0.000250818	100.662
9.95	6.6379435e-11	0.000209809	-0.000188828	0.000209809	20.898
9.96	6.6446148e-11	-6.5804e-05	-0.000170709	0.000281336	-140.022
9.97	6.6512861e-11	0.000189782	-3.62399e-05	0.00023079	107.58
9.98	6.6579574e-11	9.34605e-05	-3.43325e-05	0.000153542	-61.824
9.99	6.664628699999999e-11	8.20165e-05	1.62126e-05	0.000204087	-143.022
10.0	6.6713e-11	-0.00029278	-0.000143052	0.000161172	-102.618
10.01	6.6779713e-11	8.48775e-05	0.000243188	0.000263216	10.086
10.02	6.6846426e-11	-6.00817e-05	-0.000113488	0.000214578	-32.844
10.03	6.691313899999999e-11	-0.000139237	-0.000210763	0.000204087	-10.026
10.04	6.697985199999999e-11	-4.95913e-05	-0.000190736	0.000221253	-110.466
10.05	6.7046565e-11	-0.000234605	-0.000120163	0.000216485	114.636
10.06	6.7113278e-11	-8.20165e-05	-0.000188828	0.000291826	126.504
10.07	6.7179991e-11	2.9564e-05	0.000214578	0.000245096	4.038
10.08	6.7246704e-11	7.43871e-05	-0.000115395	0.000211717	120.366
10.09	6.7313417e-11	0.000151635	-1.71663e-05	0.000242234	-76.404
10.1	6.738012999999999e-11	0.000146867	-0.000223161	0.000181199	166.326
10.11	6.744684299999999e-11	7.43871e-05	-0.000237466	0.000224114	53.322
10.12	6.751355599999999e-11	0.000167848	-2.86104e-06	0.000139237	65.946
10.13	6.758026900000001e-11	0.000132562	9.15532e-05	0.000279428	-52.584
10.14	6.7646982e-11	0.00016594	-0.000261309	0.000247957	-166.014
10.15	6.7713695e-11	0.000175477	-0.000254633	0.000300409	61.128
10.16	6.7780408e-11	-0.000199319	-0.000150681	0.000243188	-123.99
10.17	6.7847121e-11	0.000133515	-0.000106812	0.000236512	119.166
10.18	6.791383399999999e-11	4.48229e-05	0.000242234	0.000216485	7.446
10.19	6.798054699999999e-11	0.000102044	-0.000160218	0.000186921	82.92
10.2	6.804726e-11	0.000221253	-2.6703e-05	0.000211717	112.05
10.21	6.8113973e-11	0.000187875	-0.000338556	0.000216485	21.324
10.22	6.8180686e-11	8.10628e-05	0.000253679	0.000237466	38.094
10.23	6.8247399e-11	9.44142e-05	2.19346e-05	0.000250818	-120.984
10.24	6.8314112e-11	-0.000286104	-9.63216e-05	0.00016594	-73.848
10.25	6.838082499999999e-11	-0.000258448	0.000109673	0.000226975	154.98
10.26	6.8447538e-11	-0.000153542	0.000196458	0.000228883	65.37
10.27	6.8514251e-11	0.000150681	8.58312e-05	0.000171662	99.432
10.28	6.8580964e-11	-0.000131608	2.19346e-05	0.000219346	108.252
10.29	6.864767699999999e-11	-2.9564e-05	0.000198365	0.000352861	-60.552
10.3	6.871439e-11	-0.000132562	-0.000261309	0.000280382	-46.656
10.31	6.8781103e-11	-7.1526e-05	0.000206948	0.000353815	-146.856
10.32	6.884781599999999e-11	-0.000362398	-0.000158311	0.000301363	-137.988
10.33	6.8914529e-11	-0.000148774	-0.000114441	6.19893e-05	156.918
10.34	6.8981242e-11	-0.000169755	-0.000257494	0.000333788	18.132
10.35	6.9047955e-11	1.43052e-05	-0.000112534	0.000272753	-131.898
10.36	6.911466799999999e-11	4.38693e-05	-7.05724e-05	0.000356676	136.08
10.37	6.918138099999999e-11	-0.000364305	3.71935e-05	0.000333788	-97.86
10.38	6.9248094e-11	-3.43325e-05	-0.000288965	7.43871e-05	-168.738
10.39	6.9314807e-11	3.52862e-05	1.52589e-05	0.000185967	-157.704
10.4	6.938152e-11	-0.000348093	9.63216e-05	0.00027466	-143.358
10.41	6.9448233e-11	-0.000380518	-8.48775e-05	0.00019455	152.496
10.42	6.9514946e-11	-0.000228883	0.000125886	0.000407221	-69.69
10.43	6.958165899999999e-11	-0.000416758	-0.000262262	0.000263216	-143.424
10.44	6.964837199999999e-11	-0.000416758	-5.53133e-05	0.000457766	153.858
10.45	6.971508499999999e-11	-0.000160218	7.1526e-05	0.0004797	-93.498
10.46	6.978179800000001e-11	-0.000279428	-0.000298502	0.000205041	-134.628
10.47	6.9848511e-11	-0.000187875	-0.000226022	0.000267984	-131.142
10.48	6.9915224e-11	-0.000470163	-0.000128747	0.00042248	166.206
10.49	6.9981937e-11	-0.000161172	-9.91826e-05	0.000484468	175.818
10.5	7.004865e-11	-0.000523571	0.000100136	0.000110627	-163.266
10.51	7.011536299999999e-11	-0.000506405	-0.000345232	0.000426294	161.724
10.52	7.018207599999999e-11	-0.000240327	-8.48775e-05	0.000364305	-131.832
10.53	7.0248789e-11	-0.000218392	-1.62126e-05	0.000576023	-162.864
10.54	7.031550199999998e-11	-0.000394823	-0.000362398	0.000249865	-123.018
10.55	7.0382215e-11	-0.00044346	-0.0003109	0.000581745	163.458
10.56	7.0448928e-11	-0.000569347	-0.00023079	0.000606541	179.466
10.57	7.0515641e-11	-0.000380518	5.9128e-05	0.000610355	-164.016
10.58	7.058235399999999e-11	-0.000658039	6.5804e-05	0.000646595	-159.192
10.59	7.0649067e-11	-0.000669483	-0.000291826	0.000496868	-140.412
10.6	7.071578e-11	-0.000558857	-0.0003109	0.000305178	179.268
10.61	7.0782493e-11	-0.000343325	1.90736e-06	0.000745777	-151.962
10.62	7.084920599999999e-11	-0.000363352	-4.48229e-05	0.000669483	-172.902
10.63	7.0915919e-11	-0.000676159	-0.000456812	0.00037575	-150.114
10.64	7.0982632e-11	-0.000588421	-0.000200273	0.000755314	-163.002
10.65	7.104934499999999e-11	-0.000403406	-0.000239373	0.000818256	-134.412
10.66	7.1116058e-11	-0.000428202	-8.96459e-05	0.000866894	-137.718
10.67	7.1182771e-11	-0.000436785	-0.000475885	0.000593189	-152.76
10.68	7.1249484e-11	-0.000860218	-0.000306131	0.00062466	-175.512
10.69	7.131619699999999e-11	-0.00088406	-0.00014782	0.000969891	-154.308
10.7	7.138290999999999e-11	-0.000712398	-0.000558857	0.000666622	-148.572
10.71	7.1449623e-11	-0.000924114	-0.000476839	0.000921253	-159.804
10.72	7.151633600000001e-11	-0.000867847	-0.000523571	0.000742916	-161.856
10.73	7.1583049e-11	-0.000525478	-0.000289919	0.000983246	-138.756
10.74	7.1649762e-11	-0.000979431	-0.000635151	0.000755314	-158.292
10.75	7.1716475e-11	-0.000928883	-0.00032902	0.00113679	-159.594
10.76	7.178318799999999e-11	-0.00107957	-0.000390055	0.0011282	-138.984
10.77	7.184990099999999e-11	-0.00100423	-0.000688557	0.000825886	-156.702
10.78	7.191661399999999e-11	-0.000886921	-0.000363352	0.00118447	-158.778
10.79	7.1983327e-11	-0.00075436	-0.00046158	0.00126649	-138.522
10.8	7.205004e-11	-0.00100041	-0.000812534	0.000921253	-149.874
10.81	7.2116753e-11	-0.000872616	-0.000875477	0.00107575	-151.128
10.82	7.2183466e-11	-0.0011406	-0.000738148	0.00131894	-158.226
10.83	7.2250179e-11	-0.00124265	-0.000925068	0.00103093	-152.844
10.84	7.231689199999999e-11	-0.00114823	-0.000895504	0.00122834	-147.162
10.85	7.238360499999999e-11	-0.00120641	-0.000731472	0.00140668	-154.098
10.86	7.2450318e-11	-0.000996597	-0.000886921	0.00170804	-137.274
10.87	7.2517031e-11	-0.00146771	-0.000644688	0.00176621	-155.148
10.88	7.2583744e-11	-0.00111485	-0.00112344	0.00178147	-137.67
10.89	7.2650457e-11	-0.00114537	-0.000691418	0.00157262	-149.556
10.9	7.271717e-11	-0.00138951	-0.00113583	0.00165463	-142.998
10.91	7.278388299999999e-11	-0.000940327	-0.000816349	0.00153447	-142.236
10.92	7.2850596e-11	-0.00104047	-0.000617985	0.0014763	-144.522
10.93	7.2917309e-11	-0.000853542	-0.000633243	0.00119401	-128.268
10.94	7.2984022e-11	-0.0003109	-0.000506405	0.000564579	-92.19
10.95	7.305073499999999e-11	0.000462534	1.71663e-05	0.000681881	-6.18
10.96	7.3117448e-11	0.00154687	0.00011921	0.00165273	6.936
10.97	7.3184161e-11	0.00289632	0.000900272	0.0028124	16.32
10.98	7.325087399999999e-11	0.00423816	0.0018282	0.00474551	24.744
10.99	7.3317587e-11	0.00600532	0.00292303	0.00695518	26.088
11.0	7.33843e-11	0.00760368	0.00416282	0.00886732	27.204
11.01	7.3451013e-11	0.00927263	0.00548556	0.0105324	29.862
11.02	7.351772599999999e-11	0.0101719	0.00587657	0.0117951	30.138
11.03	7.358443899999999e-11	0.00987726	0.00573638	0.0116015	30.15
11.04	7.365115199999999e-11	0.00869471	0.00497344	0.0100222	31.548
11.05	7.371786500000001e-11	0.00586608	0.00364019	0.00691321	29.502
11.06	7.3784578e-11	0.00288488	0.00148106	0.00301649	33.93
11.07	7.3851291e-11	-0.000524525	-4.00546e-05	0.000597958	173.76
11.08	7.3918004e-11	-0.00246812	-0.00161076	0.00313188	-155.106
11.09	7.398471699999999e-11	-0.00369932	-0.00161076	0.004015	-150.12
11.1	7.405142999999999e-11	-0.00285532	-0.00165368	0.00346376	-156.594
11.11	7.411814299999999e-11	-0.00152112	-0.00100709	0.00157166	-150.612
11.12	7.4184856e-11	-0.000208856	-0.000372889	0.000458719	-131.994
11.13	7.4251569e-11	0.00046921	-0.000166894	2.19346e-05	58.308
11.14	7.4318282e-11	-1.43052e-05	-0.000372889	0.000381472	-144.516
11.15	7.4384995e-11	-0.00060368	-0.000517849	0.000659946	-130.224
11.16	7.4451708e-11	-0.000400545	-0.000554089	0.000613216	-136.596
11.17	7.451842099999999e-11	-0.00064278	-0.000319483	0.000669483	-137.592
11.18	7.458513399999999e-11	7.24797e-05	0.00046921	8.48775e-05	144.372
11.19	7.4651847e-11	0.000526432	9.25069e-05	0.00064278	68.28
11.2	7.471856e-11	3.05178e-05	0.000394823	0.00046921	25.95
11.21	7.4785273e-11	-0.00027466	-0.000299456	0.000537876	-126.744
11.22	7.4851986e-11	-0.000420572	-0.000243188	0.000980385	-176.004
11.23	7.4918699e-11	-0.000454905	-0.000480654	0.000869755	-167.688
11.24	7.498541199999999e-11	-0.000260355	0.00014782	0.000472071	134.352
11.25	7.5052125e-11	9.44142e-05	0.000239373	0.000125886	93.402
11.26	7.5118838e-11	0.000225068	0.000235558	0.000379564	76.674
11.27	7.5185551e-11	-4.48229e-05	-0.000374796	0.000613216	-96.468
11.28	7.525226399999999e-11	-0.00100613	-0.000166894	0.00112248	-154.188
11.29	7.531897699999999e-11	-0.000864986	-0.000793461	0.00145722	-143.82
11.3	7.538569e-11	-0.00113393	-0.000669483	0.00117589	-162.612
11.31	7.545240299999999e-11	-0.000787739	-9.25069e-05	0.000915531	-131.916
11.32	7.5519116e-11	1.52589e-05	-0.000347139	0.000497822	68.46
11.33	7.5585829e-11	0.000227929	0.000389101	0.000305178	59.586
11.34	7.5652542e-11	9.91826e-05	0.000289919	0.000197412	30.498
11.35	7.571925499999999e-11	-1.14442e-05	-0.000237466	0.000293734	45.408
11.36	7.578596799999999e-11	5.24523e-05	3.81473e-06	0.000251772	140.016
11.37	7.585268099999999e-11	-0.000330927	8.58312e-05	0.000708584	-119.184
11.38	7.591939400000001e-11	-0.000308992	-1.52589e-05	0.000905994	-137.082
11.39	7.5986107e-11	-0.000986107	-8.29701e-05	0.00102998	-153.678
11.4	7.605282e-11	-0.000500683	-0.000182153	0.000786785	-144.006
11.41	7.6119533e-11	-0.000514988	-1.04905e-05	0.000936512	-136.626
11.42	7.6186246e-11	-0.00038624	-0.000387194	0.000529293	-144.534
11.43	7.625295899999999e-11	4.48229e-05	-0.00018406	0.00046921	142.014
11.44	7.631967199999999e-11	-0.00023079	-6.00817e-05	0.000193597	-176.604
11.45	7.6386385e-11	-0.000255587	4.57766e-05	0.00060368	-116.904
11.46	7.6453098e-11	-0.000130654	-0.000342371	0.000424387	-133.242
11.47	7.6519811e-11	-0.000649456	-0.000410082	0.000692371	-120.66
11.48	7.6586524e-11	-0.000100136	-0.000371935	0.000515942	-36.87
11.49	7.6653237e-11	-6.48503e-05	-0.000150681	0.00035	54.852
11.5	7.671994999999999e-11	-0.000141145	-2.47956e-05	0.000276567	93.918
11.51	7.6786663e-11	-3.62399e-05	7.72481e-05	0.000495914	-98.862
11.52	7.6853376e-11	-3.81473e-06	5.72207e-05	8.77385e-05	-175.752
11.53	7.6920089e-11	-0.00068951	-0.000419619	0.000744823	-124.362
11.54	7.698680199999999e-11	-0.000424387	6.67575e-06	0.000812534	-134.748
11.55	7.7053515e-11	-0.000324251	-0.000455858	0.000690464	-134.388
11.56	7.7120228e-11	-0.000390055	-0.000115395	0.000935558	-168.852
11.57	7.718694099999999e-11	-0.000542644	-0.000593189	0.000395777	-146.874
11.58	7.7253654e-11	-0.000405313	-0.000450136	0.000504497	-141.948
11.59	7.7320367e-11	-0.000552181	-9.82289e-05	0.000498775	-118.284
11.6	7.738708e-11	-0.00026417	0.000209809	0.000234605	101.646
11.61	7.745379299999999e-11	0.00038624	0.000229836	0.000172616	-31.26
11.62	7.752050599999999e-11	0.000172616	-0.000200273	0.000460627	135.342
11.63	7.7587219e-11	-3.14715e-05	0.000214578	0.000243188	36.378
11.64	7.7653932e-11	-7.72481e-05	-0.000392916	0.000236512	-131.706
11.65	7.7720645e-11	-0.000189782	-0.000407221	0.000584606	172.986
11.66	7.7787358e-11	-0.000262262	-0.000434877	0.000470163	-168.39
11.67	7.7854071e-11	-0.000280382	-0.000514034	0.000242234	-131.376
11.68	7.792078399999999e-11	-0.000251772	0.000112534	0.000462534	-141.528
11.69	7.798749699999999e-11	0.000161172	0.000140191	0.000288965	-107.136
11.7	7.805420999999999e-11	0.000429155	0.000130654	0.000181199	-28.302
11.71	7.812092300000001e-11	-3.81472e-05	0.000186921	0.000118256	-20.19
11.72	7.8187636e-11	0.000296595	-9.34605e-05	0.000171662	-10.524
11.73	7.8254349e-11	-9.5368e-06	-0.000236512	0.000327112	-10.71
11.74	7.8321062e-11	-3.62399e-05	0.000121117	0.000473024	-35.436
11.75	7.8387775e-11	5.24523e-05	2.00273e-05	0.000481607	91.908
11.76	7.845448799999999e-11	4.76839e-05	-0.000185967	0.000384333	164.7
11.77	7.852120099999999e-11	0.000196458	-0.000302317	0.000188828	-169.596
11.78	7.8587914e-11	0.000120163	7.1526e-05	0.000398638	-115.386
11.79	7.865462699999998e-11	-0.000370027	-0.000104905	0.000334742	169.014
11.8	7.872134e-11	-2.28883e-05	7.05724e-05	0.000500683	140.262
11.81	7.8788053e-11	4.48229e-05	7.43871e-05	0.000412943	-133.2
11.82	7.8854766e-11	-0.000391962	-0.000115395	0.000195504	-97.818
11.83	7.892147899999999e-11	-0.000493053	-0.000385286	4.19619e-05	-166.554
11.84	7.8988192e-11	0.000117302	-0.000151635	0.000366213	46.908
11.85	7.9054905e-11	-0.000343325	-1.43052e-05	0.000198365	-77.61
11.86	7.9121618e-11	6.77113e-05	-0.000354769	0.000206948	-169.086
11.87	7.918833099999999e-11	0.000262262	0.000163079	0.000281336	-100.554
11.88	7.9255044e-11	0.00023842	9.25069e-05	0.000172616	-34.818
11.89	7.9321757e-11	0.000305178	-0.000188828	0.00019455	14.76
11.9	7.938846999999999e-11	-1.81199e-05	0.000214578	0.000234605	49.482
11.91	7.9455183e-11	0.000105858	-9.82289e-05	0.000225068	132.42
11.92	7.9521896e-11	8.48775e-05	0.000103951	0.000139237	-168.504
11.93	7.9588609e-11	-0.00025654	-0.000298502	0.000237466	-150.402
11.94	7.965532199999999e-11	0.000149728	-0.000176431	0.000224114	-117.384
11.95	7.972203499999999e-11	0.000267984	0.00015545	0.000327112	-15.246
11.96	7.9788748e-11	0.000225068	-0.000189782	0.000276567	-155.304
11.97	7.9855461e-11	0.00027466	-0.00012684	0.000217439	84.51
11.98	7.9922174e-11	0.000161172	-0.00027466	0.00025654	-37.596
11.99	7.9988887e-11	-1.43052e-05	6.5804e-05	0.000449182	-67.656
12.0	8.00556e-11	-0.000308039	-0.000254633	0.00027466	-121.62
12.01	8.012231299999999e-11	-0.000323297	9.63216e-05	0.000170709	160.98
12.02	8.018902599999999e-11	-0.000104905	0.000214578	0.000254633	8.358
12.03	8.025573899999999e-11	0.000203134	0.000232697	0.000213624	36.756
12.04	8.0322452e-11	0.000276567	0.000132562	0.000219346	-55.182
12.05	8.0389165e-11	0.000199319	-0.000223161	0.000216485	7.986
12.06	8.0455878e-11	5.81744e-05	-0.000222207	0.000107766	-158.082
12.07	8.0522591e-11	-0.000432016	4.95913e-05	0.000309946	106.632
12.08	8.0589304e-11	-0.000145913	-2.19346e-05	0.000267984	147.972
12.09	8.065601699999999e-11	8.58312e-05	-0.00017357	0.000382425	151.83
12.1	8.072272999999999e-11	-0.000299456	0.000132562	0.000428202	-160.998
12.11	8.0789443e-11	-0.000271799	0.00016594	0.000300409	168.534
12.12	8.0856156e-11	-0.000318529	0.000185967	0.00023842	-133.836
12.13	8.0922869e-11	-2.6703e-05	-9.5368e-06	0.0002203	136.968
12.14	8.0989582e-11	-0.00023079	8.20165e-05	0.000236512	155.298
12.15	8.1056295e-11	-0.000195504	0.000157357	0.000269892	170.73
12.16	8.112300799999999e-11	0.000134469	0.000226022	0.000278475	25.338
12.17	8.1189721e-11	0.000243188	-0.000120163	0.000213624	44.592
12.18	8.1256434e-11	-0.000105858	0.000125886	0.000265123	-38.448
12.19	8.1323147e-11	-0.000257494	0.000132562	0.000337603	32.004
12.2	8.138985999999999e-11	-0.000234605	-2.86104e-06	0.000311853	52.182
12.21	8.1456573e-11	9.91826e-05	-0.000102044	0.000231744	-91.008
12.22	8.1523286e-11	-0.000204087	0.000187875	0.000316622	-10.134
12.23	8.158999899999999e-11	-0.000219346	0.000100136	0.000226022	-150.324
12.24	8.1656712e-11	-0.0002203	-4.7684e-06	0.000163079	-64.728
12.25	8.1723425e-11	9.25069e-05	0.00023079	0.000187875	-5.64
12.26	8.1790138e-11	-0.000206948	-0.000216485	0.000216485	63.642
12.27	8.185685099999999e-11	-4.95913e-05	-0.000217439	0.000245096	115.722
12.28	8.192356399999999e-11	0.000106812	-0.000141145	0.0003109	154.482
12.29	8.199027699999999e-11	7.24797e-05	0.000142098	0.000294687	145.896
12.3	8.205699e-11	-0.00033951	-0.000277521	0.000124932	166.986
12.31	8.2123703e-11	0.000134469	-0.000294687	0.000187875	-173.22
12.32	8.2190416e-11	0.0	-0.000208856	0.00023842	61.806
12.33	8.2257129e-11	0.000271799	-6.5804e-05	0.000297548	75.762
12.34	8.2323842e-11	-9.53679e-05	7.05724e-05	0.000240327	-23.67
12.35	8.239055499999999e-11	-0.000211717	-5.81744e-05	0.000191689	119.748
12.36	8.245726799999999e-11	-0.000311853	0.000105858	0.000183106	-146.25
12.37	8.2523981e-11	-0.000473978	-0.000100136	0.000214578	161.196
12.38	8.2590694e-11	-5.6267e-05	4.76839e-05	0.000171662	-84.87
12.39	8.2657407e-11	-0.000186921	9.82289e-05	0.000442507	-171.468
12.4	8.272412e-11	4.57766e-05	-0.00015545	0.000338556	148.542
12.41	8.2790833e-11	-0.000271799	-0.000257494	0.000295641	-11.832
12.42	8.285754599999999e-11	-0.000215531	0.000162126	0.000251772	15.462
12.43	8.292425899999999e-11	-0.000177384	-0.000213624	0.000216485	46.752
12.44	8.2990972e-11	-0.000124932	-9.15532e-05	0.000283243	47.406
12.45	8.3057685e-11	-8.10628e-05	0.000163079	7.24797e-05	-16.764
12.46	8.3124398e-11	0.000433924	-8.10628e-05	7.05724e-05	3.876
12.47	8.3191111e-11	0.000515942	0.000198365	0.00016594	14.646
12.48	8.3257824e-11	0.000280382	3.81473e-06	0.000478746	50.85
12.49	8.332453699999999e-11	0.000225068	0.000162126	0.000337603	66.12
12.5	8.339125e-11	0.000232697	0.000272753	0.000141145	11.706
12.51	8.3457963e-11	-4.29156e-05	0.000317575	0.000320436	28.404
12.52	8.3524676e-11	4.48229e-05	0.00011921	0.000338556	72.834
12.53	8.359138899999999e-11	0.000121117	2.3842e-05	0.000391962	-11.496
12.54	8.365810199999999e-11	0.000352861	0.000376703	0.000122071	17.916
12.55	8.3724815e-11	0.000546459	0.000333788	0.000380518	30.87
12.56	8.3791528e-11	9.15532e-05	0.000190736	0.000503544	71.928
12.57	8.3858241e-11	6.10356e-05	-9.53679e-05	0.000557903	60.042
12.58	8.3924954e-11	0.000382425	-4.86376e-05	0.000214578	25.722
12.59	8.3991667e-11	0.000537876	0.000335695	0.000329973	46.644
12.6	8.405837999999999e-11	0.000130654	3.14715e-05	0.000252726	6.48
12.61	8.412509299999999e-11	0.000329973	0.000320436	0.000118256	59.034
12.62	8.419180599999999e-11	6.77113e-05	-3.52862e-05	0.000397684	-175.974
12.63	8.4258519e-11	0.000249865	-6.67575e-06	0.000241281	-72.606
12.64	8.4325232e-11	-0.00012684	7.24797e-05	5.24523e-05	-59.7
12.65	8.4391945e-11	-0.000182153	-0.000338556	0.000365259	-144.708
12.66	8.4458658e-11	-0.000399591	7.91554e-05	0.000244142	-142.008
12.67	8.4525371e-11	-0.000169755	-0.000232697	0.000448229	-177.618
12.68	8.459208399999999e-11	-0.000602726	-0.000436785	0.000691418	-175.938
12.69	8.465879699999999e-11	-0.000546459	-2.47956e-05	0.000535969	-145.338
12.7	8.472551e-11	-0.0005312	-0.000185967	0.000693325	-138.882
12.71	8.4792223e-11	-0.000797275	-0.000226022	0.000769619	-170.838
12.72	8.4858936e-11	-0.000693325	-0.000288965	0.000497822	-130.668
12.73	8.4925649e-11	-0.000326158	-0.00029278	0.000661854	-120.552
12.74	8.4992362e-11	-0.000242234	-0.000320436	0.000482561	-161.568
12.75	8.505907499999999e-11	0.000103951	-0.000187875	0.000207902	-150.66
12.76	8.512578799999999e-11	0.000180245	-8.58313e-06	0.000327112	-83.478
12.77	8.5192501e-11	0.000151635	0.000100136	0.000400545	-18.792
12.78	8.5259214e-11	0.000610355	4.38693e-05	0.000634197	57.444
12.79	8.532592699999999e-11	0.000221253	5.6267e-05	0.000304224	49.32
12.8	8.539264e-11	0.000415804	0.000387194	0.00032902	-10.62
12.81	8.5459353e-11	7.72481e-05	0.000148774	0.000257494	49.746
12.82	8.552606599999999e-11	3.91009e-05	-0.000282289	0.000134469	-177.39
12.83	8.5592779e-11	-8.48775e-05	-0.000345232	0.00011158	56.76
12.84	8.5659492e-11	-0.000164987	8.29701e-05	0.00024605	-111.294
12.85	8.5726205e-11	-0.000207902	0.000153542	0.000199319	85.686
12.86	8.579291799999999e-11	0.000358583	0.000167848	0.000384333	77.022
12.87	8.585963099999999e-11	0.0004797	0.000411035	9.05995e-05	28.416
12.88	8.5926344e-11	0.000495914	0.000103951	0.000365259	59.736
12.89	8.5993057e-11	0.000250818	-5.3406e-05	0.000118256	2.214
12.9	8.605977e-11	-7.24797e-05	-0.000164033	0.000289919	-143.688
12.91	8.6126483e-11	0.000267984	-0.000105858	0.000234605	-51.906
12.92	8.6193196e-11	0.000177384	-0.000222207	0.000205041	-22.008
12.93	8.625990899999999e-11	2.9564e-05	0.00018406	0.000123979	-144.99
12.94	8.632662199999999e-11	-0.000222207	-0.000226975	0.000245096	-140.61
12.95	8.639333499999999e-11	-0.000359537	-0.000152589	0.000301363	-127.11
12.96	8.6460048e-11	-2.47956e-05	-0.000215531	0.000142098	168.18
12.97	8.6526761e-11	6.77113e-05	0.000215531	0.000271799	71.466
12.98	8.6593474e-11	2.6703e-05	0.000288012	0.000181199	40.398
12.99	8.6660187e-11	-4.7684e-06	0.000213624	0.000229836	-16.578
13.0	8.67269e-11	0.000145913	0.000297548	0.000471117	81.36
13.01	8.679361299999999e-11	0.000362398	-0.00020218	0.000367166	-110.322
13.02	8.686032599999999e-11	9.5368e-06	-0.000248911	0.00023842	-132.0
13.03	8.6927039e-11	2.9564e-05	-9.34605e-05	0.000265123	-103.482
13.04	8.6993752e-11	-0.000118256	-0.000121117	0.000196458	148.914
13.05	8.7060465e-11	-9.5368e-06	0.000205041	0.000183106	40.308
13.06	8.7127178e-11	-0.000193597	-3.33788e-05	0.000207902	157.992
13.07	8.7193891e-11	-0.000215531	7.1526e-05	0.000233651	130.194
13.08	8.726060399999999e-11	-0.00021267	-0.000222207	0.000187875	-23.04
13.09	8.732731699999999e-11	-0.000180245	-0.000262262	0.000287058	4.59
13.1	8.739403e-11	0.000185014	-9.15532e-05	0.000221253	117.618
13.11	8.7460743e-11	7.62944e-05	-0.000250818	0.000280382	171.984
13.12	8.752745599999999e-11	-0.000160218	-0.00027466	0.000139237	-172.038
13.13	8.7594169e-11	-0.000208856	5.0545e-05	0.000297548	-101.922
13.14	8.7660882e-11	0.000211717	-0.000146867	0.000249865	125.502
13.15	8.772759499999999e-11	-3.14715e-05	-0.000107766	0.000128747	33.396
13.16	8.7794308e-11	-0.000121117	0.000189782	0.000229836	-41.862
13.17	8.7861021e-11	-0.000106812	0.00012684	0.000181199	-5.352
13.18	8.7927734e-11	-2.86103e-05	-0.000324251	0.000427248	135.942
13.19	8.799444699999999e-11	-0.000144959	-0.000115395	0.000525478	-116.064
13.2	8.806115999999999e-11	-0.000128747	-3.81472e-05	0.000615124	-123.642
13.21	8.8127873e-11	-0.000239373	7.24797e-05	0.000607494	-117.972
13.22	8.8194586e-11	-2.9564e-05	-0.000341417	0.000437738	155.772
13.23	8.8261299e-11	-1.04905e-05	-1.14442e-05	0.000211717	127.14
13.24	8.8328012e-11	0.000205995	-0.000236512	0.000179292	-1.704
13.25	8.8394725e-11	0.000316622	-7.24797e-05	0.000316622	69.06
13.26	8.8461438e-11	0.000242234	0.000129701	0.000123025	79.968
13.27	8.852815099999999e-11	3.71935e-05	0.000197412	0.000229836	-145.848
13.28	8.859486399999999e-11	-2.28883e-05	-6.2943e-05	0.000249865	-117.774
13.29	8.866157699999999e-11	-5.3406e-05	3.24252e-05	0.000227929	133.572
13.3	8.872829e-11	1.71663e-05	-0.000144006	0.000107766	158.082
13.31	8.8795003e-11	0.00017357	-0.000198365	0.000294687	164.808
13.32	8.8861716e-11	0.00020218	-0.000253679	0.000273706	4.812
13.33	8.8928429e-11	-0.000253679	0.000122071	0.000216485	-96.966
13.34	8.899514199999999e-11	-0.000197412	7.43871e-05	0.000164987	-170.37
13.35	8.906185499999999e-11	-0.000359537	9.44142e-05	0.000428202	-101.886
13.36	8.9128568e-11	-0.000288965	-0.000379564	0.000515942	-158.91
13.37	8.9195281e-11	-0.00016594	-0.000149728	0.000524525	-114.798
13.38	8.9261994e-11	-0.000444414	-0.000190736	0.000330927	-133.566
13.39	8.9328707e-11	-0.000269892	0.000164987	0.00025654	-22.176
13.4	8.939542e-11	-2.86104e-06	0.000315668	7.91554e-05	120.486
13.41	8.946213299999999e-11	0.000104905	0.000365259	0.00046921	-10.926
13.42	8.952884599999999e-11	0.000382425	-9.53679e-05	0.000387194	73.704
13.43	8.9595559e-11	6.8665e-05	-0.000182153	0.000187875	0.144
13.44	8.9662272e-11	-0.000197412	-8.77385e-05	0.000436785	-51.678
13.45	8.972898499999999e-11	-0.000552181	-7.91554e-05	0.000454905	171.852
13.46	8.9795698e-11	-0.000555042	-0.0004921	0.000192643	-112.278
13.47	8.9862411e-11	-0.000187875	-0.000483515	0.000621799	-161.844
13.48	8.992912399999999e-11	-0.000317575	-0.000405313	0.000411035	170.868
13.49	8.9995837e-11	-0.000282289	-5.53133e-05	0.000341417	-92.07
13.5	9.006255e-11	0.000284197	-6.2943e-05	0.000161172	-18.132
13.51	9.0129263e-11	0.000163079	-3.62399e-05	0.000498775	86.028
13.52	9.019597599999999e-11	0.000516895	1.52589e-05	0.000444414	48.882
13.53	9.026268899999999e-11	8.58312e-05	2.0981e-05	0.000345232	55.404
13.54	9.032940199999999e-11	0.000290873	4.48229e-05	0.000325205	-28.896
13.55	9.0396115e-11	-0.000193597	-0.000255587	0.000254633	-175.632
13.56	9.0462828e-11	-0.000363352	-0.000115395	0.000247957	-141.24
13.57	9.0529541e-11	-0.000311853	-0.000123979	0.000105858	-108.336
13.58	9.0596254e-11	-7.82018e-05	0.000156404	0.000233651	5.244
13.59	9.0662967e-11	7.72481e-05	-0.000128747	0.00012684	136.668
13.6	9.072967999999999e-11	-0.000374796	-0.00026417	0.000383379	177.708
13.61	9.079639299999999e-11	-0.00025654	-0.000401499	0.000123025	-86.868
13.62	9.086310599999999e-11	-9.25069e-05	-0.000359537	0.00054932	169.062
13.63	9.0929819e-11	-0.000360491	4.86376e-05	0.000430109	-137.886
13.64	9.0996532e-11	-0.000166894	-0.000223161	0.000265123	117.42
13.65	9.1063245e-11	-0.000235558	0.000241281	0.000225068	-42.36
13.66	9.1129958e-11	0.000261309	-0.000144006	0.000371935	-95.67
13.67	9.119667099999999e-11	0.000263216	-7.62945e-06	0.000308992	-68.952
13.68	9.126338399999999e-11	-1.62126e-05	0.000164033	0.000320436	-46.362
13.69	9.1330097e-11	-0.000281336	0.000120163	0.00032902	-30.6
13.7	9.139681e-11	-0.000259401	3.24252e-05	0.000196458	131.298
13.71	9.1463523e-11	-0.000286104	-0.000135423	0.000241281	-110.25
13.72	9.1530236e-11	-0.000391008	-0.000299456	0.000134469	-88.146
13.73	9.1596949e-11	-0.000519756	-6.67575e-06	0.000609402	-105.198
13.74	9.166366199999999e-11	-0.000543598	-8.58313e-06	0.000576977	-160.668
13.75	9.173037499999999e-11	-0.00059605	-0.000190736	0.000587467	-123.708
13.76	9.1797088e-11	-0.000359537	-0.000346186	0.000121117	-171.288
13.77	9.1863801e-11	7.72481e-05	0.00015545	0.000273706	67.914
13.78	9.193051399999999e-11	0.000174523	2.19346e-05	0.000266077	-76.26
13.79	9.199722699999999e-11	-8.48775e-05	-0.000146867	0.000294687	137.766
13.8	9.206394e-11	0.000247957	-0.000169755	0.000233651	56.91
13.81	9.2130653e-11	1.62126e-05	3.24252e-05	0.000345232	167.556
13.82	9.2197366e-11	-0.000300409	-0.00032902	2.57493e-05	-70.23
13.83	9.2264079e-11	-0.00037575	7.34334e-05	0.00044346	143.244
13.84	9.2330792e-11	-3.52862e-05	-1.14442e-05	0.000307085	-116.988
13.85	9.239750499999999e-11	-0.000206948	2.86103e-05	0.000106812	-170.034
13.86	9.246421799999999e-11	-0.000319483	-0.000157357	0.000159265	-158.502
13.87	9.253093099999999e-11	-0.000453951	-0.000235558	0.00025654	-136.176
13.88	9.2597644e-11	-0.000177384	1.23978e-05	0.000514988	-164.916
13.89	9.2664357e-11	-0.000295641	-0.000370027	0.00054932	166.674
13.9	9.273107e-11	-0.000555996	-0.000186921	0.000316622	162.042
13.91	9.2797783e-11	-0.000421526	8.10628e-05	0.000592235	-117.456
13.92	9.2864496e-11	-0.000428202	-0.00028515	0.000195504	-137.562
13.93	9.293120899999999e-11	-0.000381472	-0.000161172	0.000276567	147.996
13.94	9.299792199999999e-11	9.72752e-05	-0.000166894	0.000157357	-70.824
13.95	9.306463499999999e-11	0.000211717	-0.000244142	0.000269892	144.372
13.96	9.3131348e-11	-6.77113e-05	-0.00014782	0.000252726	18.696
13.97	9.3198061e-11	6.67575e-06	0.000206948	0.000223161	51.174
13.98	9.3264774e-11	-0.000106812	0.000110627	0.000281336	142.524
13.99	9.3331487e-11	-9.82289e-05	0.000179292	0.00019455	147.018
14.0	9.339819999999999e-11	3.52862e-05	0.000259401	0.000325205	32.706
14.01	9.346491299999999e-11	0.000684742	0.000345232	0.000651363	-4.74
14.02	9.3531626e-11	0.000581745	0.000557903	0.000802044	17.178
14.03	9.3598339e-11	0.00137997	0.000629429	0.00153447	20.166
14.04	9.366505199999999e-11	0.00179768	0.000675205	0.00162507	22.734
14.05	9.3731765e-11	0.00164033	0.00117303	0.00220491	25.524
14.06	9.3798478e-11	0.00195027	0.000953678	0.00210001	32.106
14.07	9.386519099999999e-11	0.00176907	0.00106431	0.00176144	23.016
14.08	9.393190399999999e-11	0.00158788	0.000899319	0.00174905	21.318
14.09	9.3998617e-11	0.000992782	0.000574116	0.00123978	18.084
14.1	9.406533e-11	0.000668529	0.00046921	0.000751499	10.26
14.11	9.413204299999999e-11	0.000462534	-7.91554e-05	0.000562672	14.034
14.12	9.419875599999999e-11	-0.000239373	-0.000294687	0.000141145	-7.794
14.13	9.4265469e-11	-0.000441553	-0.000140191	0.000623707	-133.404
14.14	9.4332182e-11	-0.000679974	-0.000416758	0.00104428	-164.574
14.15	9.4398895e-11	-0.000895504	-0.000824932	0.00135613	-140.718
14.16	9.4465608e-11	-0.000738148	-0.000768665	0.00119973	-156.81
14.17	9.4532321e-11	-0.000977524	-0.000391962	0.000958446	-158.958
14.18	9.459903399999999e-11	-0.000482561	-4.57766e-05	0.000783924	-157.446
14.19	9.466574699999999e-11	-0.000252726	-0.000279428	0.000305178	-26.016
14.2	9.473245999999999e-11	0.000467302	-6.48503e-05	0.000362398	41.988
14.21	9.4799173e-11	0.000278475	5.3406e-05	0.00042248	41.754
14.22	9.4865886e-11	0.000322344	-7.1526e-05	0.00016594	10.146
14.23	9.4932599e-11	1.62126e-05	0.000251772	0.000149728	-74.406
14.24	9.4999312e-11	-7.91554e-05	0.000109673	0.000213624	-129.246
14.25	9.5066025e-11	-0.00044346	-0.000132562	0.000467302	169.47
14.26	9.513273799999999e-11	-0.000455858	-0.000413897	0.000161172	-159.582
14.27	9.519945099999999e-11	-0.00033951	-0.00033951	0.000537876	166.956
14.28	9.526616399999999e-11	-0.000124932	-0.000138284	0.00041485	-179.604
14.29	9.5332877e-11	-0.000360491	-4.57766e-05	0.000392916	172.098
14.3	9.539959e-11	8.77385e-05	-0.000262262	0.000254633	-140.904
14.31	9.5466303e-11	0.000175477	9.53679e-05	0.000164987	60.252
14.32	9.5533016e-11	9.82289e-05	-5.24523e-05	0.000241281	-74.328
14.33	9.559972899999999e-11	0.000122071	-0.000146867	0.000287058	130.032
14.34	9.566644199999999e-11	-4.00546e-05	0.00016594	0.000199319	-19.782
14.35	9.5733155e-11	0.000249865	-0.000185014	0.000169755	-91.92
14.36	9.5799868e-11	0.000185967	0.000218392	0.000267031	-45.654
14.37	9.586658099999999e-11	-5.3406e-05	7.43871e-05	0.00033951	91.02
14.38	9.5933294e-11	0.000362398	-3.52862e-05	0.000421526	-11.772
14.39	9.6000007e-11	-4.19619e-05	-9.63216e-05	9.53679e-05	1.134
14.4	9.606671999999999e-11	1.90736e-05	-0.000151635	0.00033951	59.634
14.41	9.613343299999999e-11	-0.000198365	-0.000167848	0.000219346	86.826
14.42	9.6200146e-11	0.000168801	0.000108719	0.000302317	98.946
14.43	9.6266859e-11	0.000218392	7.24797e-05	0.000293734	-42.738
14.44	9.633357199999999e-11	0.000123979	-0.000164033	0.000143052	-10.134
14.45	9.640028499999999e-11	0.000216485	0.000169755	0.000278475	8.028
14.46	9.6466998e-11	0.000185967	0.000182153	0.000221253	36.246
14.47	9.6533711e-11	-8.01091e-05	4.76839e-05	0.00030327	-39.804
14.48	9.6600424e-11	5.24523e-05	-0.000210763	5.3406e-05	178.584
14.49	9.6667137e-11	-0.000366213	-0.00029278	5.9128e-05	-160.542
14.5	9.673385e-11	-3.81472e-05	3.71935e-05	0.000236512	66.036
14.51	9.6800563e-11	0.000200273	2.86103e-05	0.000159265	81.642
14.52	9.686727599999999e-11	-7.05724e-05	-9.25069e-05	0.000309946	-54.738
14.53	9.693398899999999e-11	5.72207e-05	0.00020218	0.000149728	-141.144
14.54	9.700070199999999e-11	-0.000275614	-0.000286104	0.000185967	-131.814
14.55	9.7067415e-11	-5.53133e-05	-0.000240327	0.000295641	-126.594
14.56	9.7134128e-11	-0.000316622	-0.000266077	0.000175477	161.124
14.57	9.7200841e-11	-0.000167848	-0.000201226	0.000199319	58.644
14.58	9.7267554e-11	-0.000232697	7.82018e-05	0.000258448	97.608
14.59	9.733426699999999e-11	7.24797e-05	-0.000160218	0.000211717	-10.878
14.6	9.740097999999999e-11	3.24252e-05	-0.00024605	0.000106812	86.766
14.61	9.746769299999999e-11	-0.000148774	-2.47956e-05	0.000291826	-116.916
14.62	9.7534406e-11	-0.000392916	-0.000312807	0.000156404	170.928
14.63	9.7601119e-11	0.0	6.2943e-05	0.000491146	-108.276
14.64	9.7667832e-11	-0.000294687	-0.000268938	0.00032139	-169.464
14.65	9.7734545e-11	0.000208856	0.000178338	0.000229836	57.966
14.66	9.780125799999999e-11	-0.000109673	6.5804e-05	0.00023842	-13.044
14.67	9.786797099999999e-11	0.000299456	0.000221253	0.00029278	-17.034
14.68	9.7934684e-11	0.000330927	-0.000144006	0.000301363	85.806
14.69	9.8001397e-11	0.00014782	0.000291826	0.000186921	26.16
14.7	9.806810999999999e-11	-2.28883e-05	0.000223161	0.000227929	34.884
14.71	9.8134823e-11	7.62945e-06	0.000141145	0.000267984	-123.624
14.72	9.8201536e-11	-0.000180245	6.96187e-05	0.000226022	-94.164
14.73	9.8268249e-11	0.000102997	-1.14442e-05	0.000208856	161.172
14.74	9.833496199999999e-11	-0.000131608	-7.62944e-05	0.000117302	-73.086
14.75	9.8401675e-11	5.14986e-05	-0.000257494	0.00016594	63.438
14.76	9.8468388e-11	0.000123979	-8.29701e-05	0.000215531	133.584
14.77	9.853510099999999e-11	6.77113e-05	-1.90736e-05	0.000329973	155.04
14.78	9.860181399999999e-11	-3.05178e-05	-0.000312807	0.000177384	65.82
14.79	9.866852699999999e-11	-0.000320436	6.67575e-06	0.000150681	134.55
14.8	9.873524e-11	9.25069e-05	0.000215531	0.000268938	-172.092
14.81	9.8801953e-11	-0.000104905	-0.000170709	0.000251772	-154.326
14.82	9.8868666e-11	-0.000150681	-3.14715e-05	0.000211717	120.498
14.83	9.8935379e-11	0.000226975	0.000249865	0.000247957	-9.378
14.84	9.9002092e-11	-0.000236512	0.000148774	0.000287058	-142.89
14.85	9.906880499999999e-11	-1.81199e-05	-0.000124932	0.000258448	157.356
14.86	9.913551799999999e-11	-7.1526e-05	-8.39238e-05	0.00046921	-124.8
14.87	9.920223099999999e-11	-0.000235558	4.19619e-05	6.48503e-05	-178.266
14.88	9.9268944e-11	-0.00026417	-0.00023842	0.000185014	39.252
14.89	9.9335657e-11	-0.000131608	0.000127793	0.000223161	-101.544
14.9	9.940237e-11	-2.3842e-05	0.000150681	0.000138284	140.814
14.91	9.9469083e-11	3.24252e-05	-0.00011921	0.000391008	159.102
14.92	9.953579599999999e-11	-1.81199e-05	-1.14442e-05	0.000374796	-44.718
14.93	9.960250899999999e-11	0.000141145	-0.00015545	0.000294687	158.112
14.94	9.9669222e-11	5.72207e-05	-0.000203134	0.000185967	28.134
14.95	9.9735935e-11	-0.000334742	1.81199e-05	0.000287058	-99.858
14.96	9.9802648e-11	-0.000350954	-8.77385e-05	0.000189782	-97.71
14.97	9.9869361e-11	-0.000354769	-0.000118256	0.000360491	-64.902
14.98	9.9936074e-11	7.91554e-05	0.000232697	0.000341417	-155.202
14.99	1.0000278699999999e-10	-0.000366213	-0.000197412	0.000179292	-124.164
15.0	1.0006949999999999e-10	0.000118256	-0.000120163	0.000132562	148.65