Position (mm) 	 Delay (s) 	 X 	 Y 	 R 	 theta 
#Without Preamplifier, ZnTe detector angle dependance 40deg, Chopper 230Hz, time constant=0.3 6dB, sensitivity=20mV
6.0	4.00278e-11	0.000117302	0.000216485	0.000219346	-159.972
6.01	4.0094512999999995e-11	6.19893e-05	-0.000188828	0.000189782	-8.736
6.02	4.0161226e-11	0.000158311	-0.000138284	0.000225068	34.716
6.03	4.0227939e-11	2.19346e-05	7.05724e-05	0.000281336	61.026
6.04	4.0294652e-11	7.72481e-05	-4.7684e-06	0.000223161	-69.282
6.05	4.0361364999999996e-11	-0.000281336	8.67848e-05	0.000167848	-58.482
6.06	4.0428078e-11	3.52862e-05	0.000218392	0.00021267	-16.428
6.07	4.0494791e-11	-0.000167848	-0.000244142	0.000206948	-154.854
6.08	4.0561503999999996e-11	3.91009e-05	0.000171662	0.000241281	-133.218
6.09	4.0628217e-11	-0.000272753	-4.86376e-05	0.000208856	118.596
6.1	4.0694929999999993e-11	-0.000239373	-0.000208856	0.000158311	9.162
6.11	4.0761643e-11	0.00016594	0.000125886	0.000312807	-139.122
6.12	4.0828356e-11	0.000163079	-8.48775e-05	0.00025654	-103.254
6.13	4.0895069e-11	0.000179292	-9.82289e-05	0.000192643	138.654
6.14	4.0961781999999995e-11	0.000139237	6.77113e-05	0.000199319	154.536
6.15	4.1028495e-11	-4.57766e-05	-0.000232697	0.000228883	59.544
6.16	4.1095208e-11	0.000110627	-0.000208856	0.000219346	93.804
6.17	4.1161921e-11	-0.000249865	9.91826e-05	0.000234605	-75.624
6.18	4.1228633999999996e-11	-0.000164033	0.00014782	0.000203134	-26.898
6.19	4.1295347e-11	0.000107766	-0.000196458	0.000242234	96.342
6.2	4.136206e-11	0.000128747	-6.96187e-05	0.000288965	-79.08
6.21	4.1428772999999995e-11	-0.000252726	0.000205041	0.000250818	-53.238
6.22	4.1495486e-11	-4.48229e-05	0.000164033	0.000263216	-3.282
6.23	4.1562199e-11	-0.000170709	-0.000233651	0.000236512	-139.326
6.24	4.1628912e-11	-9.34605e-05	0.000211717	0.000300409	59.208
6.25	4.1695625e-11	0.0	-0.000136376	0.000226022	137.358
6.26	4.1762338e-11	-0.000222207	0.000128747	0.00013733	165.546
6.27	4.1829050999999994e-11	4.38693e-05	-0.000237466	0.000196458	26.676
6.28	4.1895764e-11	-0.000210763	-9.15532e-05	0.000195504	-94.74
6.29	4.1962477e-11	-0.000227929	2.19346e-05	0.000276567	86.898
6.3	4.2029189999999994e-11	-0.000150681	-3.91009e-05	0.000313761	-57.558
6.31	4.2095902999999996e-11	-0.000195504	-0.000140191	0.000290873	139.704
6.32	4.2162616e-11	0.000234605	0.000226022	0.000315668	-9.81
6.33	4.2229329e-11	0.000236512	-0.000222207	0.00024605	-124.992
6.34	4.2296041999999995e-11	-0.000110627	0.000145913	0.000243188	-98.754
6.35	4.2362755e-11	-0.000200273	-4.67303e-05	0.0002203	-84.198
6.36	4.2429468e-11	-0.000304224	-0.000179292	0.000243188	152.598
6.37	4.2496181e-11	0.000143052	-0.000272753	0.000213624	174.93
6.38	4.2562893999999996e-11	-0.000281336	-0.000288965	0.000316622	65.52
6.39	4.2629607e-11	1.71663e-05	9.44142e-05	0.000304224	-90.618
6.4	4.269632e-11	-0.000308992	-0.000211717	0.000276567	118.5
6.41	4.2763032999999996e-11	-0.000131608	-0.000281336	0.000245096	-9.51
6.42	4.2829746e-11	-4.48229e-05	-0.000215531	0.00028515	95.046
6.43	4.2896458999999993e-11	0.000170709	-0.000209809	0.000278475	165.834
6.44	4.2963172e-11	0.00017357	-0.000244142	0.000258448	144.924
6.45	4.3029885e-11	7.72481e-05	-0.000330927	0.000380518	-137.754
6.46	4.3096598e-11	0.000158311	-0.000148774	0.000307085	125.784
6.47	4.3163310999999995e-11	0.000130654	-0.000271799	0.000169755	-43.188
6.48	4.3230024e-11	-0.000150681	-0.000314714	0.000267984	-144.09
6.49	4.3296737e-11	0.000125886	-0.000123979	0.00028515	-100.284
6.5	4.336345e-11	-0.000327112	-0.000288965	0.000237466	150.084
6.51	4.3430162999999996e-11	-0.00023079	0.000187875	0.000318529	19.944
6.52	4.3496876e-11	0.000159265	4.57766e-05	0.000307085	-101.424
6.53	4.3563589e-11	-0.000170709	-0.000239373	0.000218392	160.452
6.54	4.3630301999999995e-11	-5.0545e-05	0.00025654	0.000280382	38.13
6.55	4.3697015e-11	-0.000102997	-4.00546e-05	0.000301363	-104.862
6.56	4.376372799999999e-11	0.000211717	-0.000232697	0.000370981	-179.304
6.57	4.3830441e-11	0.000174523	-0.000266077	0.000299456	176.628
6.58	4.3897154e-11	-0.000144006	-0.000288965	0.000291826	-138.078
6.59	4.3963867e-11	-0.000197412	0.00010109	0.000327112	-64.302
6.6	4.4030579999999994e-11	8.77385e-05	-0.000312807	0.000229836	33.39
6.61	4.4097293e-11	0.000311853	-0.000204087	0.00018406	-137.304
6.62	4.4164006e-11	0.000218392	8.58312e-05	0.000193597	-90.0
6.63	4.4230719e-11	-0.00011158	-5.81744e-05	0.000247957	-12.81
6.64	4.4297431999999996e-11	0.000167848	-0.000157357	0.000349047	3.576
6.65	4.4364145e-11	0.000267984	-0.000142098	0.000205995	-53.052
6.66	4.4430858e-11	0.000239373	0.000251772	0.000312807	-44.796
6.67	4.4497570999999995e-11	0.000442507	0.000130654	0.000276567	73.11
6.68	4.4564284e-11	0.000170709	-7.34334e-05	5.24523e-05	22.782
6.69	4.4630997e-11	0.000380518	-6.96187e-05	0.000298502	-34.476
6.7	4.469771e-11	0.00035	0.000145913	0.000244142	-15.99
6.71	4.4764422999999996e-11	0.000316622	0.000192643	0.000365259	113.202
6.72	4.4831136e-11	-3.62399e-05	0.000250818	0.00038624	0.528
6.73	4.4897849e-11	0.000371935	0.000196458	0.000269892	54.498
6.74	4.4964561999999996e-11	-4.19619e-05	0.000189782	0.000175477	-10.056
6.75	4.5031275e-11	0.000278475	-0.000148774	0.000136376	171.906
6.76	4.5097987999999993e-11	-0.00015545	-6.00817e-05	0.000277521	-29.79
6.77	4.5164700999999995e-11	-0.000141145	0.000218392	0.000211717	160.854
6.78	4.5231414e-11	-7.62944e-05	0.000113488	0.000266077	-95.994
6.79	4.5298127e-11	9.5368e-06	2.9564e-05	0.000329973	-85.986
6.8	4.5364839999999995e-11	-0.000182153	-0.000354769	6.19893e-05	-170.88
6.81	4.5431552999999997e-11	-0.00044346	1.04905e-05	0.000307085	164.532
6.82	4.5498266e-11	-2.3842e-05	-0.000192643	0.000320436	-94.164
6.83	4.5564979e-11	-0.000223161	0.000186921	0.000426294	-55.278
6.84	4.5631691999999996e-11	-0.00032139	0.000241281	0.000278475	-164.1
6.85	4.5698405e-11	0.00010109	0.000177384	0.0003109	4.458
6.86	4.5765118e-11	-1.81199e-05	0.000219346	0.000252726	-20.538
6.87	4.5831830999999996e-11	-0.000268938	0.000226022	0.000287058	-3.234
6.88	4.5898544e-11	0.00012684	0.000293734	0.000318529	27.57
6.89	4.596525699999999e-11	0.000108719	-0.000349047	0.000332834	43.932
6.9	4.603197e-11	-0.000188828	2.3842e-05	0.000295641	-97.356
6.91	4.6098683e-11	0.000216485	-0.000144959	0.000307085	147.858
6.92	4.6165396e-11	0.000269892	-0.000281336	0.000251772	180.0
6.93	4.6232108999999994e-11	-0.00025654	0.000245096	0.000280382	-166.764
6.94	4.6298822e-11	0.000123979	-0.000312807	0.000313761	-141.996
6.95	4.6365535e-11	-2.3842e-05	-0.000178338	0.000287058	81.396
6.96	4.6432248e-11	-4.86376e-05	0.000281336	0.000231744	130.848
6.97	4.6498960999999996e-11	-3.91009e-05	0.000231744	0.000317575	-153.492
6.98	4.6565674e-11	6.67575e-06	-0.000148774	0.000288965	-132.396
6.99	4.6632387e-11	0.000217439	-7.53407e-05	0.000226022	136.926
7.0	4.6699099999999995e-11	0.000231744	-0.00026417	0.000221253	165.966
7.01	4.6765813e-11	-0.000308992	0.000218392	0.000281336	43.062
7.02	4.683252599999999e-11	-0.000298502	-0.000144959	0.000276567	159.102
7.03	4.6899239e-11	4.76839e-05	-0.000257494	0.000183106	174.06
7.04	4.6965951999999997e-11	-0.00024605	-0.000247004	0.000216485	-178.812
7.05	4.7032665e-11	0.000227929	0.000114441	0.00028515	-156.93
7.06	4.7099377999999994e-11	0.000124932	-0.000227929	0.000247957	65.268
7.07	4.7166091e-11	0.000205041	0.000103951	0.000344278	-18.198
7.08	4.7232804e-11	-0.000221253	0.000222207	0.000226975	-142.728
7.09	4.7299516999999993e-11	0.000201226	1.04905e-05	0.000287058	73.794
7.1	4.7366229999999995e-11	0.000136376	0.000160218	0.000176431	-167.526
7.11	4.7432943e-11	-0.000279428	0.000217439	0.000197412	-141.156
7.12	4.7499656e-11	-4.19619e-05	-0.000223161	0.00025654	-131.748
7.13	4.7566368999999995e-11	-0.000328066	0.000283243	0.000296595	66.948
7.14	4.7633081999999997e-11	0.000247957	-0.000187875	0.000262262	-90.384
7.15	4.7699795e-11	-0.000228883	-0.000267031	0.000267984	151.362
7.16	4.7766508e-11	-0.00018406	-0.00015545	0.000183106	81.894
7.17	4.7833220999999996e-11	-0.00013733	0.000123979	0.000179292	79.974
7.18	4.7899934e-11	6.38966e-05	0.000163079	0.000209809	152.358
7.19	4.7966647e-11	0.000218392	-0.000284197	0.000174523	179.844
7.2	4.8033359999999996e-11	1.90736e-05	-0.00027466	0.000207902	-154.866
7.21	4.8100073e-11	0.000172616	5.6267e-05	0.000283243	64.188
7.22	4.816678599999999e-11	-2.28883e-05	0.000117302	0.000259401	-29.418
7.23	4.8233499e-11	-5.53133e-05	-0.00017357	0.000204087	-9.408
7.24	4.8300212e-11	0.000222207	0.000185967	0.000205041	4.992
7.25	4.8366925e-11	-0.000200273	-0.000141145	0.000211717	-116.016
7.26	4.8433637999999994e-11	-4.19619e-05	-2.6703e-05	0.000247957	126.432
7.27	4.8500350999999996e-11	-2.86104e-06	-0.00014782	0.000234605	130.824
7.28	4.8567064e-11	0.00021267	-0.000189782	0.000226975	155.064
7.29	4.8633777e-11	-0.000263216	0.000183106	0.000174523	178.542
7.3	4.8700489999999996e-11	-0.000248911	0.000130654	0.00023842	68.916
7.31	4.8767203e-11	-0.000214578	0.000145913	0.000221253	-36.648
7.32	4.8833916e-11	0.000235558	0.000215531	0.00025654	-27.582
7.33	4.8900628999999995e-11	-0.000124932	0.000190736	0.000251772	-168.33
7.34	4.8967342e-11	-0.000118256	-0.000112534	0.000251772	57.96
7.35	4.903405499999999e-11	-4.76839e-05	-8.58313e-06	0.00028515	97.104
7.36	4.9100768e-11	3.91009e-05	-0.000106812	0.000217439	139.056
7.37	4.9167480999999997e-11	-0.000232697	-0.00013733	0.000226022	20.556
7.38	4.9234194e-11	-0.000219346	0.000144959	0.000222207	171.96
7.39	4.9300906999999994e-11	0.00021267	-0.000281336	0.000186921	-160.896
7.4	4.936762e-11	0.000166894	6.77113e-05	0.000247957	53.388
7.41	4.9434333e-11	0.00021267	-3.14715e-05	0.000205041	-52.764
7.42	4.9501046e-11	-0.000221253	-0.000228883	0.000242234	-166.362
7.43	4.9567758999999995e-11	-0.00018406	-0.000174523	0.000247957	-146.31
7.44	4.9634472e-11	3.52862e-05	-0.000219346	0.000203134	-119.694
7.45	4.9701185e-11	0.000170709	-6.77113e-05	0.000245096	84.984
7.46	4.9767897999999995e-11	0.000183106	-0.000139237	0.000228883	123.69
7.47	4.9834611e-11	-0.000144006	0.000254633	0.000177384	15.966
7.48	4.9901324e-11	8.77385e-05	-0.000133515	0.000276567	-100.992
7.49	4.9968037e-11	0.00014782	8.48775e-05	0.000171662	140.004
7.5	5.0034749999999996e-11	5.72208e-06	0.000195504	0.000241281	12.492
7.51	5.0101463e-11	-7.53407e-05	-0.000123025	0.000199319	-79.284
7.52	5.0168175999999994e-11	-0.000182153	5.43597e-05	0.000210763	-63.792
7.53	5.0234889e-11	-0.000205995	9.44142e-05	0.000265123	-35.676
7.54	5.0301602e-11	-9.63216e-05	0.000163079	0.000247957	-177.324
7.55	5.036831499999999e-11	0.000170709	-0.000224114	0.000211717	-168.318
7.56	5.0435027999999995e-11	-5.0545e-05	-0.000171662	0.000169755	49.752
7.57	5.0501741e-11	-0.000217439	-2.86104e-06	0.000288965	-68.274
7.58	5.0568454e-11	-0.000208856	-0.000247957	0.000242234	-155.64
7.59	5.0635166999999994e-11	0.000120163	-0.000178338	0.000207902	-132.54
7.6	5.0701879999999996e-11	0.00013733	1.04905e-05	0.000154496	-71.754
7.61	5.0768593e-11	5.9128e-05	-0.000135423	0.000247957	14.562
7.62	5.0835306e-11	-0.000150681	0.000229836	0.000211717	-123.972
7.63	5.0902018999999996e-11	-4.48229e-05	0.000195504	0.000280382	79.392
7.64	5.0968732e-11	-0.000158311	1.04905e-05	0.000235558	-98.508
7.65	5.1035445e-11	-0.000177384	-0.000239373	0.000287058	161.028
7.66	5.1102157999999995e-11	-7.62944e-05	-0.000241281	0.000243188	8.046
7.67	5.1168871e-11	-0.000110627	0.000138284	0.000244142	-101.214
7.68	5.123558399999999e-11	-0.000259401	0.000108719	0.000231744	-78.948
7.69	5.1302297e-11	0.000191689	-0.00023079	0.000188828	-177.264
7.7	5.1369009999999997e-11	0.000140191	-3.33788e-05	0.000265123	-104.202
7.71	5.1435723e-11	-0.000125886	-0.000206948	0.000145913	-37.86
7.72	5.1502435999999994e-11	-0.000169755	-0.000208856	0.000181199	-159.888
7.73	5.1569149e-11	-0.000135423	7.53407e-05	0.000201226	-158.172
7.74	5.1635862e-11	-9.53679e-05	-0.000242234	0.000243188	-138.828
7.75	5.1702575e-11	6.2943e-05	-3.33788e-05	0.000247957	129.258
7.76	5.1769287999999995e-11	5.3406e-05	-0.000187875	0.000243188	-22.242
7.77	5.1836001e-11	0.000190736	-0.000242234	0.000267031	0.978
7.78	5.1902714e-11	-0.000213624	-9.82289e-05	0.00023842	137.46
7.79	5.1969426999999995e-11	8.58313e-06	0.00019455	0.000187875	148.224
7.8	5.203614e-11	0.000166894	-0.000226022	0.000283243	171.06
7.81	5.210285299999999e-11	-0.000153542	0.000163079	0.000241281	14.364
7.82	5.2169566e-11	0.00014782	4.7684e-06	0.000298502	39.168
7.83	5.2236278999999996e-11	-0.000244142	-7.24797e-05	0.000250818	-72.474
7.84	5.2302992e-11	1.33515e-05	-0.000219346	0.000261309	-156.402
7.85	5.2369704999999994e-11	-0.000199319	-0.00013733	0.000189782	-151.086
7.86	5.2436418e-11	3.05178e-05	1.71663e-05	0.000186921	71.262
7.87	5.2503131e-11	-0.000182153	-9.53679e-05	0.000254633	-46.89
7.88	5.2569844e-11	-0.000189782	-0.000188828	0.00026417	-129.63
7.89	5.2636556999999995e-11	3.71935e-05	-0.000135423	0.000296595	-114.54
7.9	5.270327e-11	-7.72481e-05	-1.62126e-05	0.000196458	-12.6
7.91	5.2769983e-11	0.000156404	0.000192643	0.000241281	-17.868
7.92	5.2836695999999994e-11	-0.000200273	0.000196458	0.000234605	-118.626
7.93	5.2903408999999996e-11	-0.000223161	-0.000113488	0.000213624	-62.634
7.94	5.2970122e-11	-4.00546e-05	-0.000132562	0.000185967	-11.652
7.95	5.3036835e-11	-0.000122071	-0.000210763	0.000197412	12.45
7.96	5.3103547999999996e-11	0.000185967	0.000204087	0.000179292	-76.83
7.97	5.3170261e-11	0.000236512	-0.000197412	0.000172616	-70.89
7.98	5.3236974e-11	-5.9128e-05	-0.000286104	0.000247957	157.902
7.99	5.3303687e-11	0.000140191	0.000213624	0.000221253	22.992
8.0	5.33704e-11	-1.33515e-05	0.000198365	0.000221253	-134.88
8.01	5.343711299999999e-11	-0.000262262	6.10356e-05	0.000305178	-59.172
8.02	5.3503825999999995e-11	-5.9128e-05	-0.000260355	0.000248911	-170.58
8.03	5.357053899999999e-11	0.000271799	-0.000284197	0.000271799	57.378
8.04	5.363725199999999e-11	-6.2943e-05	0.000130654	0.000291826	154.506
8.05	5.3703965e-11	-0.000211717	-0.000288012	0.00016594	-152.616
8.06	5.3770678e-11	-0.000113488	-0.000248911	0.000205041	-136.752
8.07	5.3837391e-11	-0.000206948	-8.96459e-05	0.000267984	-52.266
8.08	5.3904104e-11	5.72208e-06	0.000218392	0.000218392	-25.956
8.09	5.3970816999999995e-11	-0.000222207	0.000164033	0.000223161	77.652
8.1	5.403753e-11	-3.81473e-06	0.000229836	0.000205995	-142.284
8.11	5.410424299999999e-11	-0.000185967	-0.000144006	0.000189782	122.442
8.12	5.4170955999999995e-11	0.000221253	-0.000193597	0.000267031	21.912
8.13	5.4237669000000003e-11	-0.000228883	0.000135423	0.000291826	23.964
8.14	5.4304382e-11	0.000167848	-6.00817e-05	0.000245096	-116.406
8.15	5.4371095e-11	-0.000172616	8.58313e-06	0.000263216	-98.586
8.16	5.4437807999999996e-11	-0.00023079	-0.000157357	0.00020218	153.714
8.17	5.4504521e-11	2.86104e-06	-0.000214578	0.000226022	-137.736
8.18	5.4571233999999994e-11	-0.000213624	4.86376e-05	0.00023842	-108.582
8.19	5.4637946999999996e-11	7.24797e-05	-0.000244142	0.000205995	-164.904
8.2	5.470465999999999e-11	0.00020218	-0.000253679	0.00016594	76.914
8.21	5.4771373000000006e-11	-0.000157357	9.25069e-05	0.000257494	80.46
8.22	5.4838086e-11	0.000199319	-6.2943e-05	0.000222207	-56.832
8.23	5.4904799e-11	-0.00020218	-0.000130654	0.000234605	125.496
8.24	5.4971512e-11	0.000168801	-0.000259401	0.000249865	-14.706
8.25	5.5038224999999995e-11	-0.000205995	0.000187875	0.000247004	-129.582
8.26	5.5104937999999996e-11	9.53679e-05	-7.24797e-05	0.000222207	-71.094
8.27	5.517165099999999e-11	0.000171662	1.04905e-05	0.000243188	-177.498
8.28	5.5238363999999994e-11	0.000206948	-0.000219346	0.00017357	-178.326
8.29	5.530507699999999e-11	-0.000186921	0.000136376	0.000271799	32.964
8.3	5.5371790000000004e-11	-0.0002203	-1.33515e-05	0.000232697	-86.94
8.31	5.5438503e-11	0.00024605	0.000135423	0.00024605	-30.354
8.32	5.5505216e-11	0.000156404	0.000185014	0.000178338	-169.194
8.33	5.5571929e-11	-9.44142e-05	-0.000172616	0.000287058	67.998
8.34	5.5638642e-11	-8.67848e-05	-3.05178e-05	0.000214578	-69.456
8.35	5.5705354999999995e-11	-0.000284197	-2.0981e-05	0.000192643	-49.476
8.36	5.577206799999999e-11	-0.00021267	-0.000177384	0.000290873	63.048
8.37	5.583878099999999e-11	0.000152589	-1.14442e-05	0.000158311	-77.31
8.38	5.5905494e-11	2.3842e-05	0.000199319	0.000276567	-165.378
8.39	5.5972207e-11	-1.90736e-05	-0.000105858	0.000298502	-164.748
8.4	5.603892e-11	0.000317575	-4.57766e-05	0.000215531	-119.784
8.41	5.6105633e-11	9.05995e-05	-9.25069e-05	0.000258448	137.844
8.42	5.6172345999999996e-11	6.8665e-05	0.000179292	0.000164033	38.202
8.43	5.6239059e-11	0.000209809	2.86103e-05	0.000308039	-125.448
8.44	5.630577199999999e-11	3.05178e-05	0.0	0.000282289	111.528
8.45	5.6372484999999995e-11	-1.33515e-05	0.000308992	0.000142098	43.638
8.46	5.6439198000000003e-11	-0.000128747	-9.34605e-05	0.000205041	132.102
8.47	5.6505911e-11	0.000226022	0.000273706	0.000177384	-1.434
8.48	5.6572624e-11	0.000167848	-0.000282289	0.000276567	34.698
8.49	5.6639336999999996e-11	0.000145913	0.000278475	0.000158311	114.384
8.5	5.670605e-11	5.6267e-05	0.000143052	0.000241281	-80.166
8.51	5.6772762999999994e-11	-1.81199e-05	4.19619e-05	0.000252726	109.776
8.52	5.6839475999999996e-11	0.000205041	3.24252e-05	0.000205041	126.768
8.53	5.690618899999999e-11	3.52862e-05	-7.43871e-05	0.000156404	141.84
8.54	5.697290199999999e-11	-0.000203134	-0.00029278	0.000338556	-140.682
8.55	5.7039615e-11	0.000140191	-0.000157357	0.000296595	91.788
8.56	5.7106328000000004e-11	0.000149728	-0.000141145	0.0002203	-24.936
8.57	5.7173041e-11	-5.6267e-05	0.000265123	0.000278475	10.368
8.58	5.7239753999999995e-11	-0.000298502	-0.000104905	0.000258448	16.734
8.59	5.7306466999999997e-11	-0.0002203	-7.53407e-05	0.000248911	-89.808
8.6	5.737317999999999e-11	0.000259401	-0.000265123	0.0002203	-8.73
8.61	5.7439892999999994e-11	-0.000187875	-0.000175477	0.000243188	23.664
8.62	5.750660599999999e-11	-0.000108719	-8.01091e-05	0.000123979	91.296
8.63	5.7573319000000004e-11	-0.000167848	-0.000265123	0.000205041	-174.174
8.64	5.7640032e-11	-0.000250818	-0.000219346	0.000237466	-178.554
8.65	5.7706745e-11	9.91826e-05	5.0545e-05	0.000234605	69.726
8.66	5.7773458e-11	-0.000299456	1.04905e-05	0.000341417	-81.696
8.67	5.7840171e-11	-0.000132562	0.000103951	0.000287058	116.838
8.68	5.7906883999999995e-11	-0.000193597	-0.000222207	0.000288965	150.588
8.69	5.7973596999999997e-11	0.000199319	-0.000215531	0.000211717	91.362
8.7	5.804030999999999e-11	-0.000284197	-0.000115395	0.000261309	-97.41
8.71	5.8107023e-11	-0.000166894	-8.48775e-05	0.000143052	-79.974
8.72	5.8173736e-11	0.00023842	-0.000228883	0.000291826	-16.284
8.73	5.8240449e-11	-0.00023079	-5.14986e-05	0.000280382	-77.31
8.74	5.8307162e-11	1.04905e-05	-0.000176431	0.000144006	130.956
8.75	5.8373875e-11	-6.10356e-05	0.000138284	0.000181199	-7.044
8.76	5.8440588e-11	0.00016594	-9.82289e-05	0.000229836	-46.77
8.77	5.8507301e-11	1.14442e-05	0.000159265	0.000281336	33.69
8.78	5.857401399999999e-11	0.000142098	-9.34605e-05	0.000234605	-107.202
8.79	5.864072699999999e-11	5.14986e-05	6.96187e-05	0.000306131	103.062
8.8	5.870744e-11	0.000132562	-8.67848e-05	0.000159265	-57.096
8.81	5.8774153e-11	8.58312e-05	0.000164987	0.000335695	76.608
8.82	5.8840866e-11	-0.000150681	0.000270845	0.000233651	-124.698
8.83	5.8907579e-11	6.10356e-05	-0.000150681	0.000291826	-124.29
8.84	5.8974292e-11	9.82289e-05	-0.000141145	0.00028515	157.938
8.85	5.904100499999999e-11	-0.000195504	6.77113e-05	0.000213624	180.0
8.86	5.910771799999999e-11	0.000172616	0.000121117	0.000309946	-168.576
8.87	5.917443099999999e-11	0.000166894	-2.00273e-05	0.000366213	16.326
8.88	5.924114400000001e-11	4.10082e-05	-6.00817e-05	0.000340464	43.248
8.89	5.9307857e-11	0.000161172	9.72752e-05	0.000235558	76.026
8.9	5.937457e-11	0.000228883	-0.000164033	0.000265123	119.622
8.91	5.9441283e-11	-0.000337603	-0.000200273	0.000203134	-12.288
8.92	5.950799599999999e-11	-7.24797e-05	5.6267e-05	0.000117302	128.946
8.93	5.957470899999999e-11	-2.6703e-05	-0.000312807	0.000293734	-142.59
8.94	5.9641422e-11	0.000236512	1.90736e-06	0.00020218	-57.924
8.95	5.9708135e-11	-0.000299456	0.00010109	0.000218392	139.572
8.96	5.9774848e-11	-4.67303e-05	-0.000326158	0.000329973	-145.908
8.97	5.9841561e-11	-0.000259401	-0.000180245	0.000247004	-160.158
8.98	5.9908274e-11	-0.000135423	-9.91826e-05	0.000161172	-114.978
8.99	5.9974987e-11	0.000211717	4.19619e-05	0.000235558	-38.568
9.0	6.004169999999999e-11	-4.00546e-05	0.000279428	0.000167848	17.382
9.01	6.0108413e-11	-5.0545e-05	3.91009e-05	0.000223161	124.668
9.02	6.0175126e-11	-2.9564e-05	-0.000115395	0.000205041	-62.628
9.03	6.0241839e-11	0.00010109	-0.000185014	0.000227929	-164.286
9.04	6.030855199999999e-11	1.62126e-05	-9.5368e-06	0.000231744	-126.684
9.05	6.0375265e-11	6.19893e-05	-2.47956e-05	0.000350954	157.53
9.06	6.0441978e-11	-0.000249865	-0.000144006	0.000288965	154.698
9.07	6.0508691e-11	0.000136376	-0.000239373	0.000123025	-24.228
9.08	6.0575404e-11	-9.91826e-05	7.05724e-05	0.000364305	-120.822
9.09	6.0642117e-11	2.28883e-05	9.5368e-06	0.000369074	141.708
9.1	6.070883e-11	-4.00546e-05	-0.000195504	0.000148774	-2.106
9.11	6.077554299999999e-11	-3.71935e-05	-3.05178e-05	0.000206948	-71.76
9.12	6.084225599999999e-11	-0.00024605	-5.3406e-05	0.000231744	168.69
9.13	6.0908969e-11	-0.000166894	0.000143052	0.000342371	-59.778
9.14	6.0975682e-11	-0.000127793	0.000254633	0.00023842	95.712
9.15	6.1042395e-11	-0.000373842	0.000160218	0.000176431	106.866
9.16	6.1109108e-11	-0.000190736	-3.33788e-05	0.000275614	-75.756
9.17	6.1175821e-11	0.000254633	-0.000161172	0.000358583	-177.954
9.18	6.124253399999999e-11	-6.48503e-05	-0.000308992	0.000223161	-158.622
9.19	6.130924699999999e-11	0.000189782	0.000249865	0.000223161	81.456
9.2	6.137595999999999e-11	-3.91009e-05	-0.00013733	4.19619e-05	-38.946
9.21	6.144267300000001e-11	0.000322344	-0.000435831	0.00037575	-39.018
9.22	6.1509386e-11	0.000442507	1.52589e-05	0.000371935	-11.034
9.2305	6.157943464999999e-11	0.000398638	2.19346e-05	0.000281336	51.36
9.24	6.1642812e-11	-0.00035	9.15532e-05	0.000235558	134.73
9.25	6.1709525e-11	8.48775e-05	3.91009e-05	0.000385286	-12.822
9.26	6.177623799999999e-11	-0.000460627	0.000249865	0.000402452	123.786
9.27	6.1842951e-11	-0.000255587	0.000330927	0.000471117	49.638
9.28	6.1909664e-11	-6.10356e-05	0.000420572	0.000330927	13.746
9.29	6.197637699999999e-11	0.00012684	0.000566486	0.000450136	69.426
9.3	6.204309e-11	-0.000464441	-0.000421526	0.000179292	-165.372
9.31	6.2109803e-11	0.000268938	-0.000128747	0.000564579	30.348
9.32	6.2176516e-11	-0.000215531	-0.000216485	0.000263216	-93.768
9.33	6.224322899999999e-11	-0.000500683	-0.00029278	0.000437738	-161.796
9.34	6.2309942e-11	-0.000286104	0.000205041	0.000328066	174.462
9.35	6.2376655e-11	-0.000226975	0.000125886	0.000717167	-138.054
9.36	6.2443368e-11	-4.67303e-05	-0.000626568	0.000626568	-64.83
9.37	6.251008099999999e-11	0.000595096	0.000394823	0.00023079	22.392
9.38	6.2576794e-11	-0.000651363	-0.000221253	0.000615124	-142.596
9.39	6.2643507e-11	3.62399e-05	8.67848e-05	0.000519756	90.0
9.4	6.271022e-11	0.000144959	-0.000105858	0.000555042	-34.476
9.41	6.2776933e-11	-0.000328066	-0.000434877	0.000574116	-113.55
9.42	6.2843646e-11	-0.000470163	5.3406e-05	0.000619892	-107.19
9.43	6.2910359e-11	-0.000193597	-4.67303e-05	0.000260355	-118.506
9.44	6.297707199999999e-11	-6.10356e-05	-0.000187875	0.000118256	-55.176
9.45	6.304378499999999e-11	5.72207e-05	5.24523e-05	0.000211717	115.632
9.46	6.3110498e-11	0.000117302	-6.48503e-05	0.000506405	-58.914
9.47	6.317721100000001e-11	-6.67575e-06	0.000301363	0.00046921	100.26
9.48	6.3243924e-11	0.000287058	0.000325205	0.000261309	6.54
9.49	6.3310637e-11	0.000392916	-0.000127793	0.000429155	28.878
9.5	6.337735e-11	0.000350954	0.000277521	0.000188828	72.894
9.51	6.344406299999999e-11	-6.5804e-05	0.000367166	0.000402452	140.412
9.52	6.351077599999999e-11	-3.71935e-05	-0.000403406	6.5804e-05	-136.782
9.53	6.357748899999999e-11	0.000179292	0.000251772	0.00038624	64.566
9.54	6.3644202e-11	0.000170709	-0.00017357	0.000394823	-56.916
9.55	6.3710915e-11	-0.000252726	-0.000188828	0.000370981	-76.092
9.56	6.3777628e-11	-0.000343325	-0.000248911	0.00014782	-60.996
9.57	6.3844341e-11	-6.67575e-06	-0.000299456	4.76839e-05	-57.87
9.58	6.3911054e-11	-0.000125886	-0.00032139	0.000318529	156.036
9.59	6.397776699999999e-11	0.000280382	2.28883e-05	0.000187875	-41.79
9.6	6.404448e-11	-0.00023079	-1.52589e-05	0.000317575	143.676
9.61	6.4111193e-11	0.00027466	6.38966e-05	0.000329973	6.876
9.62	6.417790599999999e-11	-0.000140191	-0.00024605	0.000148774	-151.83
9.63	6.4244619e-11	-0.000201226	-0.000319483	0.000201226	-125.22
9.64	6.4311332e-11	0.000280382	-0.000266077	0.000362398	68.556
9.65	6.4378045e-11	0.000309946	0.000248911	0.000130654	3.108
9.66	6.444475799999999e-11	0.000113488	0.000317575	0.000367166	26.412
9.67	6.4511471e-11	0.000123025	0.000252726	0.000185967	29.73
9.68	6.4578184e-11	-0.000144006	-8.58312e-05	0.000160218	-98.802
9.69	6.4644897e-11	-0.000178338	7.62945e-06	0.000223161	-85.356
9.7	6.471160999999999e-11	-0.000216485	-0.000199319	0.000195504	-23.034
9.71	6.4778323e-11	0.000278475	-0.00025654	0.000209809	39.528
9.72	6.4845036e-11	9.53679e-05	0.000225068	0.000395777	111.456
9.73	6.4911749e-11	0.0	0.000177384	0.000278475	20.976
9.74	6.4978462e-11	0.000146867	8.96459e-05	0.000298502	-120.408
9.75	6.5045175e-11	0.000291826	0.000109673	0.000123025	120.936
9.76	6.5111888e-11	1.04905e-05	-0.000242234	0.000216485	-11.286
9.77	6.517860099999999e-11	0.000311853	0.000227929	0.000340464	59.514
9.78	6.524531399999999e-11	9.91826e-05	0.000158311	0.000298502	-97.668
9.79	6.531202699999999e-11	-0.000239373	-0.000208856	0.000294687	-64.158
9.8	6.537874000000001e-11	-0.000146867	0.000242234	0.000267031	4.986
9.81	6.5445453e-11	0.000142098	0.000181199	0.000227929	-129.804
9.82	6.5512166e-11	-0.000186921	0.000141145	0.000157357	-109.824
9.83	6.5578879e-11	-2.47956e-05	-9.15532e-05	0.000200273	-75.042
9.84	6.564559199999999e-11	7.91554e-05	-0.00023079	0.000225068	170.298
9.85	6.571230499999999e-11	-9.53679e-05	0.000123025	0.000248911	156.06
9.86	6.577901799999999e-11	-0.000181199	0.000267984	0.000205041	172.386
9.87	6.5845731e-11	-0.000164987	-0.000353815	0.000117302	-120.132
9.88	6.5912444e-11	0.000205041	9.91826e-05	0.000144959	103.5
9.89	6.5979157e-11	1.14442e-05	0.000161172	0.000254633	-157.146
9.9	6.604587e-11	5.72208e-06	0.000159265	0.000182153	-103.446
9.91	6.6112583e-11	-0.000164987	-0.00024605	0.00014782	51.966
9.92	6.617929599999999e-11	0.000265123	-8.48775e-05	0.000254633	105.552
9.93	6.6246009e-11	-0.000128747	-8.48775e-05	0.000189782	5.34
9.94	6.6312722e-11	6.67577e-05	0.00013733	0.000125886	-18.906
9.95	6.6379435e-11	0.000209809	0.000145913	0.000226975	-121.65
9.96	6.6446148e-11	-0.000122071	-0.000158311	0.000166894	124.53
9.97	6.6512861e-11	9.05995e-05	-0.000330927	0.00023079	-1.116
9.98	6.6579574e-11	9.91826e-05	7.72481e-05	0.000371935	13.05
9.99	6.664628699999999e-11	-0.000356676	8.58312e-05	0.000219346	150.456
10.0	6.6713e-11	0.000105858	0.000278475	0.00023079	20.358
10.01	6.6779713e-11	-0.000336649	-0.000167848	0.000247004	-101.73
10.02	6.6846426e-11	-0.00023079	0.000215531	0.000225068	-19.914
10.03	6.691313899999999e-11	0.000278475	7.24797e-05	0.000247957	-48.762
10.04	6.697985199999999e-11	-0.000226022	0.000229836	0.000316622	-163.842
10.05	6.7046565e-11	-0.000211717	-0.000225068	0.000346186	-151.284
10.06	6.7113278e-11	-0.00023079	0.000100136	0.000245096	82.2
10.07	6.7179991e-11	0.000148774	0.000181199	0.000287058	-48.294
10.08	6.7246704e-11	6.2943e-05	0.000187875	0.000231744	-132.786
10.09	6.7313417e-11	0.000116349	0.000203134	0.000275614	-121.008
10.1	6.738012999999999e-11	4.67303e-05	0.000154496	0.000254633	75.846
10.11	6.744684299999999e-11	0.000146867	-0.000223161	0.000234605	136.38
10.12	6.751355599999999e-11	-0.000240327	0.000181199	0.000172616	4.458
10.13	6.758026900000001e-11	-6.00817e-05	0.000163079	0.00028515	30.69
10.14	6.7646982e-11	0.000149728	-0.000244142	0.000249865	61.398
10.15	6.7713695e-11	-2.9564e-05	-2.19346e-05	0.000227929	-54.036
10.16	6.7780408e-11	-6.67577e-05	0.00015545	0.000187875	-174.36
10.17	6.7847121e-11	-6.67577e-05	0.000280382	0.000143052	109.8
10.18	6.791383399999999e-11	-0.000106812	0.000140191	0.000287058	-149.304
10.19	6.798054699999999e-11	-0.000123979	-0.000131608	0.000267984	93.732
10.2	6.804726e-11	0.000253679	-0.000124932	0.000272753	114.42
10.21	6.8113973e-11	8.58313e-06	-0.000262262	0.000280382	35.67
10.22	6.8180686e-11	7.72481e-05	-7.62945e-06	0.000305178	-139.302
10.23	6.8247399e-11	0.000188828	-1.04905e-05	0.000193597	-91.188
10.24	6.8314112e-11	-0.000281336	-0.000204087	0.000189782	168.162
10.25	6.838082499999999e-11	-4.19619e-05	0.000120163	0.00019455	175.41
10.26	6.8447538e-11	0.000125886	0.000118256	0.000265123	-167.214
10.27	6.8514251e-11	-0.000314714	-0.000248911	0.000254633	61.41
10.28	6.8580964e-11	-0.000300409	-6.00817e-05	0.000258448	132.306
10.29	6.864767699999999e-11	-0.000185014	-0.000132562	0.000163079	-65.808
10.3	6.871439e-11	0.000114441	-0.000193597	0.000107766	-63.264
10.31	6.8781103e-11	-0.000170709	0.000167848	0.000160218	38.142
10.32	6.884781599999999e-11	-0.00036812	0.000159265	0.000343325	-115.788
10.33	6.8914529e-11	9.34605e-05	-1.71663e-05	0.000371935	155.694
10.34	6.8981242e-11	0.000190736	0.00010109	0.000348093	-88.26
10.35	6.9047955e-11	-0.000237466	0.00019455	0.000344278	19.896
10.36	6.911466799999999e-11	-5.81744e-05	9.53679e-05	0.000338556	-146.472
10.37	6.918138099999999e-11	6.00817e-05	-1.23978e-05	0.000225068	-84.468
10.38	6.9248094e-11	-0.000117302	0.000172616	0.000429155	-79.362
10.39	6.9314807e-11	-0.000181199	-0.000277521	0.000295641	94.5
10.4	6.938152e-11	8.77385e-05	-0.00023079	0.000323297	142.044
10.41	6.9448233e-11	0.0	-0.000182153	0.000166894	136.848
10.42	6.9514946e-11	-0.000450136	-7.91554e-05	0.000103951	160.188
10.43	6.958165899999999e-11	-0.000472071	-5.14986e-05	0.000478746	165.54
10.44	6.964837199999999e-11	-0.000244142	-0.000295641	0.000482561	133.92
10.45	6.971508499999999e-11	-0.000517849	-0.000162126	0.000408174	113.1
10.46	6.978179800000001e-11	-4.00546e-05	-0.00036812	0.000442507	147.666
10.47	6.9848511e-11	-0.00053883	8.58312e-05	0.000535015	-112.074
10.48	6.9915224e-11	-6.2943e-05	6.8665e-05	0.000511173	-91.818
10.49	6.9981937e-11	-2.76567e-05	-0.000333788	0.000473024	-70.278
10.5	7.004865e-11	-0.000534061	-0.000324251	0.000525478	-146.238
10.51	7.011536299999999e-11	-0.000150681	-0.000161172	0.000277521	169.26
10.52	7.018207599999999e-11	-0.000510219	0.000122071	0.000602726	-127.728
10.53	7.0248789e-11	-0.000117302	-0.000343325	0.000332834	-143.712
10.54	7.031550199999998e-11	-0.00038624	-0.000282289	0.000500683	176.88
10.55	7.0382215e-11	-0.000463488	-0.000267031	0.000262262	-178.146
10.56	7.0448928e-11	-0.000616077	9.5368e-06	0.000218392	-130.662
10.57	7.0515641e-11	-0.000467302	3.71935e-05	0.000275614	-168.846
10.58	7.058235399999999e-11	-0.000301363	-0.000459673	0.000405313	-158.85
10.59	7.0649067e-11	-0.000242234	-0.000227929	0.000586513	-120.906
10.6	7.071578e-11	-0.000654224	-1.23978e-05	0.000841144	-167.79
10.61	7.0782493e-11	-0.000370981	-0.000514034	0.000423433	-155.73
10.62	7.084920599999999e-11	-0.000709537	-0.000445368	0.000535969	-147.156
10.63	7.0915919e-11	-0.000446321	-0.000383379	0.000809673	177.534
10.64	7.0982632e-11	-0.000522617	-7.82018e-05	0.000854496	-129.516
10.65	7.104934499999999e-11	-0.000744823	8.58313e-06	0.000552181	-147.924
10.66	7.1116058e-11	-0.000804905	-0.000427248	0.000573162	-137.88
10.67	7.1182771e-11	-0.000713352	-0.000608448	0.000599865	-162.348
10.68	7.1249484e-11	-0.00053883	-0.000148774	0.000998504	-138.966
10.69	7.131619699999999e-11	-0.000365259	-0.000475885	0.000821117	-138.846
10.7	7.138290999999999e-11	-0.000600819	-0.000288965	0.000639919	-159.342
10.71	7.1449623e-11	-0.000638012	-0.000154496	0.00101662	-140.082
10.72	7.151633600000001e-11	-0.00099469	-0.000599865	0.000953678	-137.736
10.73	7.1583049e-11	-0.000527386	-0.000588421	0.000695232	-162.816
10.74	7.1649762e-11	-0.000664715	-0.000687603	0.000712398	-157.938
10.75	7.1716475e-11	-0.000793461	-0.000288965	0.00109387	-145.938
10.76	7.178318799999999e-11	-0.000714306	-0.000390055	0.00111199	-163.134
10.77	7.184990099999999e-11	-0.00102616	-0.00046158	0.00114537	-133.71
10.78	7.191661399999999e-11	-0.00105954	-0.000817303	0.000856403	-152.394
10.79	7.1983327e-11	-0.0010748	-0.000352861	0.000969891	-144.672
10.8	7.205004e-11	-0.0012169	-0.000732426	0.00121785	-143.208
10.81	7.2116753e-11	-0.00126267	-0.000732426	0.00104523	-137.058
10.82	7.2183466e-11	-0.000966076	-0.000500683	0.00151253	-136.962
10.83	7.2250179e-11	-0.00137711	-0.000428202	0.00119973	-143.88
10.84	7.231689199999999e-11	-0.000886921	-0.000813488	0.00133038	-139.32
10.85	7.238360499999999e-11	-0.00112439	-0.000616077	0.00118256	-157.782
10.86	7.2450318e-11	-0.00136662	-0.000545505	0.00131894	-141.636
10.87	7.2517031e-11	-0.000950817	-0.000833515	0.00157834	-156.912
10.88	7.2583744e-11	-0.0014782	-0.000572208	0.00169564	-140.202
10.89	7.2650457e-11	-0.00155259	-0.000644688	0.00180913	-143.724
10.9	7.271717e-11	-0.00120927	-0.000678066	0.00169659	-146.208
10.91	7.278388299999999e-11	-0.00106335	-0.000895504	0.00157071	-153.66
10.92	7.2850596e-11	-0.000774387	-0.000726704	0.0014124	-127.698
10.93	7.2917309e-11	-0.000774387	-0.000536922	0.000750545	-138.12
10.94	7.2984022e-11	1.90736e-05	-0.000391962	0.000370981	-97.404
10.95	7.305073499999999e-11	0.000825886	-0.000239373	0.00037575	-2.034
10.96	7.3117448e-11	0.00166035	8.77385e-05	0.0014248	13.446
10.97	7.3184161e-11	0.00276758	0.000827793	0.0031624	17.04
10.98	7.325087399999999e-11	0.00463203	0.0018673	0.00504401	26.352
10.99	7.3317587e-11	0.00637153	0.0029936	0.00720504	28.146
11.0	7.33843e-11	0.00779346	0.00451282	0.00884157	28.83
11.01	7.3451013e-11	0.00942141	0.00535014	0.0109158	29.334
11.02	7.351772599999999e-11	0.0100756	0.00601104	0.0117407	31.638
11.03	7.358443899999999e-11	0.0101834	0.00636581	0.0117159	32.052
11.04	7.365115199999999e-11	0.0083409	0.0052481	0.00980574	30.732
11.05	7.371786500000001e-11	0.00623801	0.00384523	0.00719264	29.922
11.06	7.3784578e-11	0.00312425	0.00174428	0.003397	28.494
11.07	7.3851291e-11	-0.000363352	-0.000275614	0.000559811	-178.386
11.08	7.3918004e-11	-0.00236131	-0.00116826	0.00310422	-155.664
11.09	7.398471699999999e-11	-0.0037985	-0.00181008	0.00412849	-150.252
11.1	7.405142999999999e-11	-0.00293256	-0.00134278	0.00362016	-149.82
11.11	7.411814299999999e-11	-0.00148202	-0.00110818	0.00206186	-159.162
11.12	7.4184856e-11	-0.000395777	-0.000164987	0.000608448	-113.544
11.13	7.4251569e-11	0.00026417	-0.000278475	0.000426294	-62.37
11.14	7.4318282e-11	-0.00019455	-2.76567e-05	0.000382425	16.614
11.15	7.4384995e-11	-0.000151635	-0.000548366	0.000706676	-154.272
11.16	7.4451708e-11	-0.000589374	-0.00015545	0.000861172	-153.54
11.17	7.451842099999999e-11	-0.000367166	1.33515e-05	0.000460627	163.104
11.18	7.458513399999999e-11	0.000278475	0.000203134	0.000267984	80.58
11.19	7.4651847e-11	0.000177384	0.0004797	0.000296595	22.032
11.2	7.471856e-11	-8.86922e-05	-8.20165e-05	7.43871e-05	52.35
11.21	7.4785273e-11	-0.000171662	-0.000273706	0.000305178	-133.53
11.22	7.4851986e-11	-0.000525478	-0.000435831	0.000797275	-134.448
11.23	7.4918699e-11	-0.000637058	-0.000233651	0.000793461	-135.402
11.24	7.498541199999999e-11	-0.00035763	-0.000252726	0.000541691	171.906
11.25	7.5052125e-11	0.000188828	0.000324251	0.000112534	58.38
11.26	7.5118838e-11	0.000268938	0.000104905	0.000275614	-38.982
11.27	7.5185551e-11	-0.000384333	4.67303e-05	0.00013733	-172.476
11.28	7.525226399999999e-11	-0.000999458	-0.000729565	0.00097657	-157.122
11.29	7.531897699999999e-11	-0.0013094	-0.000510219	0.00134087	-140.118
11.3	7.538569e-11	-0.00114537	-0.000372889	0.00135899	-138.216
11.31	7.545240299999999e-11	-0.000864033	-0.000128747	0.000986107	-136.23
11.32	7.5519116e-11	-0.000516895	7.24797e-05	0.000351908	151.116
11.33	7.5585829e-11	-0.000247957	0.000108719	0.00016594	100.314
11.34	7.5652542e-11	0.00016594	-0.000146867	0.000203134	129.234
11.35	7.571925499999999e-11	0.000114441	0.000222207	0.000152589	30.858
11.36	7.578596799999999e-11	-3.71935e-05	-0.00018406	0.000296595	-141.09
11.37	7.585268099999999e-11	-0.000428202	-0.000211717	0.000505451	172.008
11.38	7.591939400000001e-11	-0.000574116	-0.000576977	0.000845913	-161.61
11.39	7.5986107e-11	-0.000953678	-0.000178338	0.000806812	-147.894
11.4	7.605282e-11	-0.000929836	-0.00036812	0.000951771	-143.412
11.41	7.6119533e-11	-0.000401499	-0.000450136	0.000470163	-169.728
11.42	7.6186246e-11	-0.00023079	-1.14442e-05	0.000651363	-168.03
11.43	7.625295899999999e-11	-0.000237466	-0.000361444	0.000300409	-119.622
11.44	7.631967199999999e-11	-0.000277521	-0.000322344	0.000446321	158.352
11.45	7.6386385e-11	-0.000480654	-0.000295641	0.000444414	173.628
11.46	7.6453098e-11	-0.000153542	-0.000364305	0.000741009	-122.466
11.47	7.6519811e-11	-0.000498775	8.10628e-05	0.000715259	-128.328
11.48	7.6586524e-11	-0.00039673	-0.000324251	0.000447275	-143.814
11.49	7.6653237e-11	-0.000401499	-0.000206948	0.000317575	-116.562
11.5	7.671994999999999e-11	0.000145913	-0.000154496	0.000171662	155.922
11.51	7.6786663e-11	6.19893e-05	-0.000309946	0.000387194	8.922
11.52	7.6853376e-11	-0.000275614	8.39238e-05	0.000513081	-133.908
11.53	7.6920089e-11	-0.000162126	-0.000279428	0.000654224	-128.052
11.54	7.698680199999999e-11	-0.000741962	-0.000224114	0.000463488	-126.21
11.55	7.7053515e-11	-0.000788692	-0.000123979	0.000844959	-125.634
11.56	7.7120228e-11	-0.000318529	-0.000634197	0.000438692	-161.106
11.57	7.718694099999999e-11	-0.000589374	-0.000555996	0.000821117	-154.044
11.58	7.7253654e-11	-0.000741009	-0.000483515	0.00057793	-175.224
11.59	7.7320367e-11	-0.000198365	-0.000305178	0.000231744	-179.784
11.6	7.738708e-11	-0.000106812	0.000234605	0.000383379	-1.488
11.61	7.745379299999999e-11	0.000241281	0.000279428	0.000208856	28.11
11.62	7.752050599999999e-11	1.23978e-05	0.000207902	0.000316622	34.446
11.63	7.7587219e-11	-0.000268938	6.48503e-05	0.000231744	-52.572
11.64	7.7653932e-11	-0.000115395	-0.000392916	3.24252e-05	11.31
11.65	7.7720645e-11	-0.000620846	-0.000510219	0.00025654	-168.816
11.66	7.7787358e-11	-0.000206948	-6.5804e-05	0.000693325	-178.374
11.67	7.7854071e-11	-0.000181199	-0.000370981	0.000427248	175.608
11.68	7.792078399999999e-11	-3.81472e-05	-0.000394823	0.000163079	-165.636
11.69	7.798749699999999e-11	0.000183106	0.000281336	0.000312807	10.542
11.7	7.805420999999999e-11	-6.2943e-05	-2.86103e-05	0.000459673	-27.684
11.71	7.812092300000001e-11	0.000411035	0.00030327	0.000105858	178.002
11.72	7.8187636e-11	0.000223161	0.000273706	0.000201226	-153.438
11.73	7.8254349e-11	0.000183106	-0.000148774	0.000231744	114.24
11.74	7.8321062e-11	-0.000176431	-0.000120163	0.000318529	154.308
11.75	7.8387775e-11	-0.000372889	-5.14986e-05	0.000201226	177.174
11.76	7.845448799999999e-11	-0.000346186	-0.000282289	0.000435831	-177.066
11.77	7.852120099999999e-11	0.000182153	0.000125886	0.00032902	61.506
11.78	7.8587914e-11	1.90736e-05	9.5368e-06	0.000355722	-79.956
11.79	7.865462699999998e-11	-9.25069e-05	-0.000344278	9.72752e-05	-168.732
11.8	7.872134e-11	0.000112534	-0.000217439	0.000347139	-129.516
11.81	7.8788053e-11	-0.000334742	-5.81744e-05	0.000449182	-94.392
11.82	7.8854766e-11	1.52589e-05	-2.86104e-06	0.000496868	-90.132
11.83	7.892147899999999e-11	-0.000449182	-0.00037575	9.34605e-05	-149.478
11.84	7.8988192e-11	0.000152589	-2.6703e-05	0.000118256	92.262
11.85	7.9054905e-11	9.72752e-05	-0.000193597	0.000199319	-92.292
11.86	7.9121618e-11	-0.000262262	0.000181199	0.000331881	-157.314
11.87	7.918833099999999e-11	0.000166894	-0.000226022	0.000222207	-110.454
11.88	7.9255044e-11	0.000243188	-8.29701e-05	0.000325205	95.22
11.89	7.9321757e-11	-2.00273e-05	-6.38966e-05	0.000437738	95.448
11.9	7.938846999999999e-11	0.000318529	0.000334742	0.000115395	29.034
11.91	7.9455183e-11	-0.000107766	-0.00011921	0.000175477	-101.034
11.92	7.9521896e-11	0.00011921	-0.000216485	0.000163079	158.946
11.93	7.9588609e-11	6.48503e-05	-0.000334742	0.000161172	167.544
11.94	7.965532199999999e-11	0.0	0.000218392	0.00029278	176.262
11.95	7.972203499999999e-11	-3.62399e-05	-0.000228883	0.000231744	51.69
11.96	7.9788748e-11	0.000223161	0.000117302	0.000273706	70.326
11.97	7.9855461e-11	0.000247957	0.000186921	0.000315668	-42.51
11.98	7.9922174e-11	-4.95913e-05	-0.000305178	0.000193597	-155.886
11.99	7.9988887e-11	-0.000338556	-3.33788e-05	0.000372889	144.024
12.0	8.00556e-11	-1.33515e-05	-0.000289919	0.000231744	-80.292
12.01	8.012231299999999e-11	-0.00024605	-0.000261309	0.000260355	-158.4
12.02	8.018902599999999e-11	9.34605e-05	0.000103951	0.000242234	35.382
12.03	8.025573899999999e-11	-8.29701e-05	0.000276567	0.000305178	-117.33
12.04	8.0322452e-11	0.000366213	-0.000104905	0.000334742	112.278
12.05	8.0389165e-11	0.000245096	-0.000305178	0.000261309	7.038
12.06	8.0455878e-11	6.67575e-06	-0.000262262	0.000270845	-116.658
12.07	8.0522591e-11	-0.000270845	-6.67577e-05	0.00020218	175.566
12.08	8.0589304e-11	-0.000229836	-0.000379564	7.05724e-05	-172.83
12.09	8.065601699999999e-11	8.10628e-05	-0.000347139	0.000369074	105.906
12.1	8.072272999999999e-11	-7.34334e-05	-0.000314714	7.53407e-05	175.902
12.11	8.0789443e-11	-0.000388147	-0.000297548	0.000112534	-148.434
12.12	8.0856156e-11	-0.000132562	-0.00029278	0.000289919	-166.194
12.13	8.0922869e-11	0.000159265	0.000127793	0.000298502	66.72
12.14	8.0989582e-11	0.000231744	4.57766e-05	0.00025654	100.782
12.15	8.1056295e-11	-0.000199319	0.00013733	0.000252726	-161.604
12.16	8.112300799999999e-11	-0.000188828	0.000175477	0.000267031	78.042
12.17	8.1189721e-11	-0.000222207	4.86376e-05	0.000283243	98.43
12.18	8.1256434e-11	-0.00026417	-5.81744e-05	0.000287058	-33.234
12.19	8.1323147e-11	0.000186921	-0.000226022	0.00015545	-40.35
12.2	8.138985999999999e-11	-9.53682e-07	0.000229836	0.000293734	-7.026
12.21	8.1456573e-11	-1.90736e-05	0.000200273	0.000382425	23.358
12.22	8.1523286e-11	-0.000135423	7.91554e-05	0.000362398	90.96
12.23	8.158999899999999e-11	-1.33515e-05	-0.000162126	0.000283243	73.398
12.24	8.1656712e-11	7.05724e-05	0.00016594	0.000217439	-38.562
12.25	8.1723425e-11	8.67848e-05	0.000290873	0.000280382	-156.486
12.26	8.1790138e-11	2.19346e-05	0.00023842	0.000235558	-126.87
12.27	8.185685099999999e-11	-0.000290873	-0.000123979	0.000265123	120.18
12.28	8.192356399999999e-11	5.43597e-05	7.62945e-06	0.000376703	-108.81
12.29	8.199027699999999e-11	-4.86376e-05	-0.000249865	0.000110627	162.504
12.3	8.205699e-11	-0.000140191	0.00015545	0.000287058	-144.75
12.31	8.2123703e-11	3.33788e-05	0.000192643	0.000243188	62.064
12.32	8.2190416e-11	-0.00012684	0.000158311	0.000267984	131.748
12.33	8.2257129e-11	0.000284197	-0.000200273	0.000296595	142.11
12.34	8.2323842e-11	0.000208856	-0.000208856	0.000275614	-14.16
12.35	8.239055499999999e-11	-0.000248911	0.000195504	0.000176431	-162.372
12.36	8.245726799999999e-11	-0.000232697	0.000163079	0.000370027	-148.884
12.37	8.2523981e-11	-0.000312807	-0.000295641	0.000251772	-134.754
12.38	8.2590694e-11	-3.33788e-05	-0.000139237	0.000365259	-173.346
12.39	8.2657407e-11	-0.000417711	-0.000356676	6.77113e-05	-87.48
12.4	8.272412e-11	0.000124932	0.000136376	0.000311853	70.392
12.41	8.2790833e-11	8.39238e-05	4.10082e-05	0.000241281	144.336
12.42	8.285754599999999e-11	-0.000252726	9.25069e-05	0.000241281	-60.12
12.43	8.292425899999999e-11	-0.000144006	0.000201226	0.000251772	166.734
12.44	8.2990972e-11	-7.72481e-05	-0.000152589	0.000205041	31.14
12.45	8.3057685e-11	-0.000100136	0.000131608	0.000284197	76.38
12.46	8.3124398e-11	0.0003109	-2.3842e-05	0.000112534	10.278
12.47	8.3191111e-11	0.000185967	0.000251772	0.00029278	50.502
12.48	8.3257824e-11	6.38966e-05	0.000307085	0.000245096	-1.29
12.49	8.332453699999999e-11	3.52862e-05	0.000297548	0.00039673	125.796
12.5	8.339125e-11	-0.000104905	-8.01091e-05	0.000326158	-79.296
12.51	8.3457963e-11	0.000254633	0.000114441	0.00023842	82.416
12.52	8.3524676e-11	0.000241281	-8.20165e-05	0.000432016	32.754
12.53	8.359138899999999e-11	0.000330927	0.000391962	7.24797e-05	22.134
12.54	8.365810199999999e-11	0.000373842	1.14442e-05	0.000470163	-0.63
12.55	8.3724815e-11	0.000427248	0.000115395	0.000511173	67.896
12.56	8.3791528e-11	8.01091e-05	1.90736e-06	0.000499729	70.488
12.57	8.3858241e-11	0.000433924	0.000277521	0.00050259	85.41
12.58	8.3924954e-11	0.000540737	0.000284197	0.000362398	37.512
12.59	8.3991667e-11	0.000278475	0.000282289	0.000529293	73.65
12.6	8.405837999999999e-11	0.000228883	0.000462534	0.000653271	51.546
12.61	8.412509299999999e-11	0.000110627	0.000312807	0.000508312	57.978
12.62	8.419180599999999e-11	0.000362398	0.000192643	0.000333788	58.158
12.63	8.4258519e-11	-0.000140191	-0.000226022	0.000154496	-179.286
12.64	8.4325232e-11	-0.000330927	-0.000244142	0.000142098	-150.726
12.65	8.4391945e-11	-7.82018e-05	-0.000204087	0.000313761	151.524
12.66	8.4458658e-11	-0.000233651	-0.00017357	0.000333788	173.232
12.67	8.4525371e-11	-0.000476839	-2.28883e-05	0.000610355	-179.688
12.68	8.459208399999999e-11	-0.000638012	-4.95913e-05	0.00073624	-146.91
12.69	8.465879699999999e-11	-0.000774387	-0.00036812	0.000674251	-169.368
12.7	8.472551e-11	-0.000593189	-0.000148774	0.000972752	-149.94
12.71	8.4792223e-11	-0.000550274	-0.000472071	0.000692371	-146.652
12.72	8.4858936e-11	-0.000409128	-0.000346186	0.000471117	-171.342
12.73	8.4925649e-11	-0.000622753	3.52862e-05	0.000677112	-151.104
12.74	8.4992362e-11	-0.000408174	-0.000128747	0.00028515	-125.898
12.75	8.505907499999999e-11	0.000160218	3.24252e-05	0.000298502	-126.288
12.76	8.512578799999999e-11	0.000134469	0.000229836	0.000308039	-21.69
12.77	8.5192501e-11	0.000267031	-5.72208e-06	0.000568394	78.504
12.78	8.5259214e-11	0.000452043	0.000408174	0.000351908	37.368
12.79	8.532592699999999e-11	0.000254633	0.000322344	0.000496868	39.648
12.8	8.539264e-11	0.000112534	0.000291826	0.0002203	-2.724
12.81	8.5459353e-11	0.000278475	0.000189782	0.000213624	8.274
12.82	8.552606599999999e-11	0.000168801	-0.00015545	0.000278475	-87.822
12.83	8.5592779e-11	-0.000263216	-0.000328066	4.38693e-05	-81.252
12.84	8.5659492e-11	-6.00817e-05	0.000117302	0.000157357	104.772
12.85	8.5726205e-11	-0.000118256	0.000180245	0.000308992	-112.512
12.86	8.579291799999999e-11	0.000223161	0.000308039	1.52589e-05	108.066
12.87	8.585963099999999e-11	0.000187875	-9.53682e-07	0.000409128	76.71
12.88	8.5926344e-11	7.24797e-05	0.000261309	0.00046921	62.118
12.89	8.5993057e-11	0.000390055	-2.28883e-05	0.000407221	72.408
12.9	8.605977e-11	1.23978e-05	-0.000161172	0.000154496	14.196
12.91	8.6126483e-11	-0.00015545	-0.000207902	0.000316622	137.1
12.92	8.6193196e-11	0.000161172	0.000229836	0.000192643	-131.67
12.93	8.625990899999999e-11	-0.000259401	-0.000205995	0.000177384	146.658
12.94	8.632662199999999e-11	-0.000213624	0.000145913	0.000334742	-142.98
12.95	8.639333499999999e-11	-0.000146867	-0.000113488	0.000273706	-105.948
12.96	8.6460048e-11	-0.000249865	7.91554e-05	0.000382425	-174.516
12.97	8.6526761e-11	-0.000144006	-0.000223161	0.000278475	157.194
12.98	8.6593474e-11	0.000355722	0.000304224	0.000231744	44.112
12.99	8.6660187e-11	0.000398638	0.000174523	0.000294687	-3.522
13.0	8.67269e-11	0.000382425	0.000265123	0.000201226	1.05
13.01	8.679361299999999e-11	0.000226975	0.000296595	0.000400545	139.326
13.02	8.686032599999999e-11	0.000260355	9.5368e-06	0.000178338	-30.18
13.03	8.6927039e-11	-0.000203134	-0.00015545	0.000226022	-28.422
13.04	8.6993752e-11	-0.000239373	-0.000314714	0.000102044	-124.242
13.05	8.7060465e-11	-0.00015545	4.48229e-05	0.000244142	136.854
13.06	8.7127178e-11	-0.000143052	0.000179292	0.000217439	167.778
13.07	8.7193891e-11	-0.0002203	-0.000186921	0.000205041	66.588
13.08	8.726060399999999e-11	-0.000271799	-6.8665e-05	0.000201226	-58.182
13.09	8.732731699999999e-11	0.000160218	0.000186921	0.000218392	-13.494
13.1	8.739403e-11	0.000130654	-0.000226022	0.000143052	175.872
13.11	8.7460743e-11	-0.000266077	-0.000196458	0.000387194	-144.648
13.12	8.752745599999999e-11	0.000125886	-0.000104905	0.000127793	138.024
13.13	8.7594169e-11	-0.000239373	0.000188828	0.000174523	179.088
13.14	8.7660882e-11	-0.000142098	0.000216485	0.00024605	30.324
13.15	8.772759499999999e-11	-0.000153542	-5.72208e-06	0.000214578	-59.91
13.16	8.7794308e-11	-0.000153542	-0.00015545	0.000278475	25.872
13.17	8.7861021e-11	-0.000243188	-0.000227929	0.000211717	-166.5
13.18	8.7927734e-11	1.90736e-06	2.57493e-05	0.000327112	-96.582
13.19	8.799444699999999e-11	-0.000122071	-0.00013733	0.000537876	-119.748
13.2	8.806115999999999e-11	-0.000319483	-0.000503544	0.000231744	-149.25
13.21	8.8127873e-11	-0.000472071	-3.33788e-05	0.000498775	-135.504
13.22	8.8194586e-11	-0.000125886	1.04905e-05	0.000400545	-101.064
13.23	8.8261299e-11	-0.000148774	-0.000268938	0.000215531	-165.09
13.24	8.8328012e-11	0.000144006	-0.000186921	0.000266077	44.82
13.25	8.8394725e-11	2.57493e-05	0.000120163	0.000123025	-19.362
13.26	8.8461438e-11	0.000311853	0.000270845	7.91554e-05	-3.132
13.27	8.852815099999999e-11	0.000313761	0.000206948	0.000260355	-118.662
13.28	8.859486399999999e-11	-0.000200273	-1.62126e-05	0.000234605	-43.608
13.29	8.866157699999999e-11	0.000190736	0.000255587	0.000229836	178.92
13.3	8.872829e-11	-0.00019455	0.000192643	0.000204087	-157.95
13.31	8.8795003e-11	-0.000117302	-0.000151635	0.000300409	42.576
13.32	8.8861716e-11	0.000103951	0.000127793	0.000241281	-95.118
13.33	8.8928429e-11	-0.000244142	-5.72208e-06	0.000262262	-81.078
13.34	8.899514199999999e-11	0.000110627	-0.000269892	0.000122071	12.75
13.35	8.906185499999999e-11	-6.67575e-06	-5.9128e-05	0.000419619	151.272
13.36	8.9128568e-11	-5.14986e-05	-9.82289e-05	0.00057793	175.182
13.37	8.9195281e-11	-0.000512127	-0.000458719	0.000616077	-153.576
13.38	8.9261994e-11	-1.33515e-05	-0.000355722	0.00040436	131.88
13.39	8.9328707e-11	-0.000127793	-0.000244142	0.000185967	-136.758
13.4	8.939542e-11	0.00023842	1.81199e-05	0.000186921	-12.882
13.41	8.946213299999999e-11	-2.76567e-05	0.00030327	2.57493e-05	101.64
13.42	8.952884599999999e-11	0.000331881	-4.67303e-05	0.000190736	60.552
13.43	8.9595559e-11	7.72481e-05	-8.86922e-05	0.000179292	118.908
13.44	8.9662272e-11	-0.000135423	-0.000233651	0.000437738	-73.23
13.45	8.972898499999999e-11	-0.000335695	-0.000416758	0.000243188	-131.844
13.46	8.9795698e-11	-0.000517849	-0.000359537	0.000440599	-170.634
13.47	8.9862411e-11	-0.000168801	1.90736e-06	0.000123025	-107.19
13.48	8.992912399999999e-11	-0.000454905	6.2943e-05	0.000518803	-113.04
13.49	8.9995837e-11	-0.00012684	-9.91826e-05	4.67303e-05	26.904
13.5	9.006255e-11	-0.000104905	-0.000127793	0.000226022	43.704
13.51	9.0129263e-11	2.28883e-05	0.000192643	0.000205995	71.85
13.52	9.019597599999999e-11	0.000312807	-0.000100136	0.000129701	50.274
13.53	9.026268899999999e-11	0.000134469	-4.10082e-05	0.000365259	37.278
13.54	9.032940199999999e-11	0.000258448	7.24797e-05	0.000161172	-38.25
13.55	9.0396115e-11	-1.14442e-05	0.000181199	0.000163079	-160.86
13.56	9.0462828e-11	4.57766e-05	3.52862e-05	0.000227929	106.176
13.57	9.0529541e-11	-4.95913e-05	8.39238e-05	0.000409128	-84.876
13.58	9.0596254e-11	-7.24797e-05	0.000112534	0.000214578	-158.106
13.59	9.0662967e-11	-5.53133e-05	-0.000257494	0.000263216	85.194
13.6	9.072967999999999e-11	-0.000114441	-0.00011158	0.000331881	162.198
13.61	9.079639299999999e-11	-0.000334742	5.0545e-05	0.000518803	-155.34
13.62	9.086310599999999e-11	-0.000504497	1.90736e-05	0.000150681	-146.778
13.63	9.0929819e-11	-0.000459673	-0.000241281	0.000355722	149.334
13.64	9.0996532e-11	2.0981e-05	-0.00017357	0.000152589	-57.972
13.65	9.1063245e-11	0.000200273	-0.000186921	0.000183106	1.704
13.66	9.1129958e-11	3.81473e-06	0.000223161	0.000257494	15.714
13.67	9.119667099999999e-11	2.86103e-05	0.000123979	0.000187875	115.554
13.68	9.126338399999999e-11	-1.90736e-06	-3.33788e-05	0.00025654	117.696
13.69	9.1330097e-11	-0.000121117	0.000103951	0.000131608	-76.62
13.7	9.139681e-11	5.0545e-05	-0.000288012	0.000130654	66.48
13.71	9.1463523e-11	-3.71935e-05	-0.000193597	0.000420572	162.06
13.72	9.1530236e-11	-0.000373842	8.77385e-05	0.0	-155.106
13.73	9.1596949e-11	-0.000153542	-0.000154496	0.000276567	-143.862
13.74	9.166366199999999e-11	-0.000584606	-0.000195504	0.000638966	-121.53
13.75	9.173037499999999e-11	-0.00043297	-0.000415804	0.000207902	-130.332
13.76	9.1797088e-11	-0.000425341	-0.000114441	0.000441553	168.786
13.77	9.1863801e-11	0.000136376	6.38966e-05	0.000327112	-77.622
13.78	9.193051399999999e-11	0.0002203	0.000174523	0.000210763	-26.802
13.79	9.199722699999999e-11	-0.000131608	0.000214578	0.000149728	161.652
13.8	9.206394e-11	-0.000174523	-0.000142098	0.000213624	16.308
13.81	9.2130653e-11	9.53679e-05	0.000117302	0.000187875	-112.422
13.82	9.2197366e-11	-0.000237466	-0.000141145	0.000361444	164.256
13.83	9.2264079e-11	-7.1526e-05	-9.34605e-05	0.000108719	-116.616
13.84	9.2330792e-11	-0.000341417	-0.000322344	5.6267e-05	-160.458
13.85	9.239750499999999e-11	-0.000431063	-0.000120163	0.000411035	-123.102
13.86	9.246421799999999e-11	-7.82018e-05	-0.00032902	5.43597e-05	-176.262
13.87	9.253093099999999e-11	-0.000186921	8.39238e-05	0.000391008	-164.052
13.88	9.2597644e-11	-0.000226022	-1.71663e-05	0.000446321	175.392
13.89	9.2664357e-11	-0.000171662	-0.000164033	0.000167848	172.896
13.9	9.273107e-11	-0.000169755	-0.000302317	0.000568394	-174.3
13.91	9.2797783e-11	-0.000345232	5.14986e-05	0.000535969	-112.056
13.92	9.2864496e-11	-0.000221253	-0.000291826	0.000250818	-178.116
13.93	9.293120899999999e-11	2.86104e-06	-4.67303e-05	0.000115395	137.946
13.94	9.299792199999999e-11	0.000133515	-0.000157357	0.000125886	145.158
13.95	9.306463499999999e-11	7.43871e-05	0.000218392	0.000196458	20.106
13.96	9.3131348e-11	6.38966e-05	0.000183106	0.000243188	27.816
13.97	9.3198061e-11	-0.000180245	0.000106812	0.000266077	-45.132
13.98	9.3264774e-11	-0.000121117	-0.000164033	0.000306131	-4.212
13.99	9.3331487e-11	-9.25069e-05	-0.000228883	0.000243188	30.09
14.0	9.339819999999999e-11	9.5368e-06	0.000170709	0.000296595	-11.418
14.01	9.346491299999999e-11	0.000420572	0.000320436	0.00028515	3.18
14.02	9.3531626e-11	0.000653271	0.000205995	0.00117303	36.726
14.03	9.3598339e-11	0.00132752	0.000799183	0.00140191	31.692
14.04	9.366505199999999e-11	0.00153542	0.000867847	0.00169087	19.848
14.05	9.3731765e-11	0.00165177	0.000833515	0.00189782	24.054
14.06	9.3798478e-11	0.00183297	0.00127316	0.00234319	26.916
14.07	9.386519099999999e-11	0.00184823	0.0010624	0.00175668	26.04
14.08	9.393190399999999e-11	0.00133801	0.000692371	0.0015812	34.05
14.09	9.3998617e-11	0.00128651	0.000599865	0.0014782	39.036
14.1	9.406533e-11	0.000863079	0.000559811	0.000967029	28.614
14.11	9.413204299999999e-11	0.000236512	0.000338556	0.000226975	34.62
14.12	9.419875599999999e-11	0.000170709	-0.000131608	0.000342371	-104.328
14.13	9.4265469e-11	-0.000711445	-0.000508312	0.000369074	-161.634
14.14	9.4332182e-11	-0.00104714	-0.000673298	0.000742916	-159.492
14.15	9.4398895e-11	-0.000993736	-0.000498775	0.0012312	-159.054
14.16	9.4465608e-11	-0.000955585	-0.000438692	0.000971798	-139.704
14.17	9.4532321e-11	-0.000775341	-0.00026417	0.00116254	-139.938
14.18	9.459903399999999e-11	-0.000636104	-0.000438692	0.000366213	-140.352
14.19	9.466574699999999e-11	-0.000242234	-0.000136376	0.000221253	96.27
14.2	9.473245999999999e-11	0.000249865	0.000265123	0.000159265	3.81
14.21	9.4799173e-11	0.000648502	3.81473e-06	0.000659946	-7.722
14.22	9.4865886e-11	0.000576977	5.81744e-05	0.000591282	42.024
14.23	9.4932599e-11	0.00035	-0.000138284	8.39238e-05	86.436
14.24	9.4999312e-11	0.000161172	-0.000286104	0.000315668	-33.69
14.25	9.5066025e-11	-0.000412943	-0.000366213	0.00050259	-104.286
14.26	9.513273799999999e-11	-0.000159265	-0.000320436	0.000497822	172.788
14.27	9.519945099999999e-11	-0.000102044	-3.33788e-05	0.000499729	-130.248
14.28	9.526616399999999e-11	-0.000434877	-0.000311853	0.00046921	-170.658
14.29	9.5332877e-11	-0.000286104	-0.000282289	0.000116349	-157.986
14.3	9.539959e-11	-0.000260355	8.77385e-05	0.000190736	94.416
14.31	9.5466303e-11	2.9564e-05	0.000168801	0.000229836	168.498
14.32	9.5533016e-11	6.5804e-05	-0.000253679	0.00019455	27.06
14.33	9.559972899999999e-11	-0.000235558	2.19346e-05	0.000255587	-66.072
14.34	9.566644199999999e-11	-0.000158311	0.000117302	0.000139237	-173.01
14.35	9.5733155e-11	0.000241281	0.000159265	0.000267984	54.654
14.36	9.5799868e-11	0.000323297	0.000183106	0.000188828	-7.65
14.37	9.586658099999999e-11	0.000287058	-6.96187e-05	8.58312e-05	5.046
14.38	9.5933294e-11	-1.81199e-05	0.000313761	6.19893e-05	15.438
14.39	9.6000007e-11	0.00012684	-2.0981e-05	0.000388147	-117.846
14.4	9.606671999999999e-11	-6.67575e-06	1.04905e-05	0.000241281	-92.688
14.41	9.613343299999999e-11	2.3842e-05	0.000102044	0.000283243	70.584
14.42	9.6200146e-11	5.72207e-05	0.000284197	0.000259401	33.882
14.43	9.6266859e-11	-0.00018406	1.90736e-05	0.000251772	-106.68
14.44	9.633357199999999e-11	0.000300409	-0.000120163	8.39238e-05	100.062
14.45	9.640028499999999e-11	-6.2943e-05	0.000291826	0.000302317	38.79
14.46	9.6466998e-11	4.86376e-05	8.58312e-05	0.000221253	58.128
14.47	9.6533711e-11	-0.000247004	-0.000141145	0.000142098	-113.622
14.48	9.6600424e-11	-0.000379564	-0.000158311	0.000139237	166.392
14.49	9.6667137e-11	-0.000290873	-0.000235558	0.000183106	83.922
14.5	9.673385e-11	-0.000149728	-0.000196458	0.000205041	100.668
14.51	9.6800563e-11	-0.000185967	-7.53407e-05	0.000260355	-70.422
14.52	9.686727599999999e-11	0.00010109	-0.000218392	0.000333788	-64.488
14.53	9.693398899999999e-11	9.05995e-05	-0.0002203	0.000280382	116.124
14.54	9.700070199999999e-11	0.000112534	-0.000158311	0.000205041	-93.822
14.55	9.7067415e-11	-9.5368e-06	0.000117302	0.000390055	-61.218
14.56	9.7134128e-11	-5.0545e-05	-0.000304224	0.000251772	177.924
14.57	9.7200841e-11	0.0	0.000164033	0.000261309	-139.224
14.58	9.7267554e-11	0.000123979	1.90736e-05	0.000229836	-52.794
14.59	9.733426699999999e-11	-0.000161172	7.24797e-05	0.000199319	-15.708
14.6	9.740097999999999e-11	-0.000102044	-0.0003109	0.000106812	-25.71
14.61	9.746769299999999e-11	-2.6703e-05	4.86376e-05	0.00045109	165.282
14.62	9.7534406e-11	-0.000410082	-0.000127793	0.000263216	-120.426
14.63	9.7601119e-11	-0.000412943	-0.000102997	0.000473024	-111.9
14.64	9.7667832e-11	-0.000268938	-0.000100136	0.000343325	-81.642
14.65	9.7734545e-11	-0.000115395	5.24523e-05	0.000255587	-137.544
14.66	9.780125799999999e-11	0.000195504	2.6703e-05	0.000260355	-59.658
14.67	9.786797099999999e-11	0.000273706	-0.000232697	0.000153542	-156.936
14.68	9.7934684e-11	-0.000115395	-5.3406e-05	0.000234605	-128.952
14.69	9.8001397e-11	3.05178e-05	0.000183106	0.000245096	-14.994
14.7	9.806810999999999e-11	-0.000216485	0.000211717	0.000216485	-159.408
14.71	9.8134823e-11	-0.000298502	-0.00021267	0.000143052	-138.348
14.72	9.8201536e-11	0.000121117	-2.9564e-05	0.000146867	-109.8
14.73	9.8268249e-11	-0.000341417	-0.000237466	0.000369074	-10.44
14.74	9.833496199999999e-11	-6.8665e-05	0.000144006	0.000216485	166.986
14.75	9.8401675e-11	-0.000205041	0.000207902	0.000157357	91.548
14.76	9.8468388e-11	-0.000242234	-1.90736e-06	0.000261309	-106.008
14.77	9.853510099999999e-11	9.15532e-05	6.5804e-05	0.000177384	-83.754
14.78	9.860181399999999e-11	-0.000370981	0.000117302	0.000355722	-173.736
14.79	9.866852699999999e-11	-0.000160218	-0.000277521	0.000328066	-160.824
14.8	9.873524e-11	0.000182153	-3.62399e-05	0.000305178	-86.922
14.81	9.8801953e-11	0.000144006	0.000208856	0.000190736	-48.306
14.82	9.8868666e-11	0.000177384	-0.000140191	0.000283243	-178.956
14.83	9.8935379e-11	-0.000162126	-0.00011158	0.000211717	145.764
14.84	9.9002092e-11	7.1526e-05	-0.000286104	0.000163079	-171.87
14.85	9.906880499999999e-11	-0.000193597	-0.000249865	0.000313761	-103.536
14.86	9.913551799999999e-11	-0.000239373	3.71935e-05	0.000384333	-96.402
14.87	9.920223099999999e-11	-0.000278475	5.3406e-05	8.86922e-05	-158.658
14.88	9.9268944e-11	1.23978e-05	0.00014782	0.000178338	-152.526
14.89	9.9335657e-11	-9.15532e-05	6.8665e-05	0.000163079	105.09
14.9	9.940237e-11	-9.15532e-05	0.000291826	0.00012684	-14.862
14.91	9.9469083e-11	0.000372889	0.000365259	0.000420572	12.078
14.92	9.953579599999999e-11	0.000302317	0.000296595	9.53679e-05	83.196
14.93	9.960250899999999e-11	0.000259401	0.000232697	0.000235558	19.764
14.94	9.9669222e-11	-0.00023842	5.81744e-05	0.000282289	87.9
14.95	9.9735935e-11	-0.000352861	-0.000188828	0.000336649	-101.442
14.96	9.9802648e-11	0.000120163	7.91554e-05	0.000347139	167.322
14.97	9.9869361e-11	9.72752e-05	-0.000270845	0.000316622	58.23
14.98	9.9936074e-11	0.000120163	-0.00013733	0.000257494	122.946
14.99	1.0000278699999999e-10	0.000127793	0.000130654	0.000174523	164.79
15.0	1.0006949999999999e-10	9.44142e-05	0.000103951	0.000317575	-53.274