Time (s) 	 Position (mm) 	 Delay (s) 	 X 	 Y 	 R 	 theta 
#Without Preamplifier, ZnTe detector angle dependance 40deg, Chopper 230Hz, time constant=0.3s 18dB, waiting time= 2.6999999999999997s, sensitivity=20mV
3.934	6.0	4.00278e-11	8.58313e-06	-2.86104e-06	8.58313e-06	-24.444
7.259	6.01	4.0094512999999995e-11	-5.24523e-05	-1.33515e-05	5.24523e-05	-163.854
10.5552	6.02	4.0161226e-11	-2.3842e-05	-7.62945e-06	2.19346e-05	-157.248
13.8495	6.03	4.0227939e-11	-1.33515e-05	-1.71663e-05	1.90736e-05	-126.468
17.1283	6.04	4.0294652e-11	-3.14715e-05	-1.43052e-05	2.86103e-05	-152.82
20.4071	6.05	4.0361364999999996e-11	-8.58313e-06	-2.0981e-05	2.19346e-05	-112.752
23.6858	6.06	4.0428078e-11	-3.43325e-05	2.86104e-06	3.43325e-05	174.51
26.9634	6.07	4.0494791e-11	-1.04905e-05	-2.6703e-05	2.86103e-05	-110.556
30.2581	6.08	4.0561503999999996e-11	-4.29156e-05	-3.91009e-05	5.81744e-05	-138.204
33.5376	6.09	4.0628217e-11	4.7684e-06	1.90736e-06	7.62945e-06	12.096
36.8323	6.1	4.0694929999999993e-11	-1.90736e-06	-6.67575e-06	6.67575e-06	-109.98
40.1109	6.11	4.0761643e-11	-4.67303e-05	-1.04905e-05	4.57766e-05	-170.136
43.3883	6.12	4.0828356e-11	0.0	-9.5368e-06	8.58313e-06	-90.0
46.6518	6.13	4.0895069e-11	-5.0545e-05	-1.33515e-05	5.14986e-05	-165.966
49.947	6.14	4.0961781999999995e-11	9.53682e-07	-1.04905e-05	1.23978e-05	-105.948
53.2401	6.15	4.1028495e-11	-3.05178e-05	-4.10082e-05	5.0545e-05	-123.276
56.5521	6.16	4.1095208e-11	-3.81473e-06	-2.86104e-06	7.62945e-06	-158.964
59.8468	6.17	4.1161921e-11	6.67575e-06	-1.43052e-05	1.52589e-05	-59.934
63.1403	6.18	4.1228633999999996e-11	2.00273e-05	4.7684e-06	2.3842e-05	10.716
66.4363	6.19	4.1295347e-11	-1.33515e-05	-2.00273e-05	2.0981e-05	-122.196
69.7298	6.2	4.136206e-11	-2.00273e-05	-8.58313e-06	2.00273e-05	-158.55
72.9934	6.21	4.1428772999999995e-11	-4.67303e-05	-3.71935e-05	5.81744e-05	-139.608
76.2882	6.22	4.1495486e-11	-5.3406e-05	1.62126e-05	5.72207e-05	164.688
79.5495	6.23	4.1562199e-11	-9.53682e-07	2.86104e-06	3.81473e-06	129.804
82.8452	6.24	4.1628912e-11	-3.81472e-05	-1.14442e-05	3.91009e-05	-162.18
86.1245	6.25	4.1695625e-11	-9.5368e-06	-2.0981e-05	2.19346e-05	-111.504
89.4181	6.26	4.1762338e-11	-1.81199e-05	-2.28883e-05	2.86103e-05	-129.474
92.7135	6.27	4.1829050999999994e-11	9.53682e-07	1.62126e-05	1.62126e-05	85.428
96.0082	6.28	4.1895764e-11	-2.86104e-06	-2.19346e-05	2.19346e-05	-96.708
99.2859	6.29	4.1962477e-11	-4.86376e-05	-2.76567e-05	5.6267e-05	-150.174
102.5816	6.3	4.2029189999999994e-11	-2.3842e-05	-4.7684e-06	2.3842e-05	-163.008
105.8595	6.31	4.2095902999999996e-11	-6.67575e-06	-9.5368e-06	1.04905e-05	-116.562
109.1549	6.32	4.2162616e-11	-4.86376e-05	5.72208e-06	4.86376e-05	172.878
112.4483	6.33	4.2229329e-11	-7.53407e-05	-6.67577e-05	9.72752e-05	-136.398
115.7122	6.34	4.2296041999999995e-11	-5.6267e-05	-5.72207e-05	7.72481e-05	-135.0
119.0069	6.35	4.2362755e-11	-3.71935e-05	-2.57493e-05	4.57766e-05	-146.31
122.2855	6.36	4.2429468e-11	-3.14715e-05	0.0	3.05178e-05	176.346
125.5642	6.37	4.2496181e-11	-4.00546e-05	-3.62399e-05	5.24523e-05	-138.546
128.8583	6.38	4.2562893999999996e-11	-2.76567e-05	-1.81199e-05	3.24252e-05	-145.374
132.1374	6.39	4.2629607e-11	-9.5368e-06	-8.58313e-06	1.04905e-05	-124.698
135.4322	6.4	4.269632e-11	-3.24252e-05	-1.81199e-05	3.52862e-05	-148.674
138.71	6.41	4.2763032999999996e-11	-2.6703e-05	-1.33515e-05	2.86103e-05	-153.438
142.0057	6.42	4.2829746e-11	-7.24797e-05	-1.81199e-05	7.62944e-05	-165.486
145.2996	6.43	4.2896458999999993e-11	-3.05178e-05	-3.81472e-05	4.67303e-05	-129.804
148.5629	6.44	4.2963172e-11	-6.8665e-05	-4.7684e-06	6.96187e-05	-176.22
151.8405	6.45	4.3029885e-11	-3.24252e-05	2.86104e-06	3.33788e-05	174.612
155.1195	6.46	4.3096598e-11	-5.81744e-05	-1.04905e-05	5.72207e-05	-170.106
158.3982	6.47	4.3163310999999995e-11	-3.33788e-05	-2.0981e-05	3.91009e-05	-146.85
161.6605	6.48	4.3230024e-11	-4.57766e-05	-1.90736e-05	4.86376e-05	-158.346
164.9395	6.49	4.3296737e-11	-2.6703e-05	-7.24797e-05	7.82018e-05	-111.354
168.2183	6.5	4.336345e-11	-2.6703e-05	-1.43052e-05	2.9564e-05	-152.88
171.4972	6.51	4.3430162999999996e-11	-5.0545e-05	-5.24523e-05	7.1526e-05	-132.348
174.7742	6.52	4.3496876e-11	-7.24797e-05	-2.6703e-05	7.72481e-05	-158.472
178.0696	6.53	4.3563589e-11	-3.91009e-05	-6.19893e-05	7.24797e-05	-124.566
181.3483	6.54	4.3630301999999995e-11	-4.76839e-05	-3.05178e-05	5.53133e-05	-147.846
184.6118	6.55	4.3697015e-11	-5.24523e-05	-2.9564e-05	5.9128e-05	-152.274
187.9064	6.56	4.376372799999999e-11	-1.81199e-05	-9.5368e-06	2.19346e-05	-160.464
191.2003	6.57	4.3830441e-11	-2.57493e-05	-2.86103e-05	3.91009e-05	-132.336
194.496	6.58	4.3897154e-11	-3.43325e-05	-5.53133e-05	6.19893e-05	-120.126
197.7896	6.59	4.3963867e-11	-3.33788e-05	8.58313e-06	3.43325e-05	163.608
201.1012	6.6	4.4030579999999994e-11	1.52589e-05	-3.33788e-05	3.62399e-05	-61.146
204.4107	6.61	4.4097293e-11	-1.14442e-05	-9.5368e-06	1.33515e-05	-142.596
207.6895	6.62	4.4164006e-11	2.3842e-05	3.05178e-05	4.00546e-05	52.206
210.9851	6.63	4.4230719e-11	3.05178e-05	1.62126e-05	3.52862e-05	31.674
214.2637	6.64	4.4297431999999996e-11	8.39238e-05	6.19893e-05	0.000103951	35.838
217.5414	6.65	4.4364145e-11	0.000179292	5.0545e-05	0.000186921	15.222
220.8371	6.66	4.4430858e-11	0.000167848	8.96459e-05	0.000191689	28.074
224.1159	6.67	4.4497570999999995e-11	0.000205041	0.00010109	0.000227929	26.34
227.3946	6.68	4.4564284e-11	0.000189782	0.000136376	0.000231744	35.844
230.6883	6.69	4.4630997e-11	0.000180245	9.25069e-05	0.00020218	26.988
233.9821	6.7	4.469771e-11	0.000205995	0.000123979	0.000241281	30.588
237.2625	6.71	4.4764422999999996e-11	0.000139237	7.91554e-05	0.000160218	29.748
240.5554	6.72	4.4831136e-11	0.000134469	7.24797e-05	0.000154496	28.218
243.8359	6.73	4.4897849e-11	7.91554e-05	8.10628e-05	0.000112534	45.96
247.1296	6.74	4.4964561999999996e-11	7.05724e-05	4.76839e-05	8.39238e-05	35.064
250.4252	6.75	4.5031275e-11	1.90736e-05	1.90736e-06	2.00273e-05	5.358
253.7039	6.76	4.5097987999999993e-11	2.9564e-05	2.57493e-05	4.10082e-05	40.398
256.9981	6.77	4.5164700999999995e-11	-2.6703e-05	1.04905e-05	2.86103e-05	155.226
260.2772	6.78	4.5231414e-11	-8.77385e-05	-3.33788e-05	9.25069e-05	-159.348
263.5705	6.79	4.5298127e-11	-0.000130654	-0.000102044	0.00016594	-142.668
266.8666	6.8	4.5364839999999995e-11	-0.000241281	-8.48775e-05	0.000254633	-160.908
270.1611	6.81	4.5431552999999997e-11	-0.000219346	-0.000131608	0.000254633	-149.01
273.4551	6.82	4.5498266e-11	-0.000235558	-9.44142e-05	0.000253679	-158.616
276.7496	6.83	4.5564979e-11	-0.000124932	-6.67577e-05	0.000140191	-151.128
280.0283	6.84	4.5631691999999996e-11	-7.1526e-05	-5.53133e-05	8.67848e-05	-140.928
283.3239	6.85	4.5698405e-11	-1.71663e-05	-2.28883e-05	2.86103e-05	-127.65
286.6023	6.86	4.5765118e-11	9.53682e-07	2.9564e-05	3.05178e-05	88.782
289.8963	6.87	4.5831830999999996e-11	3.43325e-05	-3.52862e-05	4.95913e-05	-45.0
293.1757	6.88	4.5898544e-11	9.5368e-06	2.86103e-05	3.14715e-05	69.72
296.4543	6.89	4.596525699999999e-11	-2.6703e-05	-1.62126e-05	2.86103e-05	-149.934
299.7483	6.9	4.603197e-11	-1.81199e-05	1.90736e-06	1.71663e-05	167.472
303.0277	6.91	4.6098683e-11	-2.3842e-05	1.71663e-05	2.86103e-05	140.712
306.3224	6.92	4.6165396e-11	-2.86104e-06	-6.67575e-06	7.62945e-06	-118.302
309.5993	6.93	4.6232108999999994e-11	-3.05178e-05	-3.81473e-06	2.9564e-05	-174.918
312.8796	6.94	4.6298822e-11	-7.24797e-05	-4.57766e-05	8.29701e-05	-146.82
316.1578	6.95	4.6365535e-11	-7.53407e-05	-4.29156e-05	8.48775e-05	-149.808
319.4371	6.96	4.6432248e-11	-5.72207e-05	1.52589e-05	5.9128e-05	165.648
322.7146	6.97	4.6498960999999996e-11	-3.14715e-05	-3.43325e-05	4.57766e-05	-134.418
325.9945	6.98	4.6565674e-11	-1.14442e-05	-1.04905e-05	1.52589e-05	-147.726
329.3043	6.99	4.6632387e-11	-2.86104e-06	-4.7684e-06	4.7684e-06	-116.562
332.5835	7.0	4.6699099999999995e-11	-1.71663e-05	-7.62945e-06	2.0981e-05	-155.694
335.8618	7.01	4.6765813e-11	9.53682e-07	1.52589e-05	1.52589e-05	82.878
339.141	7.02	4.683252599999999e-11	-1.62126e-05	-1.33515e-05	2.19346e-05	-143.13
342.4183	7.03	4.6899239e-11	-3.43325e-05	-1.81199e-05	3.91009e-05	-153.87
345.6983	7.04	4.6965951999999997e-11	-2.86104e-06	-1.81199e-05	1.71663e-05	-101.31
348.9769	7.05	4.7032665e-11	-2.47956e-05	1.52589e-05	3.14715e-05	151.392
352.2706	7.06	4.7099377999999994e-11	1.62126e-05	1.90736e-06	1.62126e-05	12.264
355.5495	7.07	4.7166091e-11	-1.71663e-05	2.57493e-05	2.9564e-05	119.898
358.8449	7.08	4.7232804e-11	2.86104e-06	-1.52589e-05	1.52589e-05	-69.444
362.1382	7.09	4.7299516999999993e-11	-6.67575e-06	-5.0545e-05	5.0545e-05	-98.454
365.4181	7.1	4.7366229999999995e-11	-5.53133e-05	-9.5368e-06	5.6267e-05	-169.992
368.6969	7.11	4.7432943e-11	-2.0981e-05	-9.5368e-06	2.19346e-05	-159.864
371.9756	7.12	4.7499656e-11	-1.81199e-05	-1.33515e-05	2.28883e-05	-143.13
375.2544	7.13	4.7566368999999995e-11	-2.28883e-05	8.58313e-06	2.19346e-05	151.926
378.533	7.14	4.7633081999999997e-11	-3.81472e-05	-2.28883e-05	4.00546e-05	-148.704
381.8269	7.15	4.7699795e-11	-2.86103e-05	4.19619e-05	4.86376e-05	121.92
385.0895	7.16	4.7766508e-11	-2.9564e-05	-3.91009e-05	4.76839e-05	-124.344
388.3682	7.17	4.7833220999999996e-11	1.52589e-05	-9.5368e-06	1.90736e-05	-34.212
391.6317	7.18	4.7899934e-11	-9.53682e-07	-2.28883e-05	2.28883e-05	-88.41
394.9095	7.19	4.7966647e-11	-3.62399e-05	-4.95913e-05	6.00817e-05	-127.494
398.2051	7.2	4.8033359999999996e-11	-2.6703e-05	-1.23978e-05	2.86103e-05	-152.304
401.4829	7.21	4.8100073e-11	-2.86103e-05	-2.47956e-05	3.71935e-05	-140.856
404.7615	7.22	4.816678599999999e-11	-1.33515e-05	-1.04905e-05	1.62126e-05	-152.358
408.057	7.23	4.8233499e-11	-1.71663e-05	-6.67577e-05	6.8665e-05	-101.094
411.3515	7.24	4.8300212e-11	6.67575e-06	-1.90736e-06	6.67575e-06	-10.308
414.6287	7.25	4.8366925e-11	-1.43052e-05	-6.67575e-06	1.52589e-05	-160.02
417.9242	7.26	4.8433637999999994e-11	-3.14715e-05	-1.14442e-05	3.43325e-05	-160.908
421.2024	7.27	4.8500350999999996e-11	-2.0981e-05	-1.81199e-05	2.86103e-05	-138.69
424.4822	7.28	4.8567064e-11	-3.62399e-05	-3.52862e-05	4.95913e-05	-133.92
427.7597	7.29	4.8633777e-11	-1.14442e-05	-4.95913e-05	5.0545e-05	-104.4
431.0555	7.3	4.8700489999999996e-11	-2.76567e-05	-5.0545e-05	5.6267e-05	-114.726
434.3496	7.31	4.8767203e-11	-2.9564e-05	-5.0545e-05	5.72207e-05	-123.504
437.6449	7.32	4.8833916e-11	-2.28883e-05	-9.53682e-07	2.28883e-05	-178.362
440.9383	7.33	4.8900628999999995e-11	-4.95913e-05	1.90736e-05	5.3406e-05	159.114
444.2171	7.34	4.8967342e-11	-1.04905e-05	8.58313e-06	1.23978e-05	128.16
447.5119	7.35	4.903405499999999e-11	2.57493e-05	-2.00273e-05	2.9564e-05	-39.288
450.7916	7.36	4.9100768e-11	-1.62126e-05	-1.33515e-05	1.90736e-05	-142.308
454.0696	7.37	4.9167480999999997e-11	-4.7684e-06	-9.5368e-06	1.04905e-05	-118.074
457.3483	7.38	4.9234194e-11	-9.5368e-06	3.81473e-06	8.58313e-06	162.9
460.6266	7.39	4.9300906999999994e-11	-3.62399e-05	9.5368e-06	3.62399e-05	165.204
463.9221	7.4	4.936762e-11	-1.81199e-05	-6.67575e-06	1.62126e-05	-154.536
467.1998	7.41	4.9434333e-11	-2.6703e-05	-9.5368e-06	2.47956e-05	-159.624
470.4783	7.42	4.9501046e-11	-5.72208e-06	-2.00273e-05	1.81199e-05	-105.066
473.7571	7.43	4.9567758999999995e-11	-4.7684e-06	2.00273e-05	2.00273e-05	96.912
477.0524	7.44	4.9634472e-11	3.33788e-05	2.9564e-05	4.67303e-05	37.518
480.3475	7.45	4.9701185e-11	-6.67575e-06	-2.76567e-05	2.6703e-05	-107.1
483.6256	7.46	4.9767897999999995e-11	-3.05178e-05	-9.5368e-06	3.05178e-05	-159.588
486.905	7.47	4.9834611e-11	-4.7684e-06	-2.9564e-05	2.86103e-05	-104.352
490.2154	7.48	4.9901324e-11	-1.33515e-05	-5.6267e-05	5.72207e-05	-105.666
493.4937	7.49	4.9968037e-11	-6.67575e-06	-4.86376e-05	4.76839e-05	-95.478
496.7721	7.5	5.0034749999999996e-11	-1.14442e-05	-2.6703e-05	2.86103e-05	-110.412
500.0502	7.51	5.0101463e-11	-2.0981e-05	-2.86104e-06	1.90736e-05	177.954
503.3296	7.52	5.0168175999999994e-11	-2.0981e-05	7.62945e-06	2.19346e-05	161.568
506.6083	7.53	5.0234889e-11	-2.19346e-05	-7.62945e-06	2.28883e-05	-157.89
509.8874	7.54	5.0301602e-11	-3.62399e-05	-3.81472e-05	5.0545e-05	-129.804
513.1663	7.55	5.036831499999999e-11	-3.33788e-05	-3.05178e-05	4.38693e-05	-139.866
516.4447	7.56	5.0435027999999995e-11	-3.14715e-05	-1.14442e-05	3.33788e-05	-161.568
519.738	7.57	5.0501741e-11	-3.33788e-05	-4.10082e-05	5.0545e-05	-127.614
523.018	7.58	5.0568454e-11	1.33515e-05	-1.43052e-05	1.90736e-05	-39.288
526.312	7.59	5.0635166999999994e-11	1.90736e-06	-1.52589e-05	1.23978e-05	-86.82
529.5754	7.6	5.0701879999999996e-11	-1.33515e-05	2.28883e-05	2.47956e-05	115.2
532.8696	7.61	5.0768593e-11	-1.04905e-05	-1.81199e-05	2.00273e-05	-124.212
536.1472	7.62	5.0835306e-11	2.57493e-05	2.86104e-06	2.57493e-05	9.69
539.4433	7.63	5.0902018999999996e-11	6.67575e-06	-2.6703e-05	2.76567e-05	-80.31
542.738	7.64	5.0968732e-11	1.90736e-06	-2.6703e-05	2.57493e-05	-88.602
546.0326	7.65	5.1035445e-11	-3.81473e-06	-6.67575e-06	7.62945e-06	-114.444
549.3112	7.66	5.1102157999999995e-11	-2.6703e-05	-3.91009e-05	4.67303e-05	-123.024
552.606	7.67	5.1168871e-11	-2.86104e-06	-6.67575e-06	5.72208e-06	-96.342
555.8846	7.68	5.123558399999999e-11	1.90736e-06	-9.53682e-07	0.0	135.0
559.1953	7.69	5.1302297e-11	-2.00273e-05	-4.48229e-05	4.86376e-05	-117.936
562.4896	7.7	5.1369009999999997e-11	-3.71935e-05	-9.5368e-06	3.62399e-05	-168.276
565.7995	7.71	5.1435723e-11	-3.14715e-05	-2.9564e-05	4.19619e-05	-137.544
569.0945	7.72	5.1502435999999994e-11	-1.62126e-05	-2.0981e-05	2.3842e-05	-125.91
572.3731	7.73	5.1569149e-11	-1.81199e-05	-4.7684e-06	1.81199e-05	-171.87
575.6526	7.74	5.1635862e-11	-2.0981e-05	-4.38693e-05	4.76839e-05	-118.674
578.9461	7.75	5.1702575e-11	4.7684e-06	-1.43052e-05	1.52589e-05	-62.358
582.2251	7.76	5.1769287999999995e-11	5.72208e-06	-4.10082e-05	3.91009e-05	-80.052
585.5037	7.77	5.1836001e-11	3.91009e-05	-2.57493e-05	4.48229e-05	-33.204
588.7983	7.78	5.1902714e-11	-3.43325e-05	-4.86376e-05	5.6267e-05	-124.824
592.078	7.79	5.1969426999999995e-11	-1.62126e-05	-3.71935e-05	3.91009e-05	-116.13
595.3565	7.8	5.203614e-11	-2.6703e-05	-1.90736e-05	3.24252e-05	-147.876
598.651	7.81	5.210285299999999e-11	-2.6703e-05	-5.72208e-06	2.57493e-05	-169.824
601.9291	7.82	5.2169566e-11	-2.9564e-05	-3.81472e-05	4.67303e-05	-127.518
605.2243	7.83	5.2236278999999996e-11	-2.86104e-06	-1.33515e-05	1.23978e-05	-93.012
608.503	7.84	5.2302992e-11	-1.71663e-05	-9.5368e-06	1.81199e-05	-155.376
611.7815	7.85	5.2369704999999994e-11	-4.86376e-05	-4.00546e-05	6.10356e-05	-138.576
615.0596	7.86	5.2436418e-11	-2.76567e-05	1.90736e-06	2.9564e-05	177.51
618.3378	7.87	5.2503131e-11	1.04905e-05	-4.7684e-06	1.04905e-05	-32.736
621.6335	7.88	5.2569844e-11	-9.53682e-07	-4.76839e-05	4.76839e-05	-93.18
624.9119	7.89	5.2636556999999995e-11	-4.7684e-06	-2.47956e-05	2.3842e-05	-97.698
628.19	7.9	5.270327e-11	9.5368e-06	1.71663e-05	1.90736e-05	60.948
631.4683	7.91	5.2769983e-11	0.0	-9.53682e-07	1.90736e-06	-11.31
634.7482	7.92	5.2836695999999994e-11	1.04905e-05	3.43325e-05	3.52862e-05	73.608
638.0269	7.93	5.2903408999999996e-11	2.0981e-05	-2.00273e-05	2.76567e-05	-46.908
641.3038	7.94	5.2970122e-11	2.9564e-05	1.33515e-05	3.24252e-05	23.964
644.5842	7.95	5.3036835e-11	1.33515e-05	9.5368e-06	1.62126e-05	27.642
647.8618	7.96	5.3103547999999996e-11	9.53682e-07	-9.53682e-07	1.90736e-06	-18.432
651.1239	7.97	5.3170261e-11	-1.14442e-05	1.04905e-05	1.52589e-05	138.576
654.4028	7.98	5.3236974e-11	7.62945e-06	-1.33515e-05	1.43052e-05	-57.726
657.6828	7.99	5.3303687e-11	8.58313e-06	-9.5368e-06	1.43052e-05	-29.748
660.9617	8.0	5.33704e-11	-6.67575e-06	9.53682e-07	6.67575e-06	162.9
664.2554	8.01	5.343711299999999e-11	-2.76567e-05	-2.6703e-05	3.71935e-05	-135.0
667.5351	8.02	5.3503825999999995e-11	-2.0981e-05	-1.43052e-05	2.3842e-05	-141.84
670.8139	8.03	5.357053899999999e-11	-1.33515e-05	-1.04905e-05	1.71663e-05	-141.006
674.0766	8.04	5.363725199999999e-11	-2.6703e-05	-5.72208e-06	2.6703e-05	-171.468
677.3711	8.05	5.3703965e-11	-2.86104e-06	-1.33515e-05	1.43052e-05	-103.392
680.6483	8.06	5.3770678e-11	-1.71663e-05	-1.81199e-05	2.19346e-05	-125.136
683.9446	8.07	5.3837391e-11	1.90736e-05	-2.57493e-05	3.14715e-05	-55.302
687.2233	8.08	5.3904104e-11	2.19346e-05	-9.53682e-07	2.3842e-05	-1.47
690.5164	8.09	5.3970816999999995e-11	-2.9564e-05	5.72208e-06	3.05178e-05	169.92
693.7963	8.1	5.403753e-11	-3.91009e-05	-1.33515e-05	3.81472e-05	-162.216
697.0912	8.11	5.410424299999999e-11	-3.33788e-05	-4.00546e-05	5.0545e-05	-130.764
700.3845	8.12	5.4170955999999995e-11	-3.14715e-05	-2.3842e-05	3.71935e-05	-143.748
703.6646	8.13	5.4237669000000003e-11	-2.3842e-05	-3.24252e-05	4.19619e-05	-128.796
706.9422	8.14	5.4304382e-11	3.81473e-06	-2.3842e-05	2.28883e-05	-81.87
710.2059	8.15	5.4371095e-11	1.14442e-05	-1.23978e-05	1.71663e-05	-35.538
713.4666	8.16	5.4437807999999996e-11	-3.43325e-05	-2.9564e-05	4.57766e-05	-140.712
716.7631	8.17	5.4504521e-11	-2.6703e-05	3.81473e-06	2.57493e-05	168.408
720.0416	8.18	5.4571233999999994e-11	-2.00273e-05	-1.33515e-05	2.19346e-05	-144.462
723.3196	8.19	5.4637946999999996e-11	-2.00273e-05	2.19346e-05	2.86103e-05	129.288
726.6139	8.2	5.470465999999999e-11	2.19346e-05	1.14442e-05	2.3842e-05	25.116
729.8772	8.21	5.4771373000000006e-11	1.90736e-05	-1.71663e-05	2.47956e-05	-39.804
733.1563	8.22	5.4838086e-11	6.67575e-06	8.58313e-06	1.23978e-05	47.118
736.4342	8.23	5.4904799e-11	-4.29156e-05	-1.04905e-05	4.38693e-05	-165.558
739.7136	8.24	5.4971512e-11	1.43052e-05	-3.33788e-05	3.62399e-05	-66.666
742.9923	8.25	5.5038224999999995e-11	-9.53682e-07	-2.00273e-05	1.90736e-05	-97.854
746.271	8.26	5.5104937999999996e-11	-1.81199e-05	-2.28883e-05	2.76567e-05	-124.44
749.5656	8.27	5.517165099999999e-11	-1.14442e-05	-4.00546e-05	4.00546e-05	-106.074
752.8596	8.28	5.5238363999999994e-11	-8.58313e-06	-5.72208e-06	1.04905e-05	-157.62
756.1383	8.29	5.530507699999999e-11	-9.5368e-06	-1.43052e-05	1.52589e-05	-119.748
759.4159	8.3	5.5371790000000004e-11	-1.62126e-05	-2.6703e-05	2.86103e-05	-109.23
762.6963	8.31	5.5438503e-11	-5.3406e-05	-3.62399e-05	6.38966e-05	-146.802
765.9739	8.32	5.5505216e-11	-2.86104e-06	5.72208e-06	5.72208e-06	96.342
769.2376	8.33	5.5571929e-11	-3.62399e-05	1.90736e-06	3.43325e-05	177.798
772.5151	8.34	5.5638642e-11	-2.00273e-05	-3.71935e-05	4.10082e-05	-118.608
775.795	8.35	5.5705354999999995e-11	-2.00273e-05	-2.76567e-05	3.24252e-05	-129.21
779.0737	8.36	5.577206799999999e-11	-5.6267e-05	-9.5368e-06	5.6267e-05	-171.774
782.3683	8.37	5.583878099999999e-11	-1.43052e-05	-1.52589e-05	1.90736e-05	-132.396
785.6631	8.38	5.5905494e-11	-7.62945e-06	-9.5368e-06	1.04905e-05	-127.566
788.9258	8.39	5.5972207e-11	-3.81473e-06	-1.81199e-05	1.90736e-05	-102.096
792.2044	8.4	5.603892e-11	-5.14986e-05	1.62126e-05	5.43597e-05	164.622
795.4983	8.41	5.6105633e-11	1.14442e-05	7.62945e-06	1.52589e-05	26.562
798.7778	8.42	5.6172345999999996e-11	-1.62126e-05	-6.67575e-06	1.81199e-05	-162.756
802.0565	8.43	5.6239059e-11	9.53682e-07	1.90736e-05	1.90736e-05	84.096
805.3505	8.44	5.630577199999999e-11	2.47956e-05	4.7684e-06	2.76567e-05	12.096
808.6457	8.45	5.6372484999999995e-11	2.28883e-05	2.57493e-05	3.33788e-05	54.06
811.9397	8.46	5.6439198000000003e-11	2.86104e-06	3.62399e-05	3.62399e-05	85.914
815.2183	8.47	5.6505911e-11	1.71663e-05	-2.47956e-05	3.05178e-05	-52.122
818.5137	8.48	5.6572624e-11	2.3842e-05	-1.71663e-05	2.86103e-05	-39.288
821.7924	8.49	5.6639336999999996e-11	-1.62126e-05	3.81473e-06	1.62126e-05	159.444
825.087	8.5	5.670605e-11	3.91009e-05	1.33515e-05	4.00546e-05	21.108
828.3657	8.51	5.6772762999999994e-11	-4.7684e-06	7.62945e-06	6.67575e-06	110.556
831.6596	8.52	5.6839475999999996e-11	-1.90736e-05	-1.43052e-05	2.19346e-05	-138.654
834.9229	8.53	5.690618899999999e-11	-4.29156e-05	5.72208e-06	4.19619e-05	171.606
838.216	8.54	5.697290199999999e-11	-2.6703e-05	-4.29156e-05	5.0545e-05	-120.582
841.4965	8.55	5.7039615e-11	-6.48503e-05	-4.19619e-05	7.72481e-05	-147.378
844.7912	8.56	5.7106328000000004e-11	-8.39238e-05	-3.71935e-05	8.96459e-05	-156.858
848.0858	8.57	5.7173041e-11	-1.81199e-05	-2.86104e-06	2.0981e-05	-174.804
851.3646	8.58	5.7239753999999995e-11	-2.86103e-05	1.23978e-05	2.86103e-05	148.812
854.6435	8.59	5.7306466999999997e-11	-6.67575e-06	-1.81199e-05	1.81199e-05	-110.322
857.9369	8.6	5.737317999999999e-11	0.0	-1.14442e-05	9.5368e-06	-102.096
861.2166	8.61	5.7439892999999994e-11	2.86104e-06	1.90736e-06	3.81473e-06	38.658
864.4945	8.62	5.750660599999999e-11	6.67575e-06	2.28883e-05	2.19346e-05	74.292
867.7729	8.63	5.7573319000000004e-11	-1.90736e-06	-1.43052e-05	1.52589e-05	-90.0
871.0354	8.64	5.7640032e-11	0.0	2.86104e-06	1.90736e-06	90.0
874.33	8.65	5.7706745e-11	-1.33515e-05	-3.05178e-05	3.14715e-05	-110.694
877.6082	8.66	5.7773458e-11	2.6703e-05	-6.67575e-06	2.76567e-05	-14.034
880.8874	8.67	5.7840171e-11	1.04905e-05	-3.33788e-05	3.52862e-05	-68.196
884.1833	8.68	5.7906883999999995e-11	-7.62945e-06	-3.91009e-05	3.81472e-05	-101.886
887.4608	8.69	5.7973596999999997e-11	1.90736e-06	-2.76567e-05	2.6703e-05	-85.71
890.7551	8.7	5.804030999999999e-11	1.04905e-05	1.90736e-06	1.04905e-05	21.804
894.0336	8.71	5.8107023e-11	-1.62126e-05	1.04905e-05	1.81199e-05	146.886
897.3124	8.72	5.8173736e-11	2.86103e-05	-3.62399e-05	4.48229e-05	-53.298
900.591	8.73	5.8240449e-11	-9.53682e-07	-2.28883e-05	2.28883e-05	-101.004
903.8861	8.74	5.8307162e-11	-5.72208e-06	-2.86103e-05	2.57493e-05	-96.012
907.1643	8.75	5.8373875e-11	-9.53682e-07	8.58313e-06	9.5368e-06	73.608
910.4596	8.76	5.8440588e-11	-8.58313e-06	8.58313e-06	1.04905e-05	112.38
913.738	8.77	5.8507301e-11	-2.0981e-05	1.04905e-05	2.19346e-05	152.652
917.0326	8.78	5.857401399999999e-11	-1.52589e-05	-3.62399e-05	3.81472e-05	-110.898
920.3117	8.79	5.864072699999999e-11	6.67575e-06	1.23978e-05	1.23978e-05	62.1
923.5902	8.8	5.870744e-11	-3.62399e-05	-2.3842e-05	4.19619e-05	-147.048
926.869	8.81	5.8774153e-11	-3.81473e-06	3.81473e-06	5.72208e-06	119.748
930.1473	8.82	5.8840866e-11	-3.62399e-05	-4.7684e-06	3.52862e-05	-172.476
933.4105	8.83	5.8907579e-11	-3.81472e-05	-1.23978e-05	3.91009e-05	-158.892
936.6884	8.84	5.8974292e-11	-3.05178e-05	9.5368e-06	3.14715e-05	159.306
939.9673	8.85	5.904100499999999e-11	-1.04905e-05	-1.90736e-06	9.5368e-06	-172.404
943.2621	8.86	5.910771799999999e-11	1.33515e-05	-3.24252e-05	3.24252e-05	-71.568
946.541	8.87	5.917443099999999e-11	-6.67575e-06	-5.43597e-05	5.53133e-05	-99.006
949.8358	8.88	5.924114400000001e-11	-9.5368e-06	-1.62126e-05	1.71663e-05	-125.538
953.1136	8.89	5.9307857e-11	0.0	-2.86103e-05	2.76567e-05	-85.914
956.4086	8.9	5.937457e-11	-3.14715e-05	-4.19619e-05	5.14986e-05	-128.322
959.7035	8.91	5.9441283e-11	8.58313e-06	1.81199e-05	1.81199e-05	75.468
962.9821	8.92	5.950799599999999e-11	-3.91009e-05	6.67575e-06	3.91009e-05	172.146
966.2607	8.93	5.957470899999999e-11	-2.86104e-06	-1.14442e-05	9.5368e-06	-102.096
969.555	8.94	5.9641422e-11	6.67575e-06	-4.7684e-06	7.62945e-06	-24.444
972.8336	8.95	5.9708135e-11	-2.57493e-05	-7.62945e-06	2.57493e-05	-163.854
976.113	8.96	5.9774848e-11	0.0	1.90736e-06	1.90736e-06	126.87
979.3911	8.97	5.9841561e-11	4.67303e-05	-7.62945e-06	4.57766e-05	-12.618
982.67	8.98	5.9908274e-11	-1.04905e-05	-3.81473e-06	1.23978e-05	-162.474
985.9649	8.99	5.9974987e-11	-1.90736e-06	1.90736e-05	1.90736e-05	99.462
989.2433	9.0	6.004169999999999e-11	1.90736e-06	-6.67575e-06	5.72208e-06	-83.658
992.5221	9.01	6.0108413e-11	2.19346e-05	-2.86104e-06	2.19346e-05	-7.122
995.8006	9.02	6.0175126e-11	-4.00546e-05	-1.33515e-05	3.91009e-05	-161.568
999.0797	9.03	6.0241839e-11	-2.6703e-05	1.90736e-05	3.24252e-05	143.13
1002.3743	9.04	6.030855199999999e-11	-9.53682e-07	-1.43052e-05	1.33515e-05	-98.13
1005.6686	9.05	6.0375265e-11	9.5368e-06	2.57493e-05	2.86103e-05	66.45
1008.9631	9.06	6.0441978e-11	-9.53682e-07	-1.04905e-05	1.04905e-05	-75.966
1012.2426	9.07	6.0508691e-11	-5.72208e-06	-2.47956e-05	2.57493e-05	-99.462
1015.5368	9.08	6.0575404e-11	-1.81199e-05	-4.7684e-06	1.81199e-05	-162.18
1018.8154	9.09	6.0642117e-11	-4.7684e-06	-1.90736e-06	3.81473e-06	180.0
1022.0948	9.1	6.070883e-11	-3.81472e-05	-3.14715e-05	4.76839e-05	-140.094
1025.3891	9.11	6.077554299999999e-11	-9.5368e-06	1.71663e-05	1.90736e-05	126.468
1028.684	9.12	6.084225599999999e-11	-3.33788e-05	1.52589e-05	3.71935e-05	154.746
1031.963	9.13	6.0908969e-11	-2.47956e-05	-1.81199e-05	2.9564e-05	-143.13
1035.2408	9.14	6.0975682e-11	-1.52589e-05	-3.33788e-05	3.62399e-05	-116.562
1038.5203	9.15	6.1042395e-11	-4.7684e-06	-4.7684e-06	5.72208e-06	-150.252
1041.7983	9.16	6.1109108e-11	-2.57493e-05	2.86104e-06	2.3842e-05	168.69
1045.077	9.17	6.1175821e-11	-9.53682e-07	-2.86104e-06	2.86104e-06	-141.342
1048.356	9.18	6.124253399999999e-11	-6.00817e-05	6.67575e-06	6.00817e-05	174.288
1051.8908	9.19	6.130924699999999e-11	-4.67303e-05	-2.47956e-05	5.24523e-05	-152.784
1055.1694	9.2	6.137595999999999e-11	-1.90736e-05	1.04905e-05	2.19346e-05	159.444
1058.4474	9.21	6.144267300000001e-11	-7.62945e-06	3.71935e-05	3.81472e-05	101.886
1061.726	9.22	6.1509386e-11	-2.6703e-05	-3.05178e-05	3.91009e-05	-130.914
1065.005	9.23	6.1576099e-11	-9.5368e-06	2.57493e-05	2.6703e-05	107.526
1068.3002	9.24	6.1642812e-11	1.52589e-05	-2.9564e-05	3.05178e-05	-68.874
1071.5783	9.25	6.1709525e-11	2.47956e-05	1.33515e-05	2.86103e-05	27.15
1074.8576	9.26	6.177623799999999e-11	-3.14715e-05	-3.71935e-05	4.76839e-05	-129.804
1078.1356	9.27	6.1842951e-11	-2.86104e-06	-2.76567e-05	2.6703e-05	-90.0
1081.4309	9.28	6.1909664e-11	-2.00273e-05	-5.14986e-05	5.53133e-05	-109.926
1084.709	9.29	6.197637699999999e-11	-1.81199e-05	5.72208e-06	1.62126e-05	158.628
1088.004	9.3	6.204309e-11	-1.04905e-05	-2.3842e-05	2.57493e-05	-115.278
1091.2824	9.31	6.2109803e-11	-2.00273e-05	-5.81744e-05	6.10356e-05	-108.036
1094.5616	9.32	6.2176516e-11	-1.14442e-05	-1.90736e-06	1.23978e-05	-171.87
1097.8402	9.33	6.224322899999999e-11	-4.95913e-05	-7.62945e-06	4.95913e-05	-170.034
1101.1188	9.34	6.2309942e-11	3.81473e-06	-4.67303e-05	4.86376e-05	-83.064
1104.397	9.35	6.2376655e-11	1.52589e-05	0.0	1.33515e-05	-3.012
1107.6937	9.36	6.2443368e-11	-4.19619e-05	-6.67575e-06	4.00546e-05	-172.146
1110.9883	9.37	6.251008099999999e-11	-3.24252e-05	8.58313e-06	3.24252e-05	169.158
1114.2499	9.38	6.2576794e-11	3.05178e-05	3.43325e-05	4.67303e-05	46.146
1117.5295	9.39	6.2643507e-11	-1.90736e-06	2.19346e-05	2.19346e-05	100.956
1120.8074	9.4	6.271022e-11	-2.3842e-05	6.67575e-06	2.47956e-05	163.446
1124.071	9.41	6.2776933e-11	-6.67575e-06	-2.76567e-05	2.6703e-05	-96.792
1127.3496	9.42	6.2843646e-11	2.47956e-05	-1.23978e-05	2.6703e-05	-25.944
1130.6267	9.43	6.2910359e-11	-2.47956e-05	-3.71935e-05	4.38693e-05	-123.456
1133.9219	9.44	6.297707199999999e-11	-9.5368e-06	2.6703e-05	2.86103e-05	112.308
1137.2001	9.45	6.304378499999999e-11	-1.81199e-05	-1.33515e-05	2.19346e-05	-142.434
1140.4793	9.46	6.3110498e-11	3.81473e-06	-9.5368e-06	8.58313e-06	-72.9
1143.7735	9.47	6.317721100000001e-11	-1.23978e-05	-1.81199e-05	2.19346e-05	-126.528
1147.0368	9.48	6.3243924e-11	-2.3842e-05	-1.23978e-05	2.57493e-05	-151.506
1150.315	9.49	6.3310637e-11	-3.14715e-05	-1.71663e-05	3.33788e-05	-150.948
1153.6102	9.5	6.337735e-11	-3.24252e-05	1.90736e-06	3.05178e-05	178.782
1156.8725	9.51	6.344406299999999e-11	-1.81199e-05	-9.5368e-06	1.90736e-05	-150.948
1160.1517	9.52	6.351077599999999e-11	-2.6703e-05	-1.90736e-05	3.24252e-05	-144.06
1163.4303	9.53	6.357748899999999e-11	2.19346e-05	-2.00273e-05	2.76567e-05	-46.908
1166.7266	9.54	6.3644202e-11	-9.5368e-06	-2.28883e-05	2.3842e-05	-120.696
1170.0052	9.55	6.3710915e-11	-3.71935e-05	0.0	3.71935e-05	178.992
1173.2838	9.56	6.3777628e-11	5.72208e-06	-6.8665e-05	7.05724e-05	-83.538
1176.5614	9.57	6.3844341e-11	-1.71663e-05	-3.81473e-06	1.43052e-05	-165.966
1179.8411	9.58	6.3911054e-11	-4.00546e-05	-3.81473e-06	3.91009e-05	-177.09
1183.1183	9.59	6.397776699999999e-11	-6.67575e-06	9.53682e-07	4.7684e-06	164.052
1186.4143	9.6	6.404448e-11	5.72208e-06	-5.0545e-05	4.95913e-05	-81.312
1189.7086	9.61	6.4111193e-11	-1.90736e-05	5.72208e-06	1.90736e-05	159.678
1192.9869	9.62	6.417790599999999e-11	-1.04905e-05	-2.00273e-05	2.28883e-05	-118.74
1196.2663	9.63	6.4244619e-11	-4.57766e-05	-2.86104e-06	4.57766e-05	-179.172
1199.5283	9.64	6.4311332e-11	1.52589e-05	-2.86103e-05	3.24252e-05	-63.972
1202.8067	9.65	6.4378045e-11	-9.5368e-06	9.5368e-06	1.33515e-05	136.974
1206.1018	9.66	6.444475799999999e-11	-2.86104e-06	-1.23978e-05	1.04905e-05	-86.634
1209.3642	9.67	6.4511471e-11	-2.9564e-05	1.90736e-06	2.6703e-05	172.878
1212.643	9.68	6.4578184e-11	2.86103e-05	-2.0981e-05	3.62399e-05	-38.502
1215.9224	9.69	6.4644897e-11	4.38693e-05	6.67575e-06	4.57766e-05	8.13
1219.201	9.7	6.471160999999999e-11	3.81473e-06	1.62126e-05	1.71663e-05	74.358
1222.4783	9.71	6.4778323e-11	2.9564e-05	3.62399e-05	4.76839e-05	48.3
1225.7415	9.72	6.4845036e-11	3.33788e-05	-3.81473e-06	3.24252e-05	-9.27
1229.0205	9.73	6.4911749e-11	3.24252e-05	3.05178e-05	4.48229e-05	43.194
1232.2983	9.74	6.4978462e-11	2.6703e-05	-7.62945e-06	2.6703e-05	-16.146
1235.5783	9.75	6.5045175e-11	3.91009e-05	-7.62945e-06	3.91009e-05	-7.986
1238.8569	9.76	6.5111888e-11	3.81473e-06	5.72208e-06	5.72208e-06	54.462
1242.1355	9.77	6.517860099999999e-11	2.6703e-05	8.58313e-06	2.86103e-05	18.006
1245.4141	9.78	6.524531399999999e-11	2.19346e-05	-2.19346e-05	3.05178e-05	-48.468
1248.6927	9.79	6.531202699999999e-11	0.0	6.67575e-06	6.67575e-06	84.804
1251.9714	9.8	6.537874000000001e-11	-2.86104e-06	-3.43325e-05	3.24252e-05	-97.968
1255.2491	9.81	6.5445453e-11	1.23978e-05	-4.7684e-06	1.52589e-05	-13.494
1258.5447	9.82	6.5512166e-11	-2.3842e-05	-1.71663e-05	3.05178e-05	-145.98
1261.8234	9.83	6.5578879e-11	-2.86104e-06	-2.0981e-05	2.0981e-05	-103.134
1265.1019	9.84	6.564559199999999e-11	-1.04905e-05	-8.58313e-06	1.23978e-05	-144.462
1268.3966	9.85	6.571230499999999e-11	-2.3842e-05	-2.3842e-05	3.05178e-05	-133.212
1271.674	9.86	6.577901799999999e-11	-9.53682e-07	4.7684e-06	3.81473e-06	116.562
1274.954	9.87	6.5845731e-11	-2.28883e-05	1.23978e-05	2.57493e-05	152.178
1278.2483	9.88	6.5912444e-11	-9.5368e-06	1.14442e-05	1.43052e-05	124.38
1281.5418	9.89	6.5979157e-11	-1.62126e-05	2.86104e-06	1.62126e-05	166.506
1284.838	9.9	6.604587e-11	1.62126e-05	3.81472e-05	4.19619e-05	65.856
1288.1483	9.91	6.6112583e-11	1.81199e-05	1.71663e-05	2.47956e-05	51.582
1291.4273	9.92	6.617929599999999e-11	2.76567e-05	1.23978e-05	2.86103e-05	23.55
1294.7218	9.93	6.6246009e-11	-1.81199e-05	9.53682e-07	1.90736e-05	174.096
1297.9995	9.94	6.6312722e-11	-2.9564e-05	-3.81473e-06	2.9564e-05	-173.658
1301.2782	9.95	6.6379435e-11	-2.86103e-05	-6.00817e-05	6.77113e-05	-115.05
1304.558	9.96	6.6446148e-11	-5.53133e-05	-2.76567e-05	5.81744e-05	-151.656
1307.836	9.97	6.6512861e-11	-6.2943e-05	-5.72207e-05	8.29701e-05	-138.288
1311.1154	9.98	6.6579574e-11	-9.72752e-05	-1.81199e-05	9.63216e-05	-169.158
1314.4082	9.99	6.664628699999999e-11	-9.53679e-05	-4.48229e-05	0.000103951	-153.6
1317.704	10.0	6.6713e-11	-1.62126e-05	-4.48229e-05	4.57766e-05	-108.432
1320.9829	10.01	6.6779713e-11	-4.67303e-05	2.86104e-06	4.48229e-05	175.794
1324.2608	10.02	6.6846426e-11	1.90736e-05	2.86104e-06	2.00273e-05	5.526
1327.54	10.03	6.691313899999999e-11	5.72208e-06	1.71663e-05	1.71663e-05	66.252
1330.8182	10.04	6.697985199999999e-11	1.43052e-05	-2.28883e-05	2.57493e-05	-61.506
1334.0822	10.05	6.7046565e-11	2.19346e-05	1.62126e-05	2.47956e-05	46.122
1337.3768	10.06	6.7113278e-11	7.62945e-06	-2.86104e-06	1.04905e-05	-8.97
1340.6556	10.07	6.7179991e-11	-6.67575e-06	-3.81473e-06	5.72208e-06	-150.948
1343.9342	10.08	6.7246704e-11	-1.62126e-05	0.0	1.71663e-05	-177.954
1347.2129	10.09	6.7313417e-11	-6.67575e-06	-1.43052e-05	1.52589e-05	-120.066
1350.5074	10.1	6.738012999999999e-11	-3.71935e-05	-6.67575e-06	3.81472e-05	-172.146
1353.8173	10.11	6.744684299999999e-11	-1.90736e-05	-1.04905e-05	1.90736e-05	-156.036
1357.1285	10.12	6.751355599999999e-11	-6.67575e-06	-6.2943e-05	6.19893e-05	-95.412
1360.4235	10.13	6.758026900000001e-11	-4.19619e-05	-5.6267e-05	6.77113e-05	-125.274
1363.7018	10.14	6.7646982e-11	-1.43052e-05	3.81473e-06	1.52589e-05	164.358
1366.9637	10.15	6.7713695e-11	-5.6267e-05	1.04905e-05	5.81744e-05	170.958
1370.2583	10.16	6.7780408e-11	-6.2943e-05	-6.38966e-05	9.05995e-05	-133.23
1373.5523	10.17	6.7847121e-11	1.52589e-05	-3.81473e-06	1.62126e-05	-11.766
1376.8327	10.18	6.791383399999999e-11	-9.5368e-06	-2.0981e-05	2.0981e-05	-112.482
1380.1115	10.19	6.798054699999999e-11	-2.9564e-05	-2.9564e-05	4.29156e-05	-141.204
1383.3887	10.2	6.804726e-11	-3.62399e-05	-2.28883e-05	4.29156e-05	-151.458
1386.6687	10.21	6.8113973e-11	-4.57766e-05	0.0	4.38693e-05	180.0
1389.9636	10.22	6.8180686e-11	-4.67303e-05	-3.33788e-05	5.72207e-05	-143.922
1393.2582	10.23	6.8247399e-11	-6.2943e-05	1.90736e-06	6.19893e-05	177.564
1396.5368	10.24	6.8314112e-11	-8.20165e-05	-5.3406e-05	9.82289e-05	-147.588
1399.8315	10.25	6.838082499999999e-11	-5.24523e-05	-3.91009e-05	6.38966e-05	-142.65
1403.1096	10.26	6.8447538e-11	-7.24797e-05	-3.33788e-05	7.82018e-05	-154.092
1406.3869	10.27	6.8514251e-11	-7.62944e-05	1.71663e-05	7.82018e-05	168.21
1409.6824	10.28	6.8580964e-11	-0.000103951	-4.29156e-05	0.000112534	-159.324
1412.9621	10.29	6.864767699999999e-11	-9.91826e-05	-4.86376e-05	0.000112534	-154.494
1416.2398	10.3	6.871439e-11	-0.00011158	-6.8665e-05	0.000130654	-149.238
1419.5183	10.31	6.8781103e-11	-0.000125886	-7.62945e-06	0.000125886	-176.37
1422.8137	10.32	6.884781599999999e-11	-0.000110627	-2.57493e-05	0.000113488	-167.904
1426.093	10.33	6.8914529e-11	-7.82018e-05	-3.71935e-05	8.39238e-05	-155.898
1429.3717	10.34	6.8981242e-11	-0.000120163	-2.76567e-05	0.000123979	-167.304
1432.6496	10.35	6.9047955e-11	-0.000152589	-1.04905e-05	0.000152589	-176.286
1435.9283	10.36	6.911466799999999e-11	-0.000142098	-2.28883e-05	0.000144006	-171.234
1439.2239	10.37	6.918138099999999e-11	-8.01091e-05	-5.24523e-05	9.34605e-05	-147.78
1442.4865	10.38	6.9248094e-11	-0.000125886	-7.91554e-05	0.000145913	-147.912
1445.7653	10.39	6.9314807e-11	-0.000106812	-5.81744e-05	0.00011921	-151.29
1449.043	10.4	6.938152e-11	-0.000151635	-4.76839e-05	0.000159265	-163.002
1452.3063	10.41	6.9448233e-11	-0.000177384	-3.71935e-05	0.000180245	-168.276
1455.584	10.42	6.9514946e-11	-0.000163079	-4.10082e-05	0.000168801	-165.69
1458.8636	10.43	6.958165899999999e-11	-0.000208856	-5.81744e-05	0.000216485	-164.466
1462.1582	10.44	6.964837199999999e-11	-0.000243188	-4.95913e-05	0.000249865	-168.69
1465.453	10.45	6.971508499999999e-11	-0.000223161	-9.44142e-05	0.000240327	-157.134
1468.7476	10.46	6.978179800000001e-11	-0.000242234	-8.29701e-05	0.00025654	-161.238
1472.0263	10.47	6.9848511e-11	-0.000216485	-6.48503e-05	0.000224114	-163.398
1475.3205	10.48	6.9915224e-11	-0.000236512	-9.34605e-05	0.000253679	-158.34
1478.6156	10.49	6.9981937e-11	-0.000219346	-0.000108719	0.000241281	-154.002
1481.8939	10.5	7.004865e-11	-0.000267031	-0.000102044	0.000286104	-159.504
1485.173	10.51	7.011536299999999e-11	-0.000241281	-0.000130654	0.000273706	-151.632
1488.4516	10.52	7.018207599999999e-11	-0.000263216	-0.000114441	0.000287058	-156.63
1491.7623	10.53	7.0248789e-11	-0.000286104	-0.000144006	0.000318529	-152.85
1495.0552	10.54	7.031550199999998e-11	-0.000307085	-0.000140191	0.000335695	-155.31
1498.3677	10.55	7.0382215e-11	-0.000307085	-0.000129701	0.000332834	-156.816
1501.6451	10.56	7.0448928e-11	-0.000361444	-0.000140191	0.000387194	-158.73
1504.9411	10.57	7.0515641e-11	-0.000364305	-0.000200273	0.00041485	-151.212
1508.2357	10.58	7.058235399999999e-11	-0.000355722	-0.000208856	0.000411035	-149.814
1511.5134	10.59	7.0649067e-11	-0.000401499	-0.000161172	0.000431063	-157.968
1514.7931	10.6	7.071578e-11	-0.00041485	-0.000217439	0.000465395	-152.148
1518.0706	10.61	7.0782493e-11	-0.000433924	-0.000227929	0.000491146	-152.43
1521.3494	10.62	7.084920599999999e-11	-0.000429155	-0.00021267	0.000476839	-153.618
1524.6285	10.63	7.0915919e-11	-0.000483515	-0.000247004	0.000542644	-153.06
1527.9238	10.64	7.0982632e-11	-0.000466349	-0.000261309	0.000534061	-150.912
1531.2173	10.65	7.104934499999999e-11	-0.000475885	-0.000257494	0.000539783	-151.446
1534.4802	10.66	7.1116058e-11	-0.000510219	-0.000270845	0.000576023	-151.806
1537.7596	10.67	7.1182771e-11	-0.000555042	-0.000262262	0.000613216	-154.938
1541.0543	10.68	7.1249484e-11	-0.000572208	-0.000271799	0.000633243	-154.782
1544.3331	10.69	7.131619699999999e-11	-0.00057793	-0.000304224	0.000652317	-152.34
1547.6274	10.7	7.138290999999999e-11	-0.000604633	-0.000352861	0.000699047	-149.796
1550.9222	10.71	7.1449623e-11	-0.000606541	-0.000349047	0.000699047	-150.09
1554.1999	10.72	7.151633600000001e-11	-0.000686649	-0.000349047	0.000770573	-153.216
1557.4957	10.73	7.1583049e-11	-0.00070763	-0.000370027	0.000796322	-152.364
1560.7896	10.74	7.1649762e-11	-0.000721935	-0.000411989	0.0008297	-150.246
1564.0683	10.75	7.1716475e-11	-0.00080109	-0.000428202	0.000905041	-151.716
1567.3472	10.76	7.178318799999999e-11	-0.000781063	-0.000473978	0.000913624	-148.626
1570.6424	10.77	7.184990099999999e-11	-0.000846867	-0.000462534	0.000965122	-151.488
1573.9371	10.78	7.191661399999999e-11	-0.000860218	-0.000441553	0.000967029	-152.904
1577.2159	10.79	7.1983327e-11	-0.000881199	-0.000491146	0.00100899	-150.918
1580.4938	10.8	7.205004e-11	-0.000907902	-0.000533108	0.00104905	-149.526
1583.7883	10.81	7.2116753e-11	-0.00093079	-0.000541691	0.00107575	-149.856
1587.0518	10.82	7.2183466e-11	-0.000992782	-0.000578884	0.00114919	-149.76
1590.3465	10.83	7.2250179e-11	-0.000999458	-0.000592235	0.00116063	-149.316
1593.6253	10.84	7.231689199999999e-11	-0.00105477	-0.000675205	0.00125218	-147.36
1596.904	10.85	7.238360499999999e-11	-0.00111295	-0.000665668	0.0012951	-149.142
1600.1826	10.86	7.2450318e-11	-0.00112153	-0.000731472	0.00133706	-146.838
1603.4772	10.87	7.2517031e-11	-0.00113393	-0.000713352	0.00133801	-147.84
1606.7558	10.88	7.2583744e-11	-0.00117875	-0.000779156	0.00141145	-146.544
1610.0496	10.89	7.2650457e-11	-0.00123025	-0.000795368	0.00146294	-147.054
1613.3453	10.9	7.271717e-11	-0.0011263	-0.000844959	0.00140954	-143.298
1616.6228	10.91	7.278388299999999e-11	-0.00107194	-0.000823025	0.00135136	-142.512
1619.9016	10.92	7.2850596e-11	-0.000872616	-0.000766758	0.00115872	-138.588
1623.1806	10.93	7.2917309e-11	-0.000555996	-0.000626568	0.00083733	-131.454
1626.4594	10.94	7.2984022e-11	-6.38966e-05	-0.000463488	0.000466349	-98.046
1629.7549	10.95	7.305073499999999e-11	0.000578884	-0.000145913	0.00059605	-14.226
1633.0655	10.96	7.3117448e-11	0.00151635	0.000312807	0.00155164	11.688
1636.3596	10.97	7.3184161e-11	0.00275518	0.000961307	0.00292112	19.248
1639.6547	10.98	7.325087399999999e-11	0.0042477	0.00185109	0.00463489	23.556
1642.933	10.99	7.3317587e-11	0.00570872	0.00272657	0.00632957	25.536
1646.2122	11.0	7.33843e-11	0.00736144	0.00386907	0.00831801	27.726
1649.5067	11.01	7.3451013e-11	0.0087586	0.00481036	0.0099898	28.782
1652.7856	11.02	7.351772599999999e-11	0.00947577	0.00542834	0.0109234	29.802
1656.0635	11.0305	7.358777465e-11	0.00930887	0.0053921	0.0107604	30.072
1659.3583	11.04	7.365115199999999e-11	0.00796419	0.00459293	0.00919348	29.976
1662.6365	11.05	7.371786500000001e-11	0.00561622	0.00323869	0.00648311	29.994
1665.9322	11.06	7.3784578e-11	0.00251962	0.00145436	0.00290968	29.97
1669.2265	11.07	7.3851291e-11	-0.000486376	-0.000229836	0.000537876	-154.482
1672.5045	11.08	7.3918004e-11	-0.00255777	-0.00133897	0.00288583	-152.388
1675.7996	11.09	7.398471699999999e-11	-0.00329782	-0.00168896	0.00370504	-152.892
1679.0783	11.1	7.405142999999999e-11	-0.00275327	-0.00132752	0.00305177	-154.272
1682.3729	11.11	7.411814299999999e-11	-0.00144482	-0.000705723	0.00160504	-153.948
1685.6672	11.12	7.4184856e-11	-0.000277521	-0.000190736	0.000336649	-145.464
1688.9454	11.13	7.4251569e-11	0.000216485	5.72208e-06	0.000217439	1.746
1692.2254	11.14	7.4318282e-11	7.62945e-06	-0.000148774	0.00014782	-87.162
1695.5195	11.15	7.4384995e-11	-0.000426294	-0.000338556	0.000543598	-141.678
1698.814	11.16	7.4451708e-11	-0.000623707	-0.000312807	0.000694279	-153.192
1702.0927	11.17	7.451842099999999e-11	-0.000400545	-0.000117302	0.000411989	-163.446
1705.3882	11.18	7.458513399999999e-11	9.05995e-05	0.000167848	0.000191689	61.026
1708.6829	11.19	7.4651847e-11	0.000298502	0.000267031	0.000399591	41.952
1711.9608	11.2	7.471856e-11	0.000167848	9.44142e-05	0.000192643	29.496
1715.2391	11.21	7.4785273e-11	-0.000312807	-0.000127793	0.000337603	-157.632
1718.5178	11.22	7.4851986e-11	-0.0006609	-0.000295641	0.000722889	-155.892
1721.7974	11.23	7.4918699e-11	-0.000600819	-0.000244142	0.000646595	-157.956
1725.0759	11.24	7.498541199999999e-11	-0.000290873	-4.19619e-05	0.000291826	-171.594
1728.3695	11.25	7.5052125e-11	6.38966e-05	0.00010109	0.000118256	58.644
1731.6483	11.26	7.5118838e-11	3.91009e-05	6.00817e-05	7.24797e-05	56.886
1734.9107	11.27	7.5185551e-11	-0.000295641	-0.000166894	0.000337603	-150.45
1738.2067	11.28	7.525226399999999e-11	-0.00076199	-0.000383379	0.000852589	-153.276
1741.5013	11.29	7.531897699999999e-11	-0.000972752	-0.000528339	0.00110627	-151.524
1744.7788	11.3	7.538569e-11	-0.000888828	-0.000490192	0.00101376	-151.128
1748.058	11.31	7.545240299999999e-11	-0.000539783	-0.000273706	0.00060368	-152.982
1751.3529	11.32	7.5519116e-11	-0.000205995	-7.43871e-05	0.000217439	-160.842
1754.6313	11.33	7.5585829e-11	-1.62126e-05	4.10082e-05	4.38693e-05	109.536
1757.9097	11.34	7.5652542e-11	-2.86104e-06	4.48229e-05	4.48229e-05	93.366
1761.1882	11.35	7.571925499999999e-11	-8.86922e-05	3.81473e-06	8.77385e-05	176.154
1764.484	11.36	7.578596799999999e-11	-0.000187875	-6.8665e-05	0.000196458	-160.152
1767.7783	11.37	7.585268099999999e-11	-0.000326158	-0.000153542	0.000358583	-154.626
1771.0574	11.38	7.591939400000001e-11	-0.000499729	-0.000243188	0.000553135	-154.176
1774.3361	11.39	7.5986107e-11	-0.00064278	-0.000314714	0.000717167	-153.72
1777.6298	11.4	7.605282e-11	-0.000674251	-0.000325205	0.000746731	-154.326
1780.9077	11.41	7.6119533e-11	-0.000576023	-0.000268938	0.000633243	-154.998
1784.1882	11.42	7.6186246e-11	-0.000390055	-0.000164033	0.000423433	-157.212
1787.4669	11.43	7.625295899999999e-11	-0.000205995	-0.000112534	0.000233651	-151.83
1790.7611	11.44	7.631967199999999e-11	-0.000239373	-0.000118256	0.000267984	-153.564
1794.0545	11.45	7.6386385e-11	-0.000322344	-0.000210763	0.000385286	-146.832
1797.351	11.46	7.6453098e-11	-0.000388147	-0.000207902	0.000440599	-151.734
1800.6617	11.47	7.6519811e-11	-0.000348093	-0.000182153	0.000388147	-152.064
1803.9703	11.48	7.6586524e-11	-0.000236512	-0.000112534	0.000259401	-154.35
1807.283	11.49	7.6653237e-11	-8.48775e-05	5.72208e-06	8.39238e-05	176.82
1810.5937	11.5	7.671994999999999e-11	-7.24797e-05	3.81473e-06	6.8665e-05	175.056
1813.9039	11.51	7.6786663e-11	-0.000170709	-6.38966e-05	0.000178338	-159.468
1817.1983	11.52	7.6853376e-11	-0.000272753	-0.000143052	0.000305178	-151.812
1820.5082	11.53	7.6920089e-11	-0.00038624	-0.000242234	0.000453951	-147.738
1823.7723	11.54	7.698680199999999e-11	-0.000495914	-0.000262262	0.000559811	-152.37
1827.0498	11.55	7.7053515e-11	-0.000503544	-0.000269892	0.000571255	-151.878
1830.3457	11.56	7.7120228e-11	-0.000508312	-0.000288012	0.000581745	-150.522
1833.6243	11.57	7.718694099999999e-11	-0.000528339	-0.000265123	0.000591282	-153.462
1836.9349	11.58	7.7253654e-11	-0.000434877	-0.000241281	0.000495914	-150.924
1840.2136	11.59	7.7320367e-11	-0.000258448	-0.000144006	0.000296595	-151.308
1843.5243	11.6	7.738708e-11	-5.53133e-05	0.0	5.53133e-05	177.954
1846.8349	11.61	7.745379299999999e-11	0.000112534	0.000103951	0.000153542	42.726
1850.1128	11.62	7.752050599999999e-11	0.000158311	8.20165e-05	0.000179292	27.228
1853.3922	11.63	7.7587219e-11	2.9564e-05	8.58313e-06	2.86103e-05	20.094
1856.6701	11.64	7.7653932e-11	-0.000182153	-0.000124932	0.000221253	-145.5
1859.9483	11.65	7.7720645e-11	-0.000366213	-0.000257494	0.000447275	-145.386
1863.2283	11.66	7.7787358e-11	-0.00044346	-0.000253679	0.000512127	-150.402
1866.523	11.67	7.7854071e-11	-0.000366213	-0.00020218	0.000416758	-151.062
1869.8017	11.68	7.792078399999999e-11	-0.000189782	-8.48775e-05	0.000205041	-155.508
1873.0795	11.69	7.798749699999999e-11	-4.7684e-06	2.57493e-05	2.57493e-05	94.188
1876.3748	11.7	7.805420999999999e-11	0.000152589	9.25069e-05	0.000179292	31.398
1879.6539	11.71	7.812092300000001e-11	0.00014782	8.10628e-05	0.000169755	28.164
1882.9324	11.72	7.8187636e-11	0.000127793	1.52589e-05	0.000131608	7.23
1886.2111	11.73	7.8254349e-11	-6.5804e-05	-7.24797e-05	9.72752e-05	-133.332
1889.5058	11.74	7.8321062e-11	-0.000185014	-0.00010109	0.000210763	-151.104
1892.7996	11.75	7.8387775e-11	-0.000207902	-9.91826e-05	0.000228883	-154.548
1896.0771	11.76	7.845448799999999e-11	-0.000131608	-7.72481e-05	0.000149728	-148.992
1899.3738	11.77	7.852120099999999e-11	-6.8665e-05	-6.38966e-05	9.34605e-05	-138.738
1902.6844	11.78	7.8587914e-11	-7.34334e-05	-4.7684e-06	7.43871e-05	-175.95
1905.9778	11.79	7.865462699999998e-11	-0.000102997	-4.86376e-05	0.000113488	-155.082
1909.2416	11.8	7.872134e-11	-0.000186921	-0.000118256	0.000221253	-148.086
1912.5363	11.81	7.8788053e-11	-0.000188828	-0.000143052	0.000237466	-143.292
1915.8148	11.82	7.8854766e-11	-0.00019455	-0.000121117	0.000229836	-148.416
1919.0935	11.83	7.892147899999999e-11	-0.00012684	-0.000133515	0.000185967	-133.698
1922.3722	11.84	7.8988192e-11	-8.48775e-05	-0.000102997	0.000134469	-131.028
1925.667	11.85	7.9054905e-11	-7.91554e-05	-7.62944e-05	0.000107766	-135.0
1928.9448	11.86	7.9121618e-11	-6.2943e-05	-6.2943e-05	8.77385e-05	-136.83
1932.2244	11.87	7.918833099999999e-11	-2.0981e-05	-3.43325e-05	3.81472e-05	-117.474
1935.5031	11.88	7.9255044e-11	7.1526e-05	6.96187e-05	9.82289e-05	45.0
1938.7799	11.89	7.9321757e-11	0.000130654	7.53407e-05	0.000149728	30.312
1942.0594	11.9	7.938846999999999e-11	8.58312e-05	3.24252e-05	9.25069e-05	20.268
1945.3383	11.91	7.9455183e-11	-6.67575e-06	-1.43052e-05	1.43052e-05	-111.804
1948.6178	11.92	7.9521896e-11	-8.20165e-05	-7.1526e-05	0.000107766	-139.284
1951.9116	11.93	7.9588609e-11	-0.000113488	-4.48229e-05	0.000121117	-156.924
1955.2072	11.94	7.965532199999999e-11	-5.6267e-05	-2.3842e-05	5.72207e-05	-158.82
1958.4849	11.95	7.972203499999999e-11	4.29156e-05	-2.86104e-06	4.29156e-05	-6.144
1961.7795	11.96	7.9788748e-11	7.82018e-05	3.05178e-05	8.20165e-05	20.772
1965.0748	11.97	7.9855461e-11	5.9128e-05	1.71663e-05	5.9128e-05	17.622
1968.3695	11.98	7.9922174e-11	-8.96459e-05	-4.29156e-05	9.82289e-05	-154.134
1971.6645	11.99	7.9988887e-11	-0.000188828	-8.20165e-05	0.000203134	-156.528
1974.9579	12.0	8.00556e-11	-0.00015545	-0.00010109	0.00018406	-146.826
1978.237	12.01	8.012231299999999e-11	-9.53679e-05	-7.53407e-05	0.00011921	-142.488
1981.5164	12.02	8.018902599999999e-11	8.58313e-06	1.23978e-05	1.52589e-05	59.034
1984.8111	12.03	8.025573899999999e-11	7.82018e-05	4.86376e-05	9.05995e-05	30.894
1988.0895	12.04	8.0322452e-11	6.8665e-05	3.81473e-06	6.77113e-05	3.966
1991.3845	12.05	8.0389165e-11	2.86104e-06	-2.9564e-05	2.86103e-05	-83.37
1994.6632	12.06	8.0455878e-11	-6.38966e-05	-7.24797e-05	9.44142e-05	-131.034
1997.9559	12.07	8.0522591e-11	-0.000130654	-5.81744e-05	0.000142098	-155.358
2001.2525	12.08	8.0589304e-11	-0.000197412	-8.67848e-05	0.000214578	-156.216
2004.5471	12.09	8.065601699999999e-11	-0.000160218	-0.000102044	0.000187875	-147.498
2007.8257	12.1	8.072272999999999e-11	-0.000157357	-6.2943e-05	0.000167848	-157.818
2011.1199	12.11	8.0789443e-11	-0.000113488	-6.48503e-05	0.000129701	-150.144
2014.3983	12.12	8.0856156e-11	-7.1526e-05	-3.33788e-05	7.72481e-05	-156.09
2017.6773	12.13	8.0922869e-11	-2.00273e-05	-1.71663e-05	2.76567e-05	-144.462
2020.9565	12.14	8.0989582e-11	1.62126e-05	1.33515e-05	2.19346e-05	40.236
2024.25	12.15	8.1056295e-11	1.52589e-05	7.62945e-06	1.71663e-05	30.582
2027.5459	12.16	8.112300799999999e-11	4.95913e-05	-9.5368e-06	4.86376e-05	-10.236
2030.8394	12.17	8.1189721e-11	2.6703e-05	9.5368e-06	2.6703e-05	18.888
2034.1335	12.18	8.1256434e-11	-2.00273e-05	-2.47956e-05	3.14715e-05	-129.21
2037.397	12.19	8.1323147e-11	-7.34334e-05	-5.24523e-05	8.96459e-05	-143.814
2040.6922	12.2	8.138985999999999e-11	-0.000112534	-7.05724e-05	0.000132562	-147.75
2043.9869	12.21	8.1456573e-11	-0.000130654	-6.00817e-05	0.000144006	-154.728
2047.2815	12.22	8.1523286e-11	-0.000102997	-6.67575e-06	0.00010109	-176.61
2050.5762	12.23	8.158999899999999e-11	-4.7684e-06	1.90736e-06	3.81473e-06	143.13
2053.8548	12.24	8.1656712e-11	-1.71663e-05	2.47956e-05	2.9564e-05	124.044
2057.1482	12.25	8.1723425e-11	2.86104e-06	7.62945e-06	8.58313e-06	65.226
2060.4264	12.26	8.1790138e-11	-3.24252e-05	-3.24252e-05	4.57766e-05	-135.588
2063.7067	12.27	8.185685099999999e-11	-0.000113488	-2.6703e-05	0.000114441	-166.854
2066.9855	12.28	8.192356399999999e-11	-0.000109673	-8.67848e-05	0.000140191	-143.454
2070.2633	12.29	8.199027699999999e-11	-0.000135423	-6.2943e-05	0.000149728	-154.572
2073.5428	12.3	8.205699e-11	-8.86922e-05	-4.48229e-05	0.000100136	-153.096
2076.8374	12.31	8.2123703e-11	-3.81472e-05	7.62945e-06	3.81472e-05	166.428
2080.1321	12.32	8.2190416e-11	-2.86103e-05	2.28883e-05	3.71935e-05	137.172
2083.4095	12.33	8.2257129e-11	2.9564e-05	8.58313e-06	3.05178e-05	18.432
2086.7049	12.34	8.2323842e-11	1.90736e-05	-3.71935e-05	4.19619e-05	-63.438
2089.9831	12.35	8.239055499999999e-11	-6.2943e-05	-5.6267e-05	8.29701e-05	-136.638
2093.2617	12.36	8.245726799999999e-11	-9.63216e-05	-5.6267e-05	0.00011158	-150.084
2096.5573	12.37	8.2523981e-11	-0.000166894	-0.000113488	0.000199319	-145.884
2099.8359	12.38	8.2590694e-11	-0.000224114	-0.000154496	0.000271799	-145.764
2103.1297	12.39	8.2657407e-11	-0.000205995	-0.000124932	0.000239373	-148.602
2106.4245	12.4	8.272412e-11	-8.86922e-05	-0.000102044	0.000132562	-129.288
2109.7039	12.41	8.2790833e-11	-2.6703e-05	-5.6267e-05	6.10356e-05	-115.464
2112.9816	12.42	8.285754599999999e-11	-1.62126e-05	-5.9128e-05	5.9128e-05	-105.138
2116.2611	12.43	8.292425899999999e-11	2.9564e-05	1.52589e-05	3.43325e-05	25.602
2119.5558	12.44	8.2990972e-11	5.0545e-05	-4.7684e-06	5.0545e-05	-5.262
2122.8345	12.45	8.3057685e-11	0.000134469	4.38693e-05	0.000142098	18.264
2126.0971	12.46	8.3124398e-11	0.000183106	9.15532e-05	0.000204087	26.316
2129.3917	12.47	8.3191111e-11	0.000270845	0.000109673	0.000293734	22.284
2132.6696	12.48	8.3257824e-11	0.000233651	0.000138284	0.000272753	30.318
2135.9651	12.49	8.332453699999999e-11	0.000209809	7.91554e-05	0.000225068	20.676
2139.2595	12.5	8.339125e-11	0.000113488	5.53133e-05	0.000127793	25.77
2142.5379	12.51	8.3457963e-11	9.72752e-05	5.9128e-05	0.000114441	31.938
2145.8171	12.52	8.3524676e-11	0.000163079	8.01091e-05	0.000179292	26.472
2149.1116	12.53	8.359138899999999e-11	0.000225068	0.000134469	0.000263216	30.318
2152.3895	12.54	8.365810199999999e-11	0.000282289	0.000156404	0.00032139	28.962
2155.6848	12.55	8.3724815e-11	0.000296595	0.000116349	0.000319483	21.378
2158.9637	12.56	8.3791528e-11	0.000241281	0.000136376	0.000273706	29.694
2162.2263	12.57	8.3858241e-11	0.000247004	0.000118256	0.000273706	25.818
2165.5201	12.58	8.3924954e-11	0.000269892	0.000151635	0.0003109	29.472
2168.7983	12.59	8.3991667e-11	0.000327112	0.000125886	0.000349047	21.132
2172.0783	12.6	8.405837999999999e-11	0.00036812	0.000170709	0.000408174	24.81
2175.3729	12.61	8.412509299999999e-11	0.000283243	0.000152589	0.000320436	28.218
2178.6663	12.62	8.419180599999999e-11	0.000125886	7.05724e-05	0.000144959	28.674
2181.9463	12.63	8.4258519e-11	-4.95913e-05	-2.00273e-05	5.43597e-05	-160.908
2185.2249	12.64	8.4325232e-11	-0.000191689	-9.05995e-05	0.000209809	-154.818
2188.5183	12.65	8.4391945e-11	-0.000217439	-0.000116349	0.000245096	-151.488
2191.8143	12.66	8.4458658e-11	-0.000286104	-0.00011158	0.000305178	-158.592
2195.0922	12.67	8.4525371e-11	-0.000376703	-0.000197412	0.00042248	-152.058
2198.3716	12.68	8.459208399999999e-11	-0.000387194	-0.000225068	0.000445368	-149.832
2201.6662	12.69	8.465879699999999e-11	-0.000541691	-0.000296595	0.000617031	-151.17
2204.9438	12.7	8.472551e-11	-0.000582699	-0.000361444	0.000683788	-148.26
2208.2235	12.71	8.4792223e-11	-0.000630382	-0.000363352	0.000726704	-150.006
2211.5167	12.72	8.4858936e-11	-0.000555996	-0.000275614	0.000619892	-153.654
2214.7789	12.73	8.4925649e-11	-0.000384333	-0.000156404	0.000415804	-158.028
2218.0583	12.74	8.4992362e-11	-0.000209809	-7.62944e-05	0.0002203	-160.416
2221.3377	12.75	8.505907499999999e-11	-2.47956e-05	3.62399e-05	4.19619e-05	122.196
2224.6326	12.76	8.512578799999999e-11	7.05724e-05	0.000117302	0.000136376	58.938
2227.9275	12.77	8.5192501e-11	0.000287058	0.000208856	0.000355722	36.12
2231.222	12.78	8.5259214e-11	0.000389101	0.000229836	0.000452997	30.258
2234.4997	12.79	8.532592699999999e-11	0.000431063	0.000187875	0.00046921	23.688
2237.7955	12.8	8.539264e-11	0.000349047	0.000105858	0.000365259	17.082
2241.0896	12.81	8.5459353e-11	0.00016594	1.14442e-05	0.000167848	4.782
2244.3848	12.82	8.552606599999999e-11	3.81473e-06	-0.00011158	0.000110627	-87.6
2247.6636	12.83	8.5592779e-11	-9.82289e-05	-0.000148774	0.000176431	-123.09
2250.9581	12.84	8.5659492e-11	-7.53407e-05	-6.48503e-05	9.82289e-05	-138.558
2254.2196	12.85	8.5726205e-11	6.19893e-05	5.14986e-05	8.01091e-05	40.602
2257.5155	12.86	8.579291799999999e-11	0.000196458	0.00011158	0.000225068	29.514
2260.8082	12.87	8.585963099999999e-11	0.000252726	0.000149728	0.000296595	30.588
2264.1046	12.88	8.5926344e-11	0.000227929	0.000139237	0.000267031	31.626
2267.4144	12.89	8.5993057e-11	0.000152589	9.63216e-05	0.000182153	32.31
2270.7255	12.9	8.605977e-11	0.000107766	1.71663e-05	0.000104905	10.44
2274.0354	12.91	8.6126483e-11	-1.14442e-05	2.86103e-05	3.05178e-05	108.822
2277.3311	12.92	8.6193196e-11	-2.47956e-05	-1.33515e-05	2.76567e-05	-150.42
2280.6405	12.93	8.625990899999999e-11	-6.8665e-05	-6.19893e-05	9.05995e-05	-137.952
2283.9514	12.94	8.632662199999999e-11	-0.000141145	-9.34605e-05	0.000167848	-146.376
2287.231	12.95	8.639333499999999e-11	-0.000115395	-9.53679e-05	0.00014782	-140.46
2290.4936	12.96	8.6460048e-11	-4.48229e-05	-3.71935e-05	5.53133e-05	-138.486
2293.7723	12.97	8.6526761e-11	8.48775e-05	-7.62945e-06	8.58312e-05	-4.398
2297.067	12.98	8.6593474e-11	0.000179292	0.000109673	0.000209809	31.212
2300.6335	12.99	8.6660187e-11	0.00023842	9.25069e-05	0.00025654	21.636
2303.9122	13.0	8.67269e-11	0.000209809	7.82018e-05	0.000223161	20.718
2307.2059	13.01	8.679361299999999e-11	0.000105858	2.47956e-05	0.000110627	12.714
2310.4855	13.02	8.686032599999999e-11	4.38693e-05	4.7684e-06	4.38693e-05	6.708
2313.7642	13.03	8.6927039e-11	-3.43325e-05	-6.48503e-05	7.24797e-05	-117.732
2317.0578	13.04	8.6993752e-11	-4.86376e-05	-5.9128e-05	7.43871e-05	-128.184
2320.3375	13.05	8.7060465e-11	-3.43325e-05	-1.23978e-05	3.43325e-05	-160.866
2323.6321	13.06	8.7127178e-11	1.81199e-05	-6.8665e-05	7.05724e-05	-73.608
2326.9266	13.07	8.7193891e-11	-4.95913e-05	5.72208e-06	4.86376e-05	174.594
2330.1882	13.08	8.726060399999999e-11	-4.29156e-05	-4.7684e-06	4.38693e-05	-174.126
2333.4682	13.09	8.732731699999999e-11	-2.19346e-05	-5.53133e-05	5.72207e-05	-111.426
2336.746	13.1	8.739403e-11	-6.19893e-05	-6.2943e-05	8.77385e-05	-134.382
2340.0415	13.11	8.7460743e-11	-0.00011158	-7.34334e-05	0.000132562	-147.264
2343.336	13.12	8.752745599999999e-11	-6.8665e-05	-5.81744e-05	9.05995e-05	-140.298
2346.6139	13.13	8.7594169e-11	-3.71935e-05	-2.28883e-05	4.38693e-05	-148.452
2349.8759	13.14	8.7660882e-11	0.0	4.95913e-05	4.95913e-05	92.292
2353.1563	13.15	8.772759499999999e-11	7.43871e-05	5.72207e-05	9.53679e-05	36.0
2356.4348	13.16	8.7794308e-11	4.38693e-05	5.24523e-05	6.77113e-05	50.988
2359.7283	13.17	8.7861021e-11	-5.24523e-05	-1.81199e-05	5.53133e-05	-162.648
2363.008	13.18	8.7927734e-11	-0.000195504	-0.000109673	0.0002203	-150.726
2366.2868	13.19	8.799444699999999e-11	-0.000290873	-0.000200273	0.000351908	-145.23
2369.5806	13.2	8.806115999999999e-11	-0.000340464	-0.000192643	0.000389101	-150.402
2372.8592	13.21	8.8127873e-11	-0.000293734	-0.000148774	0.000329973	-153.282
2376.1546	13.22	8.8194586e-11	-0.000182153	-6.2943e-05	0.000191689	-160.494
2379.4482	13.23	8.8261299e-11	-4.7684e-06	-1.14442e-05	1.04905e-05	-120.966
2382.7422	13.24	8.8328012e-11	6.5804e-05	2.9564e-05	7.43871e-05	24.318
2386.0546	13.25	8.8394725e-11	0.000131608	5.72207e-05	0.000146867	22.464
2389.3483	13.26	8.8461438e-11	0.000105858	5.9128e-05	0.000121117	29.67
2392.628	13.27	8.852815099999999e-11	9.15532e-05	2.47956e-05	9.63216e-05	15.462
2395.9065	13.28	8.859486399999999e-11	3.14715e-05	-2.86104e-06	3.05178e-05	-3.654
2399.1837	13.29	8.866157699999999e-11	-3.81473e-06	-3.91009e-05	3.91009e-05	-92.91
2402.464	13.3	8.872829e-11	-5.14986e-05	-4.57766e-05	6.67577e-05	-139.458
2405.7427	13.31	8.8795003e-11	-4.29156e-05	-1.14442e-05	4.38693e-05	-165.966
2409.0211	13.32	8.8861716e-11	-2.19346e-05	1.04905e-05	2.0981e-05	145.302
2412.2996	13.33	8.8928429e-11	-2.3842e-05	2.0981e-05	3.33788e-05	140.478
2415.594	13.34	8.899514199999999e-11	-0.00010109	-3.62399e-05	0.000103951	-160.746
2418.8882	13.35	8.906185499999999e-11	-0.000168801	-0.000144006	0.000223161	-140.064
2422.152	13.36	8.9128568e-11	-0.000263216	-0.000166894	0.000308039	-147.48
2425.4295	13.37	8.9195281e-11	-0.000314714	-0.000163079	0.000352861	-152.706
2428.7253	13.38	8.9261994e-11	-0.000179292	-0.000135423	0.000223161	-142.788
2432.0196	13.39	8.9328707e-11	-1.81199e-05	2.6703e-05	3.05178e-05	119.43
2435.3142	13.4	8.939542e-11	0.000123025	6.10356e-05	0.000138284	26.808
2438.6081	13.41	8.946213299999999e-11	0.000182153	0.00011921	0.000219346	33.306
2441.8872	13.42	8.952884599999999e-11	0.000116349	7.82018e-05	0.000140191	34.59
2445.1657	13.43	8.9595559e-11	-4.29156e-05	-3.81473e-06	4.29156e-05	-175.602
2448.4605	13.44	8.9662272e-11	-0.000168801	-8.48775e-05	0.000187875	-153.342
2451.7395	13.45	8.972898499999999e-11	-0.000270845	-0.000177384	0.000324251	-146.736
2455.0329	13.46	8.9795698e-11	-0.000325205	-0.00020218	0.000379564	-147.984
2458.3445	13.47	8.9862411e-11	-0.000301363	-0.000182153	0.000351908	-149.22
2461.6237	13.48	8.992912399999999e-11	-0.000267984	-0.000127793	0.000293734	-154.362
2464.9348	13.49	8.9995837e-11	-0.000115395	-8.20165e-05	0.000141145	-144.744
2468.2128	13.5	9.006255e-11	7.24797e-05	1.04905e-05	7.43871e-05	8.628
2471.4761	13.51	9.0129263e-11	0.000228883	0.000114441	0.000254633	26.7
2474.7548	13.52	9.019597599999999e-11	0.000273706	0.000134469	0.000305178	25.95
2478.0334	13.53	9.026268899999999e-11	0.00020218	9.91826e-05	0.000225068	25.956
2481.311	13.54	9.032940199999999e-11	4.57766e-05	9.53682e-07	4.57766e-05	1.638
2484.5896	13.55	9.0396115e-11	-6.77113e-05	-4.10082e-05	7.91554e-05	-149.118
2487.8853	13.56	9.0462828e-11	-0.000210763	-4.29156e-05	0.00021267	-168.762
2491.1639	13.57	9.0529541e-11	-0.000134469	-6.5804e-05	0.000148774	-154.23
2494.4425	13.58	9.0596254e-11	-0.000113488	-5.3406e-05	0.000123979	-155.226
2497.7213	13.59	9.0662967e-11	-9.63216e-05	-5.81744e-05	0.000109673	-147.846
2500.9996	13.6	9.072967999999999e-11	-0.000140191	-0.000127793	0.000187875	-137.574
2504.2947	13.61	9.079639299999999e-11	-0.000229836	-0.000160218	0.000277521	-144.972
2507.5731	13.62	9.086310599999999e-11	-0.00026417	-0.000180245	0.000318529	-145.908
2510.8512	13.63	9.0929819e-11	-0.00020218	-0.00010109	0.000223161	-152.904
2514.1296	13.64	9.0996532e-11	-6.48503e-05	-3.91009e-05	7.43871e-05	-148.86
2517.4083	13.65	9.1063245e-11	6.67575e-06	2.0981e-05	2.0981e-05	73.812
2520.7039	13.66	9.1129958e-11	6.19893e-05	4.86376e-05	7.82018e-05	38.046
2523.9828	13.67	9.119667099999999e-11	1.62126e-05	-3.05178e-05	3.24252e-05	-61.296
2527.2775	13.68	9.126338399999999e-11	-3.81472e-05	-3.33788e-05	5.14986e-05	-140.562
2530.5722	13.69	9.1330097e-11	-0.000107766	-6.19893e-05	0.000123979	-150.978
2533.8495	13.7	9.139681e-11	-0.000162126	-6.00817e-05	0.000171662	-159.108
2537.1445	13.71	9.1463523e-11	-0.000148774	-0.000112534	0.000185014	-142.47
2540.4078	13.72	9.1530236e-11	-0.000167848	-0.000117302	0.000204087	-145.026
2543.7028	13.73	9.1596949e-11	-0.000248911	-0.000170709	0.000304224	-145.926
2546.9965	13.74	9.166366199999999e-11	-0.000363352	-0.000231744	0.000431063	-147.78
2550.276	13.75	9.173037499999999e-11	-0.000366213	-0.000192643	0.000411989	-152.232
2553.5696	13.76	9.1797088e-11	-0.000228883	-0.000106812	0.000251772	-155.328
2556.8652	13.77	9.1863801e-11	-9.63216e-05	-5.14986e-05	0.000108719	-152.196
2560.1595	13.78	9.193051399999999e-11	5.9128e-05	3.91009e-05	7.05724e-05	33.84
2563.4382	13.79	9.199722699999999e-11	5.24523e-05	5.81744e-05	7.82018e-05	47.43
2566.7172	13.8	9.206394e-11	0.0	-3.14715e-05	3.05178e-05	-86.346
2570.0118	13.81	9.2130653e-11	-0.000102997	-7.53407e-05	0.00012684	-144.636
2573.3064	13.82	9.2197366e-11	-0.000224114	-9.63216e-05	0.000243188	-157.584
2576.5851	13.83	9.2264079e-11	-0.000272753	-0.000105858	0.000289919	-159.18
2579.8638	13.84	9.2330792e-11	-0.00026417	-8.48775e-05	0.000278475	-162.216
2583.157	13.85	9.239750499999999e-11	-0.000228883	-7.53407e-05	0.000241281	-161.814
2586.4529	13.86	9.246421799999999e-11	-0.000187875	-7.24797e-05	0.000197412	-158.922
2589.7315	13.87	9.253093099999999e-11	-0.000218392	-0.000102997	0.000240327	-155.292
2593.026	13.88	9.2597644e-11	-0.000260355	-0.00014782	0.000297548	-150.222
2596.3049	13.89	9.2664357e-11	-0.00027466	-0.000146867	0.000309946	-151.836
2599.5836	13.9	9.273107e-11	-0.000317575	-0.00015545	0.000351908	-154.212
2602.8782	13.91	9.2797783e-11	-0.000304224	-9.44142e-05	0.000319483	-162.732
2606.157	13.92	9.2864496e-11	-0.00025654	-8.20165e-05	0.000269892	-162.816
2609.4339	13.93	9.293120899999999e-11	-0.000128747	-7.82018e-05	0.000149728	-148.992
2612.7143	13.94	9.299792199999999e-11	-5.3406e-05	-1.81199e-05	5.53133e-05	-159.606
2615.993	13.95	9.306463499999999e-11	1.33515e-05	5.72208e-06	1.52589e-05	21.372
2619.2704	13.96	9.3131348e-11	-2.86104e-06	-1.43052e-05	1.52589e-05	-102.264
2622.5664	13.97	9.3198061e-11	-1.71663e-05	1.52589e-05	2.3842e-05	141.582
2625.8451	13.98	9.3264774e-11	1.90736e-06	-3.33788e-05	3.24252e-05	-87.666
2629.1237	13.99	9.3331487e-11	4.57766e-05	2.3842e-05	5.0545e-05	28.548
2632.418	14.0	9.339819999999999e-11	0.000236512	9.53679e-05	0.00025654	22.242
2635.7132	14.01	9.346491299999999e-11	0.000478746	0.000234605	0.000533108	25.956
2638.9918	14.02	9.3531626e-11	0.000800136	0.000392916	0.000891689	26.166
2642.285	14.03	9.3598339e-11	0.00121785	0.000612263	0.00136185	26.826
2645.5483	14.04	9.366505199999999e-11	0.00151253	0.000778202	0.00170041	27.21
2648.8273	14.05	9.3731765e-11	0.0016594	0.000827793	0.0018549	26.454
2652.1059	14.06	9.3798478e-11	0.00180436	0.000883106	0.00200845	26.04
2655.3852	14.07	9.386519099999999e-11	0.00163365	0.0008297	0.00183392	26.964
2658.648	14.08	9.393190399999999e-11	0.00133038	0.000623707	0.00146962	25.194
2661.9416	14.09	9.3998617e-11	0.00100899	0.000465395	0.00111104	24.69
2665.2205	14.1	9.406533e-11	0.000646595	0.000331881	0.000727657	27.246
2668.4996	14.11	9.413204299999999e-11	0.00025654	0.000102044	0.000275614	21.774
2671.7941	14.12	9.419875599999999e-11	-0.000105858	-9.53679e-05	0.000141145	-137.67
2675.0884	14.13	9.4265469e-11	-0.000453951	-0.000279428	0.0005312	-148.122
2678.3837	14.14	9.4332182e-11	-0.000785831	-0.000442507	0.000901226	-150.63
2681.6773	14.15	9.4398895e-11	-0.000947002	-0.000499729	0.00106908	-152.19
2684.9572	14.16	9.4465608e-11	-0.000961307	-0.000534061	0.00110245	-151.056
2688.2518	14.17	9.4532321e-11	-0.000760082	-0.000411035	0.000861172	-151.392
2691.5465	14.18	9.459903399999999e-11	-0.000376703	-0.00021267	0.00043297	-150.516
2694.824	14.19	9.466574699999999e-11	3.71935e-05	-4.86376e-05	6.00817e-05	-53.004
2698.1038	14.2	9.473245999999999e-11	0.00028515	7.82018e-05	0.000296595	15.06
2701.3983	14.21	9.4799173e-11	0.000410082	0.000153542	0.000439646	20.658
2704.6931	14.22	9.4865886e-11	0.000365259	0.000142098	0.000391962	21.696
2707.9707	14.23	9.4932599e-11	0.000142098	3.24252e-05	0.000144006	13.392
2711.2665	14.24	9.4999312e-11	-9.63216e-05	-4.86376e-05	0.000107766	-153.594
2714.5444	14.25	9.5066025e-11	-0.000243188	-9.25069e-05	0.000260355	-159.444
2717.8395	14.26	9.513273799999999e-11	-0.000259401	-0.000133515	0.000289919	-152.73
2721.1183	14.27	9.519945099999999e-11	-0.000288012	-0.00011158	0.000307085	-159.168
2724.3811	14.28	9.526616399999999e-11	-0.000188828	-0.000128747	0.000226975	-146.028
2727.6758	14.29	9.5332877e-11	-0.00012684	-8.58312e-05	0.000152589	-146.172
2730.9696	14.3	9.539959e-11	-5.24523e-05	-2.9564e-05	5.9128e-05	-151.698
2734.2651	14.31	9.5466303e-11	1.90736e-06	-7.82018e-05	7.72481e-05	-89.502
2737.5437	14.32	9.5533016e-11	-1.04905e-05	-2.6703e-05	2.76567e-05	-107.592
2740.8222	14.33	9.559972899999999e-11	-3.52862e-05	-9.5368e-06	3.52862e-05	-168.486
2744.1159	14.34	9.566644199999999e-11	-6.67575e-06	-9.5368e-06	1.04905e-05	-123.69
2747.3783	14.35	9.5733155e-11	2.9564e-05	0.0	2.9564e-05	3.816
2750.6579	14.36	9.5799868e-11	6.48503e-05	5.6267e-05	8.58312e-05	39.978
2753.9199	14.37	9.586658099999999e-11	0.00017357	8.96459e-05	0.00019455	27.174
2757.2155	14.38	9.5933294e-11	0.000156404	0.000103951	0.00018406	33.918
2760.4929	14.39	9.6000007e-11	0.000132562	7.05724e-05	0.000152589	28.434
2763.7726	14.4	9.606671999999999e-11	7.43871e-05	2.9564e-05	8.01091e-05	21.714
2767.0345	14.41	9.613343299999999e-11	3.52862e-05	-1.62126e-05	4.00546e-05	-21.972
2770.313	14.42	9.6200146e-11	2.28883e-05	5.72208e-06	2.3842e-05	13.668
2773.6082	14.43	9.6266859e-11	6.5804e-05	4.67303e-05	7.91554e-05	37.452
2776.8875	14.44	9.633357199999999e-11	8.01091e-05	5.24523e-05	9.44142e-05	35.256
2780.1821	14.45	9.640028499999999e-11	3.52862e-05	3.14715e-05	4.57766e-05	45.0
2783.4596	14.46	9.6466998e-11	-4.7684e-06	1.52589e-05	1.52589e-05	109.176
2786.7554	14.47	9.6533711e-11	-0.000102044	-4.7684e-06	9.82289e-05	-176.496
2790.0492	14.48	9.6600424e-11	-0.000122071	-6.00817e-05	0.000134469	-154.83
2793.3283	14.49	9.6667137e-11	-0.000120163	-6.67575e-06	0.00011921	-177.12
2796.6225	14.5	9.673385e-11	-8.67848e-05	5.72208e-06	8.77385e-05	174.882
2799.8861	14.51	9.6800563e-11	-3.81472e-05	-2.86104e-06	3.71935e-05	180.0
2803.1796	14.52	9.686727599999999e-11	-3.05178e-05	-4.57766e-05	5.24523e-05	-122.244
2806.4744	14.53	9.693398899999999e-11	-9.82289e-05	-8.29701e-05	0.000125886	-139.494
2809.7852	14.54	9.700070199999999e-11	-0.000127793	-8.01091e-05	0.00014782	-147.528
2813.0967	14.55	9.7067415e-11	-0.000168801	-9.44142e-05	0.000192643	-150.948
2816.3751	14.56	9.7134128e-11	-6.19893e-05	-5.9128e-05	8.39238e-05	-135.0
2819.6532	14.57	9.7200841e-11	0.0	1.90736e-06	9.53682e-07	135.0
2822.9325	14.58	9.7267554e-11	4.48229e-05	2.19346e-05	5.14986e-05	25.908
2826.2434	14.59	9.733426699999999e-11	-2.86104e-06	-2.19346e-05	2.19346e-05	-98.13
2829.5215	14.6	9.740097999999999e-11	-9.25069e-05	-5.81744e-05	0.000107766	-148.296
2832.7995	14.61	9.746769299999999e-11	-0.00018406	-9.53679e-05	0.000203134	-152.508
2836.0948	14.62	9.7534406e-11	-0.000237466	-9.91826e-05	0.000257494	-157.926
2839.3739	14.63	9.7601119e-11	-0.000191689	-6.67577e-05	0.000201226	-160.536
2842.668	14.64	9.7667832e-11	-0.000122071	-3.52862e-05	0.000127793	-163.608
2845.9462	14.65	9.7734545e-11	2.86103e-05	6.67575e-06	2.76567e-05	15.75
2849.2257	14.66	9.780125799999999e-11	3.43325e-05	7.43871e-05	8.10628e-05	65.094
2852.5046	14.67	9.786797099999999e-11	6.96187e-05	4.19619e-05	8.10628e-05	31.362
2855.7983	14.68	9.7934684e-11	3.05178e-05	3.91009e-05	4.95913e-05	50.49
2859.0769	14.69	9.8001397e-11	1.33515e-05	-1.43052e-05	1.81199e-05	-49.638
2862.3559	14.7	9.806810999999999e-11	-4.29156e-05	-1.14442e-05	4.38693e-05	-165.126
2865.6352	14.71	9.8134823e-11	-5.3406e-05	-3.52862e-05	6.48503e-05	-147.75
2868.9296	14.72	9.8201536e-11	-0.00011158	-4.86376e-05	0.000120163	-156.84
2872.2245	14.73	9.8268249e-11	-9.15532e-05	-8.77385e-05	0.00012684	-135.426
2875.5182	14.74	9.833496199999999e-11	-6.5804e-05	-5.0545e-05	8.20165e-05	-141.918
2878.7978	14.75	9.8401675e-11	-7.72481e-05	-7.91554e-05	0.000109673	-134.508
2882.0925	14.76	9.8468388e-11	-6.67577e-05	-5.3406e-05	8.58312e-05	-140.196
2885.3871	14.77	9.853510099999999e-11	-5.14986e-05	-5.81744e-05	7.53407e-05	-131.046
2888.666	14.78	9.860181399999999e-11	-0.000108719	-4.67303e-05	0.000118256	-157.482
2891.9438	14.79	9.866852699999999e-11	-7.34334e-05	-8.20165e-05	0.000109673	-131.574
2895.2233	14.8	9.873524e-11	-6.00817e-05	-5.3406e-05	7.91554e-05	-139.086
2898.5178	14.81	9.8801953e-11	-1.81199e-05	-1.81199e-05	2.3842e-05	-132.882
2901.8125	14.82	9.8868666e-11	-4.7684e-06	-3.05178e-05	3.05178e-05	-104.034
2905.1071	14.83	9.8935379e-11	4.7684e-06	-1.52589e-05	1.52589e-05	-71.568
2908.3856	14.84	9.9002092e-11	-3.62399e-05	-5.3406e-05	6.38966e-05	-123.024
2911.6645	14.85	9.906880499999999e-11	-8.29701e-05	-9.72752e-05	0.000127793	-130.992
2914.958	14.86	9.913551799999999e-11	-0.000177384	-0.000117302	0.000209809	-147.066
2918.2367	14.87	9.920223099999999e-11	-0.000151635	-0.00011158	0.000185967	-143.91
2921.5318	14.88	9.9268944e-11	-0.00010109	-5.81744e-05	0.000114441	-150.174
2924.8266	14.89	9.9335657e-11	-1.71663e-05	5.72208e-06	1.71663e-05	155.376
2928.1208	14.9	9.940237e-11	8.48775e-05	6.38966e-05	0.000105858	38.94
2931.4317	14.91	9.9469083e-11	0.000152589	8.86922e-05	0.000176431	30.816
2934.7103	14.92	9.953579599999999e-11	0.00011921	2.19346e-05	0.000121117	10.446
2938.0062	14.93	9.960250899999999e-11	6.8665e-05	2.3842e-05	7.24797e-05	18.768
2941.2998	14.94	9.9669222e-11	-4.29156e-05	-4.95913e-05	6.48503e-05	-131.682
2944.5956	14.95	9.9735935e-11	-0.000112534	-6.96187e-05	0.000132562	-148.056
2947.8895	14.96	9.9802648e-11	-9.34605e-05	-6.77113e-05	0.000115395	-145.116
2951.1682	14.97	9.9869361e-11	-6.8665e-05	-3.62399e-05	7.72481e-05	-150.804
2954.4474	14.98	9.9936074e-11	-7.62944e-05	-2.86103e-05	8.29701e-05	-159.978
2957.7261	14.99	1.0000278699999999e-10	-9.34605e-05	-6.67577e-05	0.000112534	-144.504
2961.0049	15.0	1.0006949999999999e-10	-0.000102044	-5.14986e-05	0.000113488	-153.588