X 	 Y 	 R 	 theta 

-0.000268342	-6.54464e-05	0.000257971	-169.212
-0.000327947	-3.60014e-05	0.00032437	-176.67
-0.000257136	-4.8876e-05	0.000252487	-171.804
-0.000327351	-3.09946e-06	0.00032294	-175.962
-0.000322225	1.78815e-06	0.000288846	-175.056
-0.000277402	-9.73945e-05	0.000316503	-166.938
-0.000304224	-3.87433e-05	0.000306489	-175.464
-0.000307323	-2.18154e-05	0.000341417	-176.64
-0.000337364	-7.2718e-06	0.000304105	-166.02
-0.00029433	-2.37228e-05	0.000266792	-172.236
-0.000289442	1.52589e-05	0.000259163	-172.65
-0.000304105	-5.37636e-05	0.000237823	-166.77
-0.000257136	-6.44927e-05	0.000293495	-163.038
-0.000281932	-3.96969e-05	0.000320556	-177.738
-0.000290992	-0.00010407	0.00031531	-164.208
-0.000261905	-5.14986e-05	0.000340464	-170.91
-0.000308992	-6.34198e-05	0.000301244	-169.482
-0.000302913	-2.52725e-05	0.000337245	-174.96
-0.00038016	-6.03201e-05	0.000359299	-177.222
-0.000272395	-8.78577e-05	0.00031543	-162.822
-0.000318529	-0.000130177	0.000311496	-163.884
-0.00038767	-5.30484e-05	0.000386478	-167.226
-0.00031233	-3.95777e-05	0.000301482	-175.746
-0.000311138	1.31131e-06	0.000330092	-174.294
-0.000330688	-6.19893e-05	0.000331284	-164.58
-0.000331523	-2.76567e-05	0.000351431	-171.102
-0.000326397	-4.828e-05	0.000342729	178.704
-0.000356795	-4.76839e-05	0.000339391	-172.014
-0.000328066	-4.86376e-05	0.000339868	-174.45
-0.000325086	-4.99489e-05	0.00031233	-178.5
-0.000388505	-2.51533e-05	0.000339748	-176.826
-0.000357749	1.15634e-05	0.000335218	178.374
-0.0003531	7.15259e-07	0.00034547	173.874
-0.000377895	-7.22413e-05	0.000383021	-169.536
-0.000380041	-6.17509e-05	0.000346901	-173.148
-0.000370027	-7.51021e-06	0.0003711	177.366
-0.000381233	6.43733e-06	0.000406744	-174.078
-0.000384333	-0.000102759	0.000373723	-169.038
-0.000334622	3.09946e-05	0.000368001	175.536
-0.000358464	-4.57766e-05	0.000355961	-166.782
-0.000310184	-8.07052e-05	0.000332	-177.054
-0.000394585	-9.72752e-05	0.000415923	-170.82
-0.000287535	-5.25715e-05	0.000335457	-168.546
-0.000344159	-1.21594e-05	0.000344278	-176.832
-0.000416281	-2.84911e-05	0.000404598	-175.278
-0.000321032	-8.77385e-05	0.000338556	-169.362
-0.000358822	-5.25715e-05	0.000337126	-166.854
-0.000353219	-7.48639e-05	0.000349643	-167.718
-0.000397207	-7.96323e-05	0.000430943	-165.918
-0.000402095	-4.67303e-05	0.000445487	-178.242
-0.000380518	-4.94721e-05	0.000394227	-170.88
-0.000325562	-5.35252e-05	0.000291707	-176.07
-0.000404717	-5.26907e-05	0.000373842	-173.772
-0.000403525	-5.5671e-05	0.00037873	-166.284
-0.000348689	-7.06916e-05	0.000376584	-165.78
-0.000389578	-3.76704e-05	0.000394465	-178.626
-0.00035012	-2.68222e-05	0.000350358	-175.59
-0.000374081	-1.68086e-05	0.000406863	-173.064
-0.000396254	-5.75783e-05	0.000395896	-175.782
-0.000429155	-5.60286e-05	0.000430228	-175.17
-0.000386717	1.54973e-06	0.000379683	-176.574
-0.000391128	-4.86376e-05	0.000419738	-169.368
-0.00040734	-7.62944e-05	0.000460865	-177.384
-0.000351669	-0.000107885	0.00040579	-164.124
-0.000393869	-7.74865e-05	0.000339152	-169.218
-0.000420572	-5.55518e-05	0.000383498	-174.618
-0.000331404	-0.000107766	0.000367286	-167.49
-0.000418784	-7.73673e-05	0.000442626	-168.9
-0.000305058	-3.88625e-05	0.00031233	-166.794
-0.000373842	-1.21594e-05	0.000383975	-176.526
-0.000358583	-9.34605e-05	0.000351312	-160.986
-0.000385763	-7.91554e-05	0.000372412	-165.03
-0.000417354	-1.71663e-05	0.000424745	-175.884
-0.000292422	-5.82936e-05	0.000281693	-179.232
-0.00027621	-3.93393e-05	0.000337603	-166.194
-0.000236393	-3.52862e-05	0.000223757	-163.056
-0.000308039	-7.76057e-05	0.000324728	-162.474
-0.000268938	-8.92882e-05	0.000225426	-167.892
-0.00025952	-0.000110269	0.000262858	-157.506
-0.000260951	-5.03066e-05	0.00023234	-161.334
-0.000181199	2.36036e-05	0.000195385	-177.744
-0.000144006	8.34469e-07	0.000127912	-167.136
-0.000172258	-5.25715e-05	0.000158072	-169.95
-1.43052e-05	-6.81882e-05	0.000113488	-113.1
-0.000117898	2.92064e-05	0.000121713	143.412
-2.98025e-06	5.9605e-07	2.2173e-05	-19.752
2.8968e-05	7.15259e-06	4.47037e-05	3.744
0.000112296	-5.20947e-05	8.44006e-05	-46.29
0.00015235	2.55109e-05	0.000144363	22.026
0.00024903	2.12194e-05	0.000263812	1.794
0.000317575	6.62808e-05	0.000314834	7.524
0.000285031	7.15259e-07	0.000317933	0.546
0.000413539	7.27181e-05	0.000385763	11.976
0.000491742	0.000141502	0.00049353	12.432
0.000510816	0.000147344	0.000536326	17.838
0.000575189	0.000127078	0.000627998	6.33
0.000701193	0.000146152	0.000730161	12.168
0.000755314	0.000191093	0.000771645	18.468
0.00079358	0.000268938	0.000823859	16.716
0.000900868	0.000233651	0.000943068	13.95
0.000993736	0.000244619	0.00103629	14.784
0.000995763	0.00030637	0.00104094	16.308
0.00108493	0.000298144	0.00114287	16.914
0.00114728	0.000327351	0.00117636	15.468
0.00118113	0.00038922	0.00123645	18.996
0.00115717	0.000346305	0.00124503	15.156
0.00125159	0.000351669	0.00130475	14.094
0.00120223	0.00040126	0.00129951	14.478
0.00125647	0.000423195	0.00128461	21.144
0.0012405	0.000419976	0.00129581	17.586
0.00123096	0.000368835	0.00129426	16.494
0.0012399	0.000381829	0.00133992	16.548
0.00125802	0.000368597	0.00132824	17.826
0.00122691	0.00038171	0.00128437	16.734
0.00118364	0.000387074	0.00124729	17.598
0.00115288	0.000301601	0.00112904	14.634
0.00104619	0.00028515	0.00107921	16.368
0.000958089	0.000288846	0.00100506	17.418
0.000808123	0.000194312	0.000780944	17.442
0.000615004	0.000207425	0.000669125	15.048
0.000527743	0.000150681	0.000569347	17.58
0.000382187	9.01227e-05	0.000390531	20.712
0.000273468	3.98161e-05	0.000288012	11.736
2.64646e-05	4.5419e-05	5.25715e-05	78.42
-0.000134827	4.48229e-05	0.000139476	170.784
-0.000273349	2.30075e-05	0.000311853	-178.35
-0.000428798	-9.39374e-05	0.000456812	-169.26
-0.000594262	-8.77385e-05	0.000537757	-172.41
-0.000764851	-0.000125528	0.000741366	-170.592
-0.000826005	-0.000179292	0.000793222	-169.608
-0.000865463	-0.000212909	0.000926379	-163.446
-0.000837091	-0.000160576	0.000865463	-170.262
-0.000925306	-0.000155569	0.000920895	-170.424
-0.000831846	-0.000134111	0.000848059	-171.93
-0.000762109	-0.000160457	0.000746969	-169.38
-0.00066841	-0.000118971	0.00069714	-170.346
-0.000613097	-0.000163437	0.000605945	-162.732
-0.000521187	-0.000113845	0.000560287	-171.606
-0.000504855	-0.000141383	0.000512604	-167.976
-0.000304343	-9.52487e-05	0.00031996	-169.2
-0.000281217	-6.54464e-05	0.000250699	-174.348
-0.000163198	-5.54326e-05	0.000159265	-167.196
-0.00013137	-6.91419e-05	0.00012529	-141.924
-9.28645e-05	-2.40804e-05	9.11956e-05	164.79
-7.8321e-05	-4.00546e-05	5.37636e-05	152.07
-5.9128e-05	-1.96696e-05	4.93529e-05	-102.18
-0.000122548	-1.02521e-05	0.000115633	-171.672
-0.000128151	-1.40668e-05	0.00011921	-161.814
-0.000126959	-4.74455e-05	0.000104547	-163.026
-0.000143052	-2.83719e-05	0.000207544	168.426
-0.000231267	2.74183e-05	0.000195743	177.408
-0.000217319	-6.79498e-05	0.000214101	-172.686
-0.000189186	-6.17509e-05	0.000230671	-161.352
-0.000274302	-2.64646e-05	0.000241042	-170.502
-0.000201226	-5.49557e-05	0.000191332	-160.2
-0.000181914	5.12603e-06	0.000171782	-172.92
-0.000194431	-2.83719e-05	0.000160695	-169.11
-0.000230194	-1.53781e-05	0.000206471	171.276
-0.000203968	-1.65702e-05	0.000229956	-170.424
-0.000158668	2.37228e-05	0.000195027	155.754
-0.000111819	2.3842e-05	0.000155927	173.67
-6.00817e-05	9.05996e-06	6.79498e-05	153.828
-8.03475e-05	1.8716e-05	6.53272e-05	147.012
-3.58822e-05	-9.29838e-06	4.33924e-05	162.768
-2.50341e-05	7.86787e-06	4.04122e-05	158.01
-6.8069e-05	1.15634e-05	9.656e-05	-159.558
-7.03338e-06	-1.56165e-05	5.32868e-05	149.568
-7.82018e-05	-2.86104e-06	9.96594e-05	-177.066
-5.10218e-05	-1.51396e-05	7.54599e-05	-177.288
-0.000119329	-5.93665e-05	0.000128747	-168.63
-0.000133873	5.10218e-05	0.000171901	167.22
-0.000169874	-8.70234e-06	0.000159741	-173.73
-0.000170232	5.0545e-05	0.000185252	172.89
-0.000193835	-4.5419e-05	0.000172974	-173.412
-0.000217081	2.68222e-05	0.000223161	-178.65
-0.000266673	-2.87296e-05	0.000255348	-168.756
-0.00030482	-9.65601e-06	0.000300886	-171.462
-0.000191451	-4.32732e-05	0.000226975	-169.668
-0.000258328	4.75647e-05	0.000202657	176.79
-0.000182868	1.2517e-05	0.00016594	-179.64
-0.00023389	3.62399e-05	0.000187279	179.052
-0.000150562	-3.2902e-05	0.000181676	-176.184
-0.00015843	2.02657e-05	0.000154973	177.57
-0.000112892	5.13794e-05	9.50103e-05	151.608
-0.0001539	-2.30075e-05	6.98571e-05	-172.224
-0.000139833	5.24523e-05	7.87978e-05	117.978
-0.000104428	7.51021e-06	0.000129939	178.488
-6.50887e-05	1.1921e-06	8.33278e-05	-177.696
-0.000155927	2.50341e-06	0.000126363	153.684
-0.000145555	-4.32732e-05	0.000137807	176.802
-0.000145079	7.03338e-06	0.000150085	172.866
-0.000172258	-6.17509e-05	0.000153662	-167.178
-0.000130177	-6.43733e-06	0.000132323	-159.27
-0.000183464	-5.44789e-05	0.0002476	-168.324
-0.000238896	-7.97515e-05	0.000265004	-179.112
-0.000262024	1.21594e-05	0.000303032	175.8
-0.000334265	-0.000131846	0.000368239	-163.704
-0.000364425	-4.68495e-05	0.000333549	-170.718
-0.000346066	-0.000169636	0.000386717	-159.132
-0.000422241	-5.22139e-05	0.000419857	-172.56
-0.000345709	-0.000100017	0.000320436	-172.122
-0.00035155	-3.14715e-05	0.000354769	-174.312
-0.000263931	-3.63591e-05	0.000265123	-175.29
-0.000276806	3.65975e-05	0.000281813	170.964
-0.000210882	-7.00955e-05	0.000232578	-162.72
-0.000281217	-3.20675e-05	0.000281217	178.314
-0.000159384	-4.47037e-05	0.000183702	-178.98
-0.000223757	-3.95777e-05	0.000190497	-165.69
-0.000168086	-2.13386e-05	0.000206352	-168.462
-0.000122786	3.75512e-05	0.000144125	175.656
-0.000175954	9.65601e-06	0.000168682	-166.05
-0.000121475	-5.28099e-05	0.000122548	177.45
-9.203e-05	-4.66111e-05	9.3699e-05	173.016
-0.000115633	7.15259e-07	0.000113845	164.562
-8.80961e-05	1.04905e-05	0.000101805	-160.146
-0.000134111	7.03338e-06	0.000157715	170.73
-0.000115276	3.64783e-05	9.41758e-05	-176.898
-0.00015688	-3.24252e-05	0.000159145	173.082
-0.000151278	5.71015e-05	0.000148893	163.548
-0.000171066	-3.58822e-05	0.000188352	-176.622
-0.000165821	-1.54973e-05	0.000157238	176.52
-0.000199676	1.52589e-05	0.00018251	177.432
-0.00020516	-8.94075e-06	0.000184537	167.64
-0.000173331	-4.05314e-06	0.000199796	-169.692
-0.000235201	-1.66894e-06	0.000254871	-178.62
-0.0002656	-1.72855e-05	0.000265719	-172.896
-0.000121832	-4.57766e-05	0.000186087	-174.57
-0.000180484	-4.57766e-05	0.000224591	-173.28
-0.000234128	-3.07562e-05	0.000263216	171.966
-0.000274183	-2.52725e-05	0.000274064	-176.058
-0.000261428	-6.8665e-05	0.000323774	-173.07
-0.000300528	-6.3539e-05	0.000292065	-171.42
-0.000278356	-2.05041e-05	0.000282409	-171.738
-0.000353457	-4.47037e-05	0.000369193	-172.662
-0.00030482	-8.60696e-05	0.000316622	-167.346
-0.000322463	8.07052e-05	0.000311377	170.922
-0.000261309	-3.88625e-05	0.000277879	-161.778
-0.00027919	-1.4782e-05	0.000271561	-177.102
-0.000310184	-3.69551e-05	0.000279786	-166.428
-0.000223518	7.15259e-06	0.000236631	-173.568
-0.000241877	-1.16826e-05	0.000224472	-175.344
-0.000214101	-7.15259e-06	0.000242234	-178.35
-0.000191928	1.09673e-05	0.000208617	176.346
-0.000175239	-1.84776e-05	0.000178934	-177.384
-0.000191093	-6.79496e-06	0.000202538	174.834
-0.000154019	-4.44653e-05	0.000158311	-175.734
-0.000208617	1.34707e-05	0.000217558	179.85
-0.000190259	-2.12194e-05	0.000210167	-174.24
-0.000183822	-4.05314e-05	0.000205637	-171.216
-0.000194074	6.73537e-05	0.00018108	175.236
-0.000158549	2.87296e-05	0.00016749	-171.246
-0.000222326	2.70606e-05	0.000256302	172.41
-0.000167967	-2.11002e-05	0.000211717	178.62
-0.000243784	2.03849e-05	0.000185491	-167.28
-0.000256063	2.26499e-06	0.000290753	-173.478
-0.000267031	-2.22923e-05	0.000301125	-177.432
-0.000173093	1.08481e-05	0.000224353	177.738
-0.00030327	1.96696e-05	0.000301125	-174.27
-0.00017357	-3.60014e-05	0.000185014	-178.584
-0.000283601	4.42269e-05	0.000277998	161.718
-0.000240208	-6.55656e-05	0.000238777	-167.874
-0.000198127	-5.9605e-07	0.000215889	-175.872
-0.000197769	5.29292e-05	0.000198008	173.394
-0.000193954	-1.06097e-05	0.000181914	176.286
-0.000192047	1.00136e-05	0.000238896	-176.748
-0.000149489	5.59094e-05	0.000167609	163.152
-0.0001992	5.48366e-06	0.000191928	166.29