Position (mm) 	 Delay (ps) 	 X (V) 	 Y (V) 	 R (V) 	 theta (°)
10.9	7.2703e-11	1.90736e-06	-1.90736e-06	0.0	-45.0
10.903	7.272301e-11	0.0	0.0	0.0	0.0
10.906	7.274302e-11	0.0	-1.90736e-06	0.0	-90.0
10.909	7.276303000000001e-11	1.90736e-06	0.0	1.90736e-06	0.0
10.912	7.278304e-11	0.0	-1.90736e-06	0.0	0.0
10.915	7.280304999999999e-11	1.90736e-06	0.0	1.90736e-06	26.562
10.918	7.282306e-11	0.0	-1.90736e-06	0.0	-90.0
10.921	7.284306999999999e-11	1.90736e-06	0.0	1.90736e-06	0.0
10.924	7.286307999999999e-11	0.0	-1.90736e-06	0.0	-45.0
10.9275	7.2886425e-11	0.0	0.0	1.90736e-06	0.0
10.9305	7.2906435e-11	0.0	0.0	0.0	45.0
10.9335	7.2926445e-11	1.90736e-06	0.0	1.90736e-06	0.0
10.9365	7.2946455e-11	0.0	0.0	0.0	0.0
10.9395	7.2966465e-11	1.90736e-06	0.0	1.90736e-06	0.0
10.9425	7.2986475e-11	0.0	-1.90736e-06	0.0	-45.0
10.9455	7.3006485e-11	0.0	-1.90736e-06	0.0	-45.0
10.9485	7.302649499999999e-11	0.0	0.0	0.0	0.0
10.9515	7.304650499999999e-11	0.0	0.0	0.0	0.0
10.9545	7.3066515e-11	1.90736e-06	0.0	1.90736e-06	0.0
10.9575	7.3086525e-11	0.0	-1.90736e-06	0.0	-90.0
10.9605	7.310653499999999e-11	1.90736e-06	0.0	0.0	0.0
10.9635	7.3126545e-11	0.0	-1.90736e-06	0.0	-45.0
10.9665	7.3146555e-11	1.90736e-06	0.0	1.90736e-06	26.562
10.9695	7.316656499999999e-11	0.0	0.0	0.0	0.0
10.9725	7.3186575e-11	0.0	-1.90736e-06	0.0	0.0
10.976	7.320992e-11	0.0	0.0	0.0	0.0
10.979	7.322992999999999e-11	0.0	0.0	0.0	0.0
10.982	7.324994e-11	0.0	0.0	0.0	0.0
10.985	7.326994999999999e-11	0.0	0.0	0.0	0.0
10.988	7.328995999999999e-11	0.0	-1.90736e-06	0.0	-45.0
10.991	7.330997e-11	0.0	0.0	0.0	0.0
10.994	7.332998e-11	0.0	0.0	0.0	0.0
10.997	7.334998999999999e-11	0.0	-1.90736e-06	0.0	0.0
11.0	7.337e-11	0.0	0.0	0.0	0.0
11.003	7.339001e-11	0.0	-1.90736e-06	0.0	0.0
11.006	7.341002e-11	0.0	0.0	0.0	0.0
11.009	7.343003e-11	0.0	0.0	0.0	0.0
11.012	7.345004e-11	0.0	-1.90736e-06	0.0	-45.0
11.015	7.347005e-11	0.0	0.0	0.0	45.0
11.018	7.349006e-11	0.0	-1.90736e-06	0.0	-45.0
11.021	7.351007e-11	0.0	-1.90736e-06	0.0	-90.0
11.024	7.353007999999999e-11	0.0	0.0	0.0	45.0
11.0275	7.3553425e-11	0.0	-1.90736e-06	0.0	-45.0
11.0305	7.3573435e-11	0.0	0.0	0.0	0.0
11.0335	7.359344499999999e-11	0.0	0.0	0.0	0.0
11.0365	7.3613455e-11	1.90736e-06	0.0	1.90736e-06	-26.562
11.0395	7.3633465e-11	0.0	-1.90736e-06	0.0	-45.0
11.0425	7.3653475e-11	0.0	0.0	0.0	0.0
11.0455	7.3673485e-11	0.0	0.0	0.0	0.0
11.0485	7.3693495e-11	0.0	0.0	1.90736e-06	0.0
11.0515	7.3713505e-11	0.0	-1.90736e-06	0.0	-45.0
11.0545	7.373351500000001e-11	0.0	-1.90736e-06	0.0	-90.0
11.0575	7.375352499999999e-11	0.0	0.0	0.0	0.0
11.0605	7.377353499999999e-11	0.0	0.0	0.0	45.0
11.0635	7.3793545e-11	0.0	0.0	0.0	45.0
11.0665	7.381355499999999e-11	0.0	0.0	0.0	0.0
11.0695	7.383356499999999e-11	0.0	-1.90736e-06	0.0	-90.0
11.0725	7.3853575e-11	0.0	0.0	0.0	0.0
11.076	7.387692e-11	0.0	0.0	0.0	0.0
11.079	7.389693e-11	0.0	0.0	0.0	0.0
11.082	7.391694e-11	0.0	0.0	0.0	45.0
11.085	7.393695e-11	0.0	0.0	0.0	0.0
11.088	7.395695999999999e-11	0.0	0.0	0.0	0.0
11.091	7.397697e-11	0.0	0.0	0.0	0.0
11.094	7.399697999999999e-11	0.0	0.0	0.0	0.0
11.097	7.401698999999999e-11	0.0	-1.90736e-06	0.0	-45.0
11.1	7.4037e-11	0.0	0.0	0.0	-45.0
11.103	7.405701e-11	0.0	0.0	0.0	0.0
11.106	7.407701999999999e-11	0.0	0.0	0.0	0.0
11.109	7.409703e-11	1.90736e-06	0.0	0.0	0.0
11.112	7.411704e-11	0.0	-1.90736e-06	0.0	-45.0
11.115	7.413704999999999e-11	0.0	0.0	0.0	0.0
11.118	7.415706e-11	0.0	0.0	0.0	45.0
11.121	7.417707e-11	0.0	0.0	0.0	0.0
11.124	7.419708e-11	0.0	0.0	0.0	0.0
11.1275	7.4220425e-11	1.90736e-06	0.0	1.90736e-06	0.0
11.1305	7.424043499999999e-11	0.0	-1.90736e-06	0.0	-45.0
11.1335	7.426044499999999e-11	1.90736e-06	0.0	0.0	45.0
11.1365	7.4280455e-11	0.0	-1.90736e-06	0.0	-45.0
11.1395	7.4300465e-11	0.0	0.0	0.0	0.0
11.1425	7.432047499999999e-11	1.90736e-06	-1.90736e-06	0.0	-45.0
11.1455	7.4340485e-11	0.0	0.0	0.0	0.0
11.1485	7.4360495e-11	0.0	0.0	0.0	0.0
11.1515	7.4380505e-11	0.0	0.0	0.0	-45.0
11.1545	7.4400515e-11	0.0	0.0	0.0	0.0
11.1575	7.4420525e-11	0.0	0.0	0.0	0.0
11.1605	7.4440535e-11	0.0	0.0	0.0	0.0
11.1635	7.4460545e-11	0.0	0.0	1.90736e-06	26.562
11.1665	7.448055499999999e-11	0.0	-1.90736e-06	0.0	-45.0
11.1695	7.4500565e-11	0.0	0.0	0.0	0.0
11.1725	7.4520575e-11	0.0	0.0	0.0	0.0
11.176	7.454392e-11	0.0	-1.90736e-06	0.0	-45.0
11.179	7.456392999999999e-11	1.90736e-06	0.0	0.0	45.0
11.182	7.458394e-11	1.90736e-06	0.0	0.0	0.0
11.185	7.460395e-11	0.0	-1.90736e-06	0.0	-45.0
11.188	7.462396e-11	0.0	-1.90736e-06	0.0	-45.0
11.191	7.464397e-11	1.90736e-06	0.0	1.90736e-06	0.0
11.194	7.466398e-11	0.0	-1.90736e-06	0.0	0.0
11.197	7.468398999999998e-11	0.0	-1.90736e-06	0.0	-90.0
11.2	7.470399999999999e-11	0.0	0.0	0.0	0.0