X 	 Y 	 R 	 theta 
#Without Preamplifier,Finding peak value ,ZnTe detector angle dependance 40deg, Chopper 230Hz, time constant=0.3s 18dB, waiting time= 1s, sensitivity=20mV, position 11.0085mm
-5.12975e-06	-5.46111e-05	5.46093e-05	-94.53
4.63802e-06	-3.95069e-05	3.98683e-05	-84.228
-1.20532e-05	-3.60275e-05	3.79162e-05	-107.814
-1.24258e-05	-3.48876e-05	3.69085e-05	-109.236
-9.69513e-06	-4.61529e-05	4.73785e-05	-101.514
-1.25617e-05	-5.46111e-05	5.46093e-05	-104.274
-2.21526e-05	-5.46111e-05	5.46093e-05	-111.378
-2.48925e-05	-5.46111e-05	5.46093e-05	-113.718
-7.47669e-06	-4.93492e-05	4.96304e-05	-97.902
9.94845e-06	-5.46111e-05	5.46093e-05	-80.508
1.17664e-05	-4.29398e-05	4.40835e-05	-75.402
-2.28362e-06	-4.49067e-05	4.51992e-05	-94.32
-8.67067e-06	-4.82949e-05	4.87531e-05	-99.936
-8.22922e-06	-2.81652e-05	2.95901e-05	-106.05
-9.38777e-07	-4.62348e-05	4.63875e-05	-92.766
-1.32565e-05	-4.07549e-05	4.29417e-05	-109.956
-1.31503e-06	-4.29007e-05	4.28224e-05	-91.764
-1.7386e-05	-5.46111e-05	5.46093e-05	-104.61
-8.52725e-06	-5.02302e-05	5.11485e-05	-100.818
-1.57059e-05	-5.46111e-05	5.46093e-05	-101.556
-9.24623e-06	-4.20141e-05	4.2761e-05	-102.132
-1.9502e-06	-3.07525e-05	3.07674e-05	-95.046
-2.2648e-05	-4.74232e-05	5.24169e-05	-115.65
-2.57884e-05	-5.46111e-05	5.46093e-05	-114.168
-1.6112e-06	-5.46111e-05	5.46093e-05	-90.846
-3.81099e-06	-4.47093e-05	4.45808e-05	-94.938
-4.17608e-06	-3.08848e-05	3.16745e-05	-98.688
-1.66745e-05	-5.39238e-05	5.46093e-05	-106.008
-2.04389e-05	-4.90213e-05	5.29962e-05	-111.9
-1.66652e-05	-3.20023e-05	3.54669e-05	-117.102
3.19445e-06	-4.33607e-05	4.33347e-05	-82.872
-2.83496e-06	-3.11399e-05	3.1844e-05	-98.55
-1.58866e-05	-3.63125e-05	3.93989e-05	-112.242
-1.98131e-05	-4.53817e-05	4.99489e-05	-113.196
-5.78727e-06	-5.28733e-05	5.26889e-05	-96.666
-1.25096e-05	-5.46111e-05	5.46093e-05	-102.768
-7.10788e-06	-4.08201e-05	4.11889e-05	-101.154
1.43425e-07	-4.3534e-05	4.36681e-05	-87.276
5.06084e-06	-4.91573e-05	4.9243e-05	-85.068
-1.06842e-05	-4.87643e-05	5.02712e-05	-101.838
-6.34234e-06	-4.22376e-05	4.25449e-05	-97.65
-8.01316e-06	-3.93747e-05	4.02762e-05	-102.456
-2.35458e-05	-3.20936e-05	3.95572e-05	-124.332
-1.04644e-05	-5.46111e-05	5.46093e-05	-100.344
-3.3863e-06	-4.90381e-05	4.88146e-05	-92.622
-5.56002e-06	-3.41854e-05	3.44145e-05	-99.864
2.49596e-07	-4.48993e-05	4.56164e-05	-88.998
-1.63168e-06	-5.46111e-05	5.46093e-05	-90.378
2.54253e-06	-5.46111e-05	5.46093e-05	-87.696
-1.63355e-06	-5.12919e-05	5.16328e-05	-92.64
-9.53866e-06	-4.24201e-05	4.39214e-05	-104.988
-2.42201e-05	-5.29794e-05	5.46093e-05	-113.304
-2.50657e-05	-4.19768e-05	4.87717e-05	-121.206
-1.22805e-05	-3.86669e-05	4.04066e-05	-107.046
-1.39513e-06	-4.87345e-05	4.87699e-05	-91.122
-4.7535e-06	-3.73481e-05	3.78138e-05	-98.976
-2.09139e-05	-3.61914e-05	4.22394e-05	-119.46
-2.23854e-05	-4.66967e-05	5.15378e-05	-115.662
-2.0478e-05	-2.71389e-05	3.36396e-05	-126.072
-8.52911e-06	-4.96211e-05	5.03457e-05	-99.072
-6.30508e-06	-5.46111e-05	5.46093e-05	-96.024
-2.09288e-05	-4.66297e-05	5.07815e-05	-114.954
-1.84142e-05	-4.27293e-05	4.68253e-05	-111.474
-9.00222e-06	-4.86488e-05	4.96788e-05	-101.46
-2.86104e-06	-3.89556e-05	3.92834e-05	-94.29
-2.56115e-05	-5.46111e-05	5.46093e-05	-112.356
-1.71364e-06	-4.97981e-05	4.95298e-05	-90.396
9.43622e-06	-4.21351e-05	4.30031e-05	-77.346
2.19235e-06	-5.12379e-05	5.10982e-05	-88.494
-4.24872e-06	-4.17701e-05	4.21202e-05	-95.514
-1.27722e-05	-4.75927e-05	4.93957e-05	-105.36
-2.02899e-05	-4.08853e-05	4.56686e-05	-117.048
-5.13162e-06	-5.3853e-05	5.44006e-05	-94.464
-8.31863e-06	-5.46111e-05	5.46093e-05	-97.356
-2.34881e-06	-3.84825e-05	3.84843e-05	-94.716
-4.90996e-06	-4.98912e-05	5.00812e-05	-94.11
-3.01936e-06	-5.29441e-05	5.26311e-05	-94.146
-5.99588e-06	-2.43263e-05	2.48217e-05	-104.454
-2.45535e-05	-5.2715e-05	5.46093e-05	-115.236
-6.38331e-06	-4.06636e-05	4.09617e-05	-97.002
-9.67836e-06	-3.72569e-05	3.87935e-05	-106.29
-1.46963e-05	-4.72928e-05	4.91573e-05	-106.32
-1.10064e-05	-5.0178e-05	5.09678e-05	-102.732
-8.86623e-07	-3.47404e-05	3.48317e-05	-91.77
-1.26549e-05	-5.3203e-05	5.46093e-05	-101.67
-1.12095e-05	-3.97826e-05	4.15875e-05	-106.734
1.41189e-06	-4.52402e-05	4.57542e-05	-88.134
6.43174e-06	-4.60094e-05	4.63149e-05	-81.006
1.13808e-06	-3.77579e-05	3.7987e-05	-87.996
6.79123e-06	-4.16788e-05	4.23233e-05	-78.966
1.23028e-05	-5.46111e-05	5.46093e-05	-77.058
1.01329e-06	-4.94814e-05	4.95522e-05	-90.024
-4.77771e-06	-4.95485e-05	4.97235e-05	-94.758
-9.81992e-06	-4.52644e-05	4.69482e-05	-103.602
-1.41152e-05	-4.46367e-05	4.69463e-05	-108.012
-8.32794e-06	-5.46111e-05	5.46093e-05	-98.922
-5.3719e-06	-3.64298e-05	3.70706e-05	-96.33
-7.79337e-06	-5.40821e-05	5.46093e-05	-98.574
-1.91183e-05	-4.24238e-05	4.65459e-05	-114.978
-2.31472e-05	-4.55289e-05	5.14651e-05	-117.192