Time (s) 	 Position (mm) 	 Delay (s) 	 X 	 Y 	 R 	 theta 
#Transmssion measurment 1(without medium),Without Preamplifier, ZnTe detector angle dependance 40deg, Chopper 230Hz, time constant=0.3s 18dB, waiting time= 2.6999999999999997s, sensitivity=20mV
3.5034	6.0	4.00278e-11	-3.81473e-06	-2.19346e-05	2.0981e-05	-100.62
6.8131	6.01	4.0094512999999995e-11	-3.33788e-05	-3.81472e-05	4.86376e-05	-129.51
10.1075	6.02	4.0161226e-11	-3.71935e-05	-1.43052e-05	3.71935e-05	-156.54
13.3857	6.03	4.0227939e-11	-1.33515e-05	-9.53682e-07	1.04905e-05	-176.634
16.6818	6.04	4.0294652e-11	-2.57493e-05	-9.5368e-06	2.57493e-05	-160.254
19.9764	6.05	4.0361364999999996e-11	-2.6703e-05	7.62945e-06	2.86103e-05	166.908
23.2548	6.06	4.0428078e-11	-4.38693e-05	-1.14442e-05	4.48229e-05	-164.748
26.5472	6.07	4.0494791e-11	-3.33788e-05	1.52589e-05	3.33788e-05	152.928
29.8257	6.08	4.0561503999999996e-11	4.7684e-06	-1.62126e-05	1.71663e-05	-70.2
33.1053	6.09	4.0628217e-11	-1.43052e-05	-4.67303e-05	4.76839e-05	-110.748
36.4004	6.1	4.0694929999999993e-11	-9.5368e-06	-3.52862e-05	3.52862e-05	-104.034
39.6773	6.11	4.0761643e-11	-1.52589e-05	-3.62399e-05	3.81472e-05	-115.254
42.9574	6.12	4.0828356e-11	-3.62399e-05	-1.43052e-05	3.81472e-05	-160.02
46.252	6.13	4.0895069e-11	-2.0981e-05	-1.81199e-05	2.57493e-05	-138.012
49.529	6.14	4.0961781999999995e-11	-2.6703e-05	-2.47956e-05	3.52862e-05	-137.232
52.825	6.15	4.1028495e-11	-4.19619e-05	-1.43052e-05	4.19619e-05	-162.426
56.1187	6.16	4.1095208e-11	-2.19346e-05	-3.05178e-05	3.52862e-05	-124.284
59.4133	6.17	4.1161921e-11	-3.33788e-05	-1.14442e-05	3.43325e-05	-160.866
62.7074	6.18	4.1228633999999996e-11	-4.29156e-05	-1.33515e-05	4.29156e-05	-164.664
66.0024	6.19	4.1295347e-11	-9.53682e-07	-2.6703e-05	2.47956e-05	-93.012
69.3124	6.2	4.136206e-11	-6.67575e-06	-1.90736e-06	5.72208e-06	-173.658
72.6062	6.21	4.1428772999999995e-11	-2.86104e-06	-4.7684e-06	5.72208e-06	-129.804
75.8858	6.22	4.1495486e-11	-4.19619e-05	-9.5368e-06	4.00546e-05	-167.574
79.163	6.23	4.1562199e-11	-2.3842e-05	-1.81199e-05	2.9564e-05	-139.536
82.4423	6.24	4.1628912e-11	-3.33788e-05	-9.53682e-07	3.05178e-05	-178.752
85.7358	6.25	4.1695625e-11	-9.5368e-06	-3.81472e-05	3.71935e-05	-103.296
89.031	6.26	4.1762338e-11	-1.81199e-05	-4.10082e-05	4.38693e-05	-115.794
92.3081	6.27	4.1829050999999994e-11	-2.00273e-05	-1.23978e-05	2.28883e-05	-151.26
95.5874	6.28	4.1895764e-11	-9.5368e-06	-2.19346e-05	2.19346e-05	-112.752
98.8829	6.29	4.1962477e-11	2.86104e-06	-4.00546e-05	3.81472e-05	-83.988
102.1613	6.3	4.2029189999999994e-11	-1.04905e-05	-1.62126e-05	1.90736e-05	-126.468
105.4387	6.31	4.2095902999999996e-11	-1.81199e-05	-1.81199e-05	2.3842e-05	-129.402
108.7335	6.32	4.2162616e-11	-4.38693e-05	-3.81472e-05	5.6267e-05	-140.28
112.0127	6.33	4.2229329e-11	-8.58313e-06	-2.00273e-05	2.0981e-05	-111.804
115.3069	6.34	4.2296041999999995e-11	-4.29156e-05	-7.62945e-06	4.29156e-05	-170.25
118.6013	6.35	4.2362755e-11	1.23978e-05	-3.81472e-05	3.91009e-05	-71.568
121.8639	6.36	4.2429468e-11	-4.48229e-05	-2.6703e-05	5.14986e-05	-151.452
125.1424	6.37	4.2496181e-11	-3.62399e-05	-3.43325e-05	4.86376e-05	-136.608
128.4207	6.38	4.2562893999999996e-11	-3.14715e-05	-2.3842e-05	3.81472e-05	-140.574
131.7154	6.39	4.2629607e-11	-2.9564e-05	-4.57766e-05	5.24523e-05	-123.276
134.9938	6.4	4.269632e-11	-3.91009e-05	-2.6703e-05	4.57766e-05	-145.62
138.2874	6.41	4.2763032999999996e-11	-3.05178e-05	-2.47956e-05	3.71935e-05	-142.122
141.5974	6.42	4.2829746e-11	-2.86103e-05	-4.95913e-05	5.6267e-05	-118.986
144.8771	6.43	4.2896458999999993e-11	-2.00273e-05	-1.81199e-05	2.57493e-05	-145.122
148.1555	6.44	4.2963172e-11	-5.24523e-05	-3.05178e-05	5.9128e-05	-150.018
151.4335	6.45	4.3029885e-11	-2.9564e-05	-9.5368e-06	3.14715e-05	-162.3
154.7124	6.46	4.3096598e-11	-1.43052e-05	-3.14715e-05	3.33788e-05	-115.56
157.9899	6.47	4.3163310999999995e-11	-1.33515e-05	-4.48229e-05	4.67303e-05	-104.826
161.2686	6.48	4.3230024e-11	-1.81199e-05	-2.0981e-05	2.86103e-05	-130.314
164.5474	6.49	4.3296737e-11	-6.2943e-05	-2.0981e-05	6.5804e-05	-161.202
167.8093	6.5	4.336345e-11	-4.95913e-05	-4.86376e-05	6.77113e-05	-135.786
171.1034	6.51	4.3430162999999996e-11	-2.6703e-05	-2.86104e-06	2.6703e-05	-175.914
174.3974	6.52	4.3496876e-11	-5.9128e-05	-3.62399e-05	6.77113e-05	-150.186
177.6773	6.53	4.3563589e-11	-4.00546e-05	-2.6703e-05	4.57766e-05	-145.62
180.9558	6.54	4.3630301999999995e-11	-2.76567e-05	-5.43597e-05	6.00817e-05	-118.812
184.2341	6.55	4.3697015e-11	-5.3406e-05	-4.19619e-05	6.5804e-05	-139.896
187.4964	6.56	4.376372799999999e-11	-3.05178e-05	-6.2943e-05	6.77113e-05	-115.536
190.775	6.57	4.3830441e-11	-2.76567e-05	-2.9564e-05	3.91009e-05	-136.362
194.0535	6.58	4.3897154e-11	-3.62399e-05	-4.95913e-05	6.00817e-05	-125.982
197.3474	6.59	4.3963867e-11	-2.28883e-05	-3.33788e-05	4.00546e-05	-122.904
200.6263	6.6	4.4030579999999994e-11	1.52589e-05	-3.14715e-05	3.43325e-05	-63.438
203.9207	6.61	4.4097293e-11	6.8665e-05	-8.58313e-06	6.8665e-05	-6.648
207.198	6.62	4.4164006e-11	8.86922e-05	9.5368e-06	8.77385e-05	6.102
210.4936	6.63	4.4230719e-11	0.000102044	8.86922e-05	0.000133515	41.346
213.7873	6.64	4.4297431999999996e-11	0.000168801	9.05995e-05	0.000190736	28.722
217.0666	6.65	4.4364145e-11	0.000195504	0.000107766	0.000224114	29.154
220.3452	6.66	4.4430858e-11	0.00021267	0.000169755	0.000271799	38.946
223.607	6.67	4.4497570999999995e-11	0.00025654	0.000152589	0.000299456	30.552
226.8859	6.68	4.4564284e-11	0.000300409	0.000132562	0.000327112	23.952
230.1791	6.69	4.4630997e-11	0.000252726	0.000136376	0.000288965	27.864
233.4574	6.7	4.469771e-11	0.00018406	0.000122071	0.000221253	33.354
236.721	6.71	4.4764422999999996e-11	0.000179292	6.96187e-05	0.000192643	21.18
239.9986	6.72	4.4831136e-11	0.000110627	8.67848e-05	0.000141145	38.16
243.2941	6.73	4.4897849e-11	0.000113488	8.48775e-05	0.000142098	37.08
246.5559	6.74	4.4964561999999996e-11	6.48503e-05	5.53133e-05	8.48775e-05	40.848
249.8174	6.75	4.5031275e-11	5.9128e-05	5.24523e-05	7.91554e-05	41.634
253.1134	6.76	4.5097987999999993e-11	-2.28883e-05	-3.81472e-05	4.29156e-05	-120.966
256.391	6.77	4.5164700999999995e-11	-8.20165e-05	-4.86376e-05	9.44142e-05	-150.552
259.6853	6.78	4.5231414e-11	-0.000197412	-0.000122071	0.000229836	-148.014
262.9952	6.79	4.5298127e-11	-0.000249865	-0.000144006	0.000287058	-149.976
266.2894	6.8	4.5364839999999995e-11	-0.000265123	-0.000186921	0.000322344	-144.762
269.5685	6.81	4.5431552999999997e-11	-0.000259401	-0.000144006	0.000296595	-151.248
272.8469	6.82	4.5498266e-11	-0.000177384	-7.24797e-05	0.000189782	-157.752
274.3326	6.83	4.5564979e-11	-7.53407e-05	-7.34334e-05	0.000104905	-135.768
277.6274	6.84	4.5631691999999996e-11	-1.62126e-05	-4.10082e-05	4.19619e-05	-105.57
280.9056	6.85	4.5698405e-11	1.04905e-05	-4.7684e-06	1.04905e-05	-16.392
284.1841	6.86	4.5765118e-11	9.5368e-06	-1.81199e-05	1.90736e-05	-67.83
287.4626	6.87	4.5831830999999996e-11	5.72208e-06	-1.14442e-05	1.14442e-05	-70.56
290.7408	6.88	4.5898544e-11	-1.33515e-05	6.67575e-06	1.43052e-05	149.934
294.0201	6.89	4.596525699999999e-11	-3.62399e-05	-2.86104e-06	3.33788e-05	-178.854
297.2981	6.9	4.603197e-11	-6.67575e-06	-2.00273e-05	1.90736e-05	-113.964
300.5766	6.91	4.6098683e-11	-2.86104e-06	9.5368e-06	8.58313e-06	94.398
303.8549	6.92	4.6165396e-11	2.86104e-06	-1.62126e-05	1.52589e-05	-75.378
307.1341	6.93	4.6232108999999994e-11	-1.81199e-05	-3.43325e-05	3.71935e-05	-116.112
310.428	6.94	4.6298822e-11	-4.19619e-05	-4.00546e-05	5.6267e-05	-134.52
313.7069	6.95	4.6365535e-11	-7.82018e-05	-4.00546e-05	8.77385e-05	-153.048
317.0012	6.96	4.6432248e-11	-6.2943e-05	-1.81199e-05	6.19893e-05	-164.31
320.296	6.97	4.6498960999999996e-11	-2.57493e-05	-2.86104e-06	2.57493e-05	-172.878
323.5915	6.98	4.6565674e-11	-5.72208e-06	-3.62399e-05	3.52862e-05	-93.12
326.8539	6.99	4.6632387e-11	-2.47956e-05	-3.14715e-05	3.91009e-05	-127.452
330.1483	7.0	4.6699099999999995e-11	-2.47956e-05	-5.3406e-05	5.72207e-05	-115.956
333.4266	7.01	4.6765813e-11	-3.43325e-05	-2.47956e-05	4.29156e-05	-145.08
336.7053	7.02	4.683252599999999e-11	-4.00546e-05	-2.47956e-05	4.57766e-05	-147.468
339.9996	7.03	4.6899239e-11	-5.3406e-05	-7.62945e-06	5.24523e-05	-171.87
343.2773	7.04	4.6965951999999997e-11	-1.43052e-05	-9.5368e-06	1.52589e-05	-140.196
346.5406	7.05	4.7032665e-11	1.90736e-06	-9.5368e-06	8.58313e-06	-77.004
349.8181	7.06	4.7099377999999994e-11	1.90736e-06	-2.28883e-05	2.28883e-05	-78.69
353.0966	7.07	4.7166091e-11	-1.04905e-05	-2.00273e-05	2.28883e-05	-123.234
356.3752	7.08	4.7232804e-11	-1.14442e-05	-1.81199e-05	2.19346e-05	-137.388
359.6385	7.09	4.7299516999999993e-11	-1.52589e-05	-2.00273e-05	2.28883e-05	-121.83
362.9328	7.1	4.7366229999999995e-11	-4.19619e-05	-9.53682e-07	4.19619e-05	-178.212
366.2112	7.11	4.7432943e-11	-3.14715e-05	-2.28883e-05	3.91009e-05	-147.378
369.505	7.12	4.7499656e-11	-3.81472e-05	-3.71935e-05	5.24523e-05	-136.524
372.7832	7.13	4.7566368999999995e-11	-2.00273e-05	-3.05178e-05	3.52862e-05	-121.674
376.0784	7.14	4.7633081999999997e-11	-1.52589e-05	-3.24252e-05	3.52862e-05	-114.702
379.3552	7.15	4.7699795e-11	1.90736e-05	-1.71663e-05	2.57493e-05	-37.746
382.6504	7.16	4.7766508e-11	-2.86104e-06	9.53682e-07	0.0	26.562
385.9298	7.17	4.7833220999999996e-11	-1.04905e-05	-9.5368e-06	1.52589e-05	-150.252
389.2231	7.18	4.7899934e-11	-6.67575e-06	-2.28883e-05	2.3842e-05	-105.522
392.5344	7.19	4.7966647e-11	-4.29156e-05	-3.91009e-05	5.53133e-05	-135.0
395.8123	7.2	4.8033359999999996e-11	-3.62399e-05	1.43052e-05	3.71935e-05	160.278
399.0913	7.21	4.8100073e-11	4.7684e-06	-1.81199e-05	1.71663e-05	-76.506
402.3853	7.22	4.816678599999999e-11	6.67575e-06	-1.14442e-05	1.33515e-05	-69.774
406.1749	7.23	4.8233499e-11	-1.04905e-05	1.43052e-05	1.71663e-05	127.302
409.4705	7.24	4.8300212e-11	-1.52589e-05	-6.67575e-06	1.71663e-05	-160.2
412.7488	7.25	4.8366925e-11	-8.58313e-06	-1.14442e-05	1.33515e-05	-129.474
416.0436	7.26	4.8433637999999994e-11	1.23978e-05	-3.24252e-05	3.33788e-05	-70.866
419.322	7.27	4.8500350999999996e-11	-3.81473e-06	-2.0981e-05	2.0981e-05	-103.134
422.6153	7.28	4.8567064e-11	-4.19619e-05	-3.52862e-05	5.14986e-05	-138.18
425.8945	7.29	4.8633777e-11	-4.57766e-05	-1.33515e-05	4.86376e-05	-162.048
429.1892	7.3	4.8700489999999996e-11	-1.81199e-05	-3.33788e-05	3.62399e-05	-117.51
432.4666	7.31	4.8767203e-11	-2.00273e-05	-2.76567e-05	3.24252e-05	-120.174
435.746	7.32	4.8833916e-11	-1.23978e-05	-4.76839e-05	4.76839e-05	-103.242
439.0244	7.33	4.8900628999999995e-11	-1.14442e-05	-9.53682e-07	1.04905e-05	-168.69
442.3191	7.34	4.8967342e-11	1.04905e-05	-1.90736e-06	8.58313e-06	-8.748
445.5977	7.35	4.903405499999999e-11	1.33515e-05	-6.67575e-06	1.43052e-05	-24.228
448.8752	7.36	4.9100768e-11	-2.86104e-06	-3.62399e-05	3.52862e-05	-92.16
452.1387	7.37	4.9167480999999997e-11	-5.53133e-05	-1.04905e-05	5.53133e-05	-169.632
455.4491	7.38	4.9234194e-11	-4.7684e-06	-4.57766e-05	4.57766e-05	-100.008
458.7109	7.39	4.9300906999999994e-11	-3.24252e-05	-3.33788e-05	4.48229e-05	-133.806
461.9902	7.4	4.936762e-11	1.52589e-05	-2.3842e-05	2.6703e-05	-59.034
465.2834	7.41	4.9434333e-11	1.90736e-06	-3.05178e-05	3.05178e-05	-83.928
468.5612	7.42	4.9501046e-11	-2.00273e-05	-2.00273e-05	2.76567e-05	-137.814
471.8416	7.43	4.9567758999999995e-11	0.0	-4.00546e-05	3.91009e-05	-89.046
475.1344	7.44	4.9634472e-11	1.90736e-06	1.33515e-05	1.43052e-05	92.49
478.4143	7.45	4.9701185e-11	-3.52862e-05	-4.19619e-05	5.3406e-05	-131.934
481.6927	7.46	4.9767897999999995e-11	-4.57766e-05	-3.14715e-05	5.53133e-05	-146.496
484.9712	7.47	4.9834611e-11	-2.0981e-05	-4.48229e-05	4.86376e-05	-115.53
488.2338	7.48	4.9901324e-11	-9.53682e-07	-1.71663e-05	1.71663e-05	-92.046
491.5118	7.49	4.9968037e-11	-2.6703e-05	-2.47956e-05	3.52862e-05	-137.292
494.7907	7.5	5.0034749999999996e-11	-3.52862e-05	0.0	3.52862e-05	178.92
498.0684	7.51	5.0101463e-11	-2.0981e-05	-9.5368e-06	2.19346e-05	-152.652
501.3464	7.52	5.0168175999999994e-11	-2.0981e-05	3.81473e-06	2.0981e-05	167.274
504.6239	7.53	5.0234889e-11	-7.62945e-06	-1.90736e-05	1.90736e-05	-111.804
507.9031	7.54	5.0301602e-11	-1.81199e-05	-4.7684e-06	1.71663e-05	-164.358
511.1814	7.55	5.036831499999999e-11	-2.6703e-05	-3.33788e-05	4.10082e-05	-128.958
514.4755	7.56	5.0435027999999995e-11	-9.53682e-07	-3.24252e-05	3.05178e-05	-92.436
517.7537	7.57	5.0501741e-11	-6.67575e-06	-3.71935e-05	3.71935e-05	-103.296
521.0322	7.58	5.0568454e-11	-3.05178e-05	-9.5368e-06	3.05178e-05	-162.72
524.3263	7.59	5.0635166999999994e-11	-9.5368e-06	-1.90736e-06	8.58313e-06	-158.964
527.6048	7.6	5.0701879999999996e-11	-2.47956e-05	-1.04905e-05	2.47956e-05	-155.43
530.9002	7.61	5.0768593e-11	-3.91009e-05	-1.90736e-06	3.91009e-05	-177.186
534.1937	7.62	5.0835306e-11	6.67575e-06	-2.76567e-05	2.86103e-05	-79.458
537.4724	7.63	5.0902018999999996e-11	-1.04905e-05	-1.04905e-05	1.23978e-05	-126.252
540.7671	7.64	5.0968732e-11	-1.04905e-05	-6.67575e-06	1.04905e-05	-145.302
544.0461	7.65	5.1035445e-11	-1.81199e-05	-2.76567e-05	3.14715e-05	-121.374
547.3244	7.66	5.1102157999999995e-11	-4.7684e-06	-2.76567e-05	2.57493e-05	-97.308
550.6023	7.67	5.1168871e-11	-4.19619e-05	-1.81199e-05	4.38693e-05	-157.38
553.897	7.68	5.123558399999999e-11	-2.19346e-05	-2.47956e-05	3.05178e-05	-127.116
557.1599	7.69	5.1302297e-11	-8.58313e-06	-3.81473e-06	7.62945e-06	-164.748
560.4374	7.7	5.1369009999999997e-11	-2.00273e-05	-2.00273e-05	2.76567e-05	-132.09
563.7325	7.71	5.1435723e-11	-2.9564e-05	-1.81199e-05	3.24252e-05	-144.726
567.0108	7.72	5.1502435999999994e-11	-4.95913e-05	5.72208e-06	4.86376e-05	172.974
570.3052	7.73	5.1569149e-11	-2.47956e-05	-4.48229e-05	5.0545e-05	-116.562
573.5847	7.74	5.1635862e-11	0.0	-1.43052e-05	1.23978e-05	-84.288
576.8468	7.75	5.1702575e-11	-6.67575e-06	-3.43325e-05	3.52862e-05	-98.586
580.1252	7.76	5.1769287999999995e-11	-2.76567e-05	-9.5368e-06	2.86103e-05	-161.568
583.4039	7.77	5.1836001e-11	-1.04905e-05	0.0	8.58313e-06	175.602
586.6831	7.78	5.1902714e-11	-7.62945e-06	-1.23978e-05	1.33515e-05	-129.096
589.9617	7.79	5.1969426999999995e-11	-4.7684e-06	-3.14715e-05	3.05178e-05	-97.596
593.2401	7.8	5.203614e-11	-1.33515e-05	-2.0981e-05	2.47956e-05	-122.472
596.5184	7.81	5.210285299999999e-11	-2.86103e-05	-3.71935e-05	4.57766e-05	-127.206
599.8129	7.82	5.2169566e-11	-1.33515e-05	-1.62126e-05	2.00273e-05	-132.396
603.1066	7.83	5.2236278999999996e-11	-2.0981e-05	-1.33515e-05	2.3842e-05	-149.304
606.3853	7.84	5.2302992e-11	-1.81199e-05	-5.24523e-05	5.43597e-05	-110.226
609.6475	7.85	5.2369704999999994e-11	-1.23978e-05	-4.7684e-06	1.23978e-05	-165.258
612.926	7.86	5.2436418e-11	2.00273e-05	2.57493e-05	3.24252e-05	52.65
616.2213	7.87	5.2503131e-11	0.0	-2.28883e-05	2.19346e-05	-88.266
619.5153	7.88	5.2569844e-11	1.33515e-05	-1.62126e-05	2.00273e-05	-47.724
622.7931	7.89	5.2636556999999995e-11	3.81473e-06	-1.14442e-05	1.04905e-05	-79.992
626.0726	7.9	5.270327e-11	1.04905e-05	-9.5368e-06	1.43052e-05	-39.474
629.3501	7.91	5.2769983e-11	5.3406e-05	-9.53682e-07	5.24523e-05	0.0
632.6452	7.92	5.2836695999999994e-11	2.00273e-05	5.72208e-06	2.47956e-05	13.326
635.9227	7.93	5.2903408999999996e-11	3.52862e-05	-1.62126e-05	3.81472e-05	-21.612
639.2007	7.94	5.2970122e-11	4.86376e-05	0.0	4.76839e-05	0.0
642.4797	7.95	5.3036835e-11	2.47956e-05	1.90736e-05	3.14715e-05	39.21
645.775	7.96	5.3103547999999996e-11	-6.67575e-06	6.67575e-06	8.58313e-06	131.634
649.053	7.97	5.3170261e-11	-1.81199e-05	-1.62126e-05	2.28883e-05	-138.504
652.347	7.98	5.3236974e-11	3.81473e-06	-9.5368e-06	8.58313e-06	-61.392
655.6424	7.99	5.3303687e-11	-1.62126e-05	-3.62399e-05	3.91009e-05	-115.302
658.9365	8.0	5.33704e-11	-1.04905e-05	-4.10082e-05	4.19619e-05	-104.472
662.2145	8.01	5.343711299999999e-11	-4.29156e-05	-1.33515e-05	4.38693e-05	-166.608
665.5097	8.02	5.3503825999999995e-11	-4.67303e-05	-3.81473e-06	4.57766e-05	-177.474
668.8042	8.03	5.357053899999999e-11	-2.6703e-05	-2.86103e-05	3.71935e-05	-129.936
672.0828	8.04	5.363725199999999e-11	-1.14442e-05	-1.81199e-05	2.00273e-05	-114.906
675.3612	8.05	5.3703965e-11	-1.62126e-05	-4.00546e-05	4.00546e-05	-112.332
678.6395	8.06	5.3770678e-11	-2.86104e-06	-1.62126e-05	1.52589e-05	-97.434
681.918	8.07	5.3837391e-11	-1.14442e-05	-2.0981e-05	2.19346e-05	-112.752
685.1952	8.08	5.3904104e-11	2.9564e-05	-1.04905e-05	3.24252e-05	-17.022
688.4589	8.09	5.3970816999999995e-11	-1.62126e-05	-2.6703e-05	2.9564e-05	-120.528
691.7365	8.1	5.403753e-11	1.90736e-06	8.58313e-06	8.58313e-06	59.742
695.0152	8.11	5.410424299999999e-11	-9.5368e-06	0.0	8.58313e-06	180.0
698.2943	8.12	5.4170955999999995e-11	-1.81199e-05	-1.90736e-05	2.3842e-05	-130.428
701.5888	8.13	5.4237669000000003e-11	1.33515e-05	-3.81473e-06	1.52589e-05	-12.264
704.8833	8.14	5.4304382e-11	3.05178e-05	1.43052e-05	3.24252e-05	25.512
708.1598	8.15	5.4371095e-11	1.71663e-05	4.76839e-05	5.14986e-05	66.702
711.4552	8.16	5.4437807999999996e-11	2.86104e-06	3.24252e-05	3.14715e-05	87.612
714.7508	8.17	5.4504521e-11	-1.71663e-05	-2.00273e-05	2.57493e-05	-127.404
718.0452	8.18	5.4571233999999994e-11	1.90736e-05	-3.81473e-06	2.0981e-05	-14.034
721.3065	8.19	5.4637946999999996e-11	2.00273e-05	1.14442e-05	2.28883e-05	29.538
724.5857	8.2	5.470465999999999e-11	-2.28883e-05	2.86104e-06	2.19346e-05	171.636
727.8647	8.21	5.4771373000000006e-11	-2.86103e-05	1.52589e-05	3.14715e-05	152.904
731.1591	8.22	5.4838086e-11	-7.62945e-06	-1.62126e-05	1.71663e-05	-109.092
734.4536	8.23	5.4904799e-11	-2.6703e-05	-2.28883e-05	3.24252e-05	-140.04
737.747	8.24	5.4971512e-11	-1.52589e-05	8.58313e-06	1.71663e-05	142.308
741.0252	8.25	5.5038224999999995e-11	-2.0981e-05	-4.7684e-06	2.19346e-05	-168.366
744.305	8.26	5.5104937999999996e-11	-2.28883e-05	-3.71935e-05	4.38693e-05	-121.548
747.5829	8.27	5.517165099999999e-11	1.23978e-05	-2.3842e-05	2.6703e-05	-58.296
750.8617	8.28	5.5238363999999994e-11	-9.5368e-06	-1.81199e-05	2.00273e-05	-114.144
754.1552	8.29	5.530507699999999e-11	-4.7684e-06	-1.81199e-05	1.81199e-05	-105.066
757.434	8.3	5.5371790000000004e-11	-4.7684e-06	-2.3842e-05	2.19346e-05	-98.364
760.7292	8.31	5.5438503e-11	-1.62126e-05	-2.00273e-05	2.47956e-05	-129.804
764.007	8.32	5.5505216e-11	-1.43052e-05	-5.6267e-05	5.72207e-05	-104.196
767.2848	8.33	5.5571929e-11	-8.58313e-06	-1.14442e-05	1.23978e-05	-119.358
770.5645	8.34	5.5638642e-11	-3.14715e-05	-7.62945e-06	3.24252e-05	-168.462
773.8592	8.35	5.5705354999999995e-11	-3.14715e-05	-1.81199e-05	3.71935e-05	-149.382
777.1365	8.36	5.577206799999999e-11	-2.6703e-05	-4.67303e-05	5.24523e-05	-118.782
780.448	8.37	5.583878099999999e-11	-3.81473e-06	-2.47956e-05	2.3842e-05	-101.31
783.7425	8.38	5.5905494e-11	9.53682e-07	0.0	1.90736e-06	18.432
787.0364	8.39	5.5972207e-11	-2.9564e-05	-1.81199e-05	3.43325e-05	-149.034
790.3152	8.4	5.603892e-11	3.81473e-06	-2.6703e-05	2.57493e-05	-79.824
793.5939	8.41	5.6105633e-11	1.04905e-05	0.0	1.04905e-05	3.816
796.8874	8.42	5.6172345999999996e-11	-6.67575e-06	-2.28883e-05	2.19346e-05	-103.242
800.1664	8.43	5.6239059e-11	3.62399e-05	1.04905e-05	3.91009e-05	18.738
803.4442	8.44	5.630577199999999e-11	2.9564e-05	6.67575e-06	2.9564e-05	11.82
806.7236	8.45	5.6372484999999995e-11	1.33515e-05	-5.72208e-06	1.52589e-05	-26.562
810.0015	8.46	5.6439198000000003e-11	8.58313e-06	1.62126e-05	1.71663e-05	65.376
813.2785	8.47	5.6505911e-11	1.90736e-05	1.62126e-05	2.47956e-05	45.0
816.559	8.48	5.6572624e-11	2.86104e-06	-3.81473e-06	6.67575e-06	-37.878
819.8358	8.49	5.6639336999999996e-11	8.58313e-06	-1.62126e-05	1.71663e-05	-68.196
823.132	8.5	5.670605e-11	2.86104e-06	-2.47956e-05	2.3842e-05	-79.284
826.4087	8.51	5.6772762999999994e-11	-5.6267e-05	-2.86104e-06	5.72207e-05	-176.67
829.6879	8.52	5.6839475999999996e-11	-2.9564e-05	-4.00546e-05	4.86376e-05	-124.548
832.9834	8.53	5.690618899999999e-11	-6.48503e-05	-9.53682e-07	6.2943e-05	180.0
836.2768	8.54	5.697290199999999e-11	-4.19619e-05	-2.6703e-05	5.0545e-05	-147.756
839.5546	8.55	5.7039615e-11	-4.86376e-05	-7.62945e-06	4.86376e-05	-169.764
842.8331	8.56	5.7106328000000004e-11	-3.62399e-05	-3.71935e-05	5.14986e-05	-133.98
846.1291	8.57	5.7173041e-11	-4.67303e-05	-4.67303e-05	6.77113e-05	-136.548
849.4066	8.58	5.7239753999999995e-11	1.81199e-05	-9.5368e-06	2.28883e-05	-20.376
852.7005	8.59	5.7306466999999997e-11	-4.7684e-06	-3.05178e-05	3.05178e-05	-99.042
856.0125	8.6	5.737317999999999e-11	1.62126e-05	-2.86104e-06	1.52589e-05	-7.764
859.2903	8.61	5.7439892999999994e-11	1.14442e-05	-1.81199e-05	2.0981e-05	-56.31
862.5678	8.62	5.750660599999999e-11	1.33515e-05	-6.67575e-06	1.52589e-05	-30.066
865.8468	8.63	5.7573319000000004e-11	-1.62126e-05	2.19346e-05	2.6703e-05	127.146
869.1092	8.64	5.7640032e-11	-5.72208e-06	-9.53682e-07	3.81473e-06	180.0
872.4046	8.65	5.7706745e-11	1.90736e-06	-1.62126e-05	1.52589e-05	-80.136
875.6831	8.66	5.7773458e-11	9.5368e-06	0.0	9.5368e-06	7.596
878.9764	8.67	5.7840171e-11	-3.43325e-05	-5.72208e-06	3.43325e-05	-172.182
882.2552	8.68	5.7906883999999995e-11	-6.67575e-06	2.86104e-06	8.58313e-06	151.392
885.5344	8.69	5.7973596999999997e-11	-1.81199e-05	-3.81473e-06	1.71663e-05	-169.506
888.8277	8.7	5.804030999999999e-11	-9.5368e-06	-2.9564e-05	2.9564e-05	-101.31
892.1225	8.71	5.8107023e-11	2.86104e-06	0.0	3.81473e-06	0.0
895.4165	8.72	5.8173736e-11	-2.6703e-05	-3.81472e-05	4.48229e-05	-122.274
898.7101	8.73	5.8240449e-11	2.9564e-05	-1.04905e-05	3.24252e-05	-17.022
901.9898	8.74	5.8307162e-11	2.00273e-05	1.90736e-05	2.86103e-05	45.0
905.2687	8.75	5.8373875e-11	-4.48229e-05	3.81473e-06	4.38693e-05	173.19
908.5465	8.76	5.8440588e-11	-2.47956e-05	-1.04905e-05	2.47956e-05	-156.798
911.8248	8.77	5.8507301e-11	-2.6703e-05	-1.52589e-05	3.05178e-05	-151.782
915.0874	8.78	5.857401399999999e-11	-3.62399e-05	1.71663e-05	4.00546e-05	150.948
918.3818	8.79	5.864072699999999e-11	-2.9564e-05	9.5368e-06	2.86103e-05	159.906
921.6765	8.8	5.870744e-11	1.04905e-05	1.90736e-05	2.3842e-05	53.748
924.9546	8.81	5.8774153e-11	-2.00273e-05	-9.5368e-06	1.90736e-05	-149.742
928.2339	8.82	5.8840866e-11	-4.19619e-05	-6.67575e-06	4.19619e-05	-169.218
931.5284	8.83	5.8907579e-11	-1.62126e-05	-2.76567e-05	3.05178e-05	-122.658
934.8061	8.84	5.8974292e-11	4.7684e-06	-5.3406e-05	5.24523e-05	-87.798
938.0994	8.85	5.904100499999999e-11	-1.62126e-05	-6.67575e-06	1.52589e-05	-158.196
941.3949	8.86	5.910771799999999e-11	1.81199e-05	-2.86103e-05	3.24252e-05	-57.264
944.6893	8.8705	5.917776665e-11	-1.43052e-05	5.72208e-06	1.52589e-05	154.536
947.9667	8.88	5.924114400000001e-11	-4.7684e-06	1.43052e-05	1.52589e-05	106.926
951.246	8.89	5.9307857e-11	5.72208e-06	-7.62945e-06	8.58313e-06	-42.276
954.5416	8.9	5.937457e-11	-2.86103e-05	6.67575e-06	2.86103e-05	167.904
957.8199	8.91	5.9441283e-11	-2.47956e-05	-1.04905e-05	2.86103e-05	-159.906
961.0983	8.92	5.950799599999999e-11	-2.9564e-05	-3.81472e-05	4.67303e-05	-127.032
964.4088	8.93	5.957470899999999e-11	-1.14442e-05	-2.0981e-05	2.47956e-05	-123.69
967.7023	8.94	5.9641422e-11	5.72208e-06	-2.19346e-05	2.28883e-05	-71.568
970.9818	8.95	5.9708135e-11	2.86103e-05	8.58313e-06	3.05178e-05	15.462
974.2603	8.96	5.9774848e-11	8.58313e-06	1.52589e-05	1.71663e-05	66.252
977.5381	8.97	5.9841561e-11	1.52589e-05	1.23978e-05	1.81199e-05	45.0
980.8165	8.98	5.9908274e-11	-7.62945e-06	-6.67575e-06	8.58313e-06	-140.712
984.6396	8.99	5.9974987e-11	-2.86103e-05	4.7684e-06	2.76567e-05	168.96
987.918	9.0	6.004169999999999e-11	-4.57766e-05	-2.00273e-05	4.86376e-05	-155.88
991.2125	9.01	6.0108413e-11	-3.71935e-05	-1.43052e-05	3.91009e-05	-163.032
994.5065	9.02	6.0175126e-11	-2.00273e-05	-2.76567e-05	3.24252e-05	-124.992
997.7853	9.03	6.0241839e-11	1.90736e-06	-2.47956e-05	2.3842e-05	-91.548
1001.0788	9.04	6.030855199999999e-11	-1.81199e-05	-1.23978e-05	2.0981e-05	-143.844
1004.3584	9.05	6.0375265e-11	-4.7684e-06	-1.81199e-05	1.81199e-05	-108.432
1007.6351	9.06	6.0441978e-11	9.5368e-06	-1.04905e-05	1.52589e-05	-39.474
1010.9315	9.07	6.0508691e-11	-3.43325e-05	-3.05178e-05	4.48229e-05	-138.576
1014.2253	9.08	6.0575404e-11	-1.14442e-05	-1.71663e-05	2.00273e-05	-131.184
1017.5042	9.09	6.0642117e-11	-9.5368e-06	8.58313e-06	1.43052e-05	136.734
1020.7827	9.1	6.070883e-11	-1.52589e-05	1.52589e-05	2.19346e-05	136.218
1024.0612	9.11	6.077554299999999e-11	-1.43052e-05	-3.81473e-06	1.43052e-05	-166.608
1027.3553	9.12	6.084225599999999e-11	-2.28883e-05	-9.5368e-06	2.47956e-05	-155.43
1030.6331	9.13	6.0908969e-11	4.7684e-06	-1.43052e-05	1.43052e-05	-71.568
1033.9285	9.14	6.0975682e-11	-1.62126e-05	-3.71935e-05	3.91009e-05	-114.36
1037.2064	9.15	6.1042395e-11	1.90736e-06	-6.67575e-06	5.72208e-06	-60.948
1040.4839	9.16	6.1109108e-11	1.04905e-05	-2.00273e-05	2.19346e-05	-62.7
1043.78	9.17	6.1175821e-11	-2.86104e-06	-1.90736e-05	1.90736e-05	-93.69
1047.0583	9.18	6.124253399999999e-11	-4.48229e-05	-1.71663e-05	4.57766e-05	-159.444
1050.352	9.19	6.130924699999999e-11	-4.29156e-05	-6.67575e-06	4.38693e-05	-171.384
1053.6301	9.2	6.137595999999999e-11	-3.14715e-05	-6.67575e-06	3.14715e-05	-169.158
1056.9088	9.21	6.144267300000001e-11	-2.00273e-05	-4.7684e-06	1.90736e-05	-166.428
1060.1869	9.22	6.1509386e-11	-7.62945e-06	-2.86104e-06	8.58313e-06	-162.9
1063.4981	9.23	6.1576099e-11	3.81473e-06	8.58313e-06	8.58313e-06	52.122
1066.7928	9.24	6.1642812e-11	2.86103e-05	-9.5368e-06	2.9564e-05	-18.036
1070.0863	9.25	6.1709525e-11	9.53682e-07	-1.33515e-05	1.33515e-05	-90.0
1073.3813	9.26	6.177623799999999e-11	1.33515e-05	-9.5368e-06	1.52589e-05	-30.966
1076.6591	9.27	6.1842951e-11	-3.14715e-05	-1.23978e-05	3.24252e-05	-159.042
1079.953	9.28	6.1909664e-11	-1.04905e-05	0.0	1.04905e-05	176.634
1083.2484	9.29	6.197637699999999e-11	-2.0981e-05	1.90736e-06	1.90736e-05	170.22
1086.5426	9.3	6.204309e-11	-1.62126e-05	-1.14442e-05	1.71663e-05	-142.698
1089.8378	9.31	6.2109803e-11	-2.00273e-05	-1.62126e-05	2.47956e-05	-139.236
1093.1328	9.32	6.2176516e-11	-4.00546e-05	-3.05178e-05	5.0545e-05	-142.386
1096.4102	9.33	6.224322899999999e-11	-3.52862e-05	-3.14715e-05	4.67303e-05	-138.366
1099.6897	9.34	6.2309942e-11	-1.71663e-05	-2.00273e-05	2.3842e-05	-128.418
1102.9672	9.35	6.2376655e-11	4.7684e-06	-2.9564e-05	2.86103e-05	-77.904
1106.245	9.36	6.2443368e-11	-2.19346e-05	1.14442e-05	2.3842e-05	147.654
1109.5242	9.37	6.251008099999999e-11	-8.58313e-06	8.58313e-06	1.14442e-05	139.086
1112.8028	9.38	6.2576794e-11	2.3842e-05	-3.71935e-05	4.38693e-05	-56.07
1116.0807	9.39	6.2643507e-11	-1.52589e-05	6.67575e-06	1.71663e-05	156.252
1119.3753	9.4	6.271022e-11	-8.58313e-06	-1.23978e-05	1.33515e-05	-115.344
1122.6863	9.41	6.2776933e-11	-4.76839e-05	-3.81473e-06	4.57766e-05	-175.098
1125.9641	9.42	6.2843646e-11	9.5368e-06	-1.33515e-05	1.52589e-05	-46.734
1129.2432	9.43	6.2910359e-11	-1.43052e-05	-2.28883e-05	2.6703e-05	-124.44
1132.5065	9.44	6.297707199999999e-11	2.28883e-05	-6.67575e-06	2.3842e-05	-14.034
1135.8005	9.45	6.304378499999999e-11	-1.04905e-05	-1.43052e-05	1.71663e-05	-124.284
1139.0953	9.46	6.3110498e-11	-1.71663e-05	-2.19346e-05	2.57493e-05	-124.08
1142.3901	9.47	6.317721100000001e-11	2.57493e-05	3.81473e-06	2.76567e-05	9.69
1145.6675	9.48	6.3243924e-11	2.86104e-06	2.86104e-06	4.7684e-06	39.804
1148.9458	9.49	6.3310637e-11	-1.81199e-05	-4.29156e-05	4.57766e-05	-112.992
1152.2252	9.5	6.337735e-11	-7.62945e-06	3.14715e-05	3.24252e-05	98.13
1155.4866	9.51	6.344406299999999e-11	-9.5368e-06	-1.14442e-05	1.52589e-05	-133.152
1158.7652	9.52	6.351077599999999e-11	5.72208e-06	5.72208e-06	8.58313e-06	48.366
1162.045	9.53	6.357748899999999e-11	-4.7684e-06	-1.62126e-05	1.52589e-05	-103.392
1165.3395	9.54	6.3644202e-11	-3.62399e-05	-6.67575e-06	3.43325e-05	-167.592
1168.6169	9.55	6.3710915e-11	-2.28883e-05	-4.19619e-05	4.57766e-05	-115.464
1171.9123	9.56	6.3777628e-11	-9.5368e-06	-1.52589e-05	1.52589e-05	-120.966
1175.1899	9.57	6.3844341e-11	-2.6703e-05	4.7684e-06	2.47956e-05	167.796
1178.4677	9.58	6.3911054e-11	-1.23978e-05	1.90736e-06	1.23978e-05	171.03
1181.7633	9.59	6.397776699999999e-11	-2.19346e-05	-2.76567e-05	3.43325e-05	-128.658
1185.058	9.6	6.404448e-11	-4.00546e-05	-2.00273e-05	4.19619e-05	-152.622
1188.3347	9.61	6.4111193e-11	-2.6703e-05	-4.7684e-06	2.6703e-05	-167.322
1191.6292	9.62	6.417790599999999e-11	-2.6703e-05	-2.6703e-05	3.62399e-05	-135.0
1194.9081	9.63	6.4244619e-11	-2.86104e-06	-3.52862e-05	3.43325e-05	-93.3
1198.1878	9.64	6.4311332e-11	-1.33515e-05	-6.67575e-06	1.33515e-05	-157.164
1201.465	9.65	6.4378045e-11	3.81473e-06	-1.23978e-05	1.14442e-05	-80.538
1204.76	9.66	6.444475799999999e-11	-4.7684e-06	-6.67575e-06	5.72208e-06	-129.804
1208.0544	9.67	6.4511471e-11	3.91009e-05	3.81473e-06	3.91009e-05	3.69
1211.3339	9.68	6.4578184e-11	3.33788e-05	-1.04905e-05	3.33788e-05	-19.884
1214.5953	9.69	6.4644897e-11	4.19619e-05	1.90736e-06	4.29156e-05	4.332
1217.8587	9.7	6.471160999999999e-11	4.48229e-05	2.76567e-05	5.24523e-05	31.086
1221.1193	9.71	6.4778323e-11	3.91009e-05	1.71663e-05	4.19619e-05	26.964
1224.3982	9.72	6.4845036e-11	2.76567e-05	2.6703e-05	3.62399e-05	49.512
1227.6607	9.73	6.4911749e-11	5.53133e-05	5.81744e-05	7.91554e-05	45.0
1230.9402	9.74	6.4978462e-11	7.1526e-05	4.7684e-06	7.24797e-05	4.638
1234.2187	9.75	6.5045175e-11	5.24523e-05	2.00273e-05	5.72207e-05	22.17
1237.4964	9.76	6.5111888e-11	3.05178e-05	1.62126e-05	3.43325e-05	25.08
1240.7594	9.77	6.517860099999999e-11	2.57493e-05	-9.5368e-06	2.57493e-05	-20.724
1244.038	9.78	6.524531399999999e-11	3.24252e-05	1.23978e-05	3.52862e-05	22.782
1247.3319	9.79	6.531202699999999e-11	1.23978e-05	-2.3842e-05	2.57493e-05	-64.092
1250.5952	9.8	6.537874000000001e-11	2.86104e-06	-1.81199e-05	1.81199e-05	-74.934
1253.8902	9.81	6.5445453e-11	0.0	-1.14442e-05	1.04905e-05	-102.528
1257.1846	9.82	6.5512166e-11	-2.9564e-05	-2.28883e-05	3.52862e-05	-141.168
1260.462	9.83	6.5578879e-11	-1.62126e-05	-4.19619e-05	4.38693e-05	-111.162
1263.7236	9.84	6.564559199999999e-11	-1.52589e-05	6.67575e-06	1.62126e-05	153.438
1266.988	9.85	6.571230499999999e-11	-1.04905e-05	-3.05178e-05	3.05178e-05	-107.652
1270.2652	9.86	6.577901799999999e-11	-2.57493e-05	-1.43052e-05	2.86103e-05	-151.698
1273.5288	9.87	6.5845731e-11	-2.00273e-05	-2.00273e-05	2.76567e-05	-132.09
1276.7894	9.88	6.5912444e-11	1.90736e-06	-1.14442e-05	1.04905e-05	-76.758
1280.069	9.89	6.5979157e-11	5.0545e-05	1.04905e-05	5.0545e-05	13.284
1283.3474	9.9	6.604587e-11	-2.86104e-06	-3.71935e-05	3.62399e-05	-93.12
1286.6264	9.91	6.6112583e-11	2.28883e-05	-1.71663e-05	2.76567e-05	-36.024
1289.8873	9.92	6.617929599999999e-11	5.72208e-06	-7.62945e-06	8.58313e-06	-45.0
1293.1665	9.93	6.6246009e-11	-6.67575e-06	-1.62126e-05	1.52589e-05	-116.562
1296.445	9.94	6.6312722e-11	-1.71663e-05	-1.62126e-05	2.3842e-05	-145.008
1299.7243	9.95	6.6379435e-11	-5.24523e-05	-1.90736e-05	5.6267e-05	-160.074
1303.0016	9.96	6.6446148e-11	-6.2943e-05	-5.3406e-05	8.10628e-05	-139.602
1306.2965	9.97	6.6512861e-11	-6.48503e-05	-7.1526e-05	9.63216e-05	-131.7
1309.5748	9.98	6.6579574e-11	-8.86922e-05	-3.05178e-05	9.25069e-05	-161.04
1312.8535	9.99	6.664628699999999e-11	-8.01091e-05	-5.9128e-05	9.82289e-05	-144.372
1316.1324	10.0	6.6713e-11	-5.43597e-05	-3.52862e-05	6.2943e-05	-146.646
1319.4113	10.01	6.6779713e-11	-2.19346e-05	-4.95913e-05	5.3406e-05	-114.036
1322.6729	10.02	6.6846426e-11	2.28883e-05	1.90736e-06	2.28883e-05	4.902
1325.9525	10.03	6.691313899999999e-11	1.90736e-05	2.00273e-05	2.6703e-05	50.016
1329.2139	10.04	6.697985199999999e-11	2.19346e-05	-4.7684e-06	2.47956e-05	-9.924
1332.4923	10.05	6.7046565e-11	4.38693e-05	3.91009e-05	5.72207e-05	42.594
1335.7714	10.06	6.7113278e-11	0.0	-4.7684e-06	3.81473e-06	-51.342
1339.0484	10.07	6.7179991e-11	1.90736e-06	1.90736e-06	2.86104e-06	53.13
1342.3128	10.08	6.7246704e-11	-2.19346e-05	-9.5368e-06	2.19346e-05	-151.116
1345.5739	10.09	6.7313417e-11	-1.71663e-05	-1.62126e-05	2.19346e-05	-137.388
1348.8536	10.1	6.738012999999999e-11	-2.00273e-05	-2.28883e-05	2.86103e-05	-125.538
1352.1314	10.11	6.744684299999999e-11	-4.29156e-05	-3.81473e-06	3.91009e-05	-173.118
1355.4097	10.12	6.751355599999999e-11	-4.48229e-05	-2.86103e-05	5.14986e-05	-148.536
1358.688	10.13	6.758026900000001e-11	-3.52862e-05	-9.53682e-07	3.52862e-05	-176.82
1361.9666	10.14	6.7646982e-11	-4.29156e-05	-2.47956e-05	4.86376e-05	-149.97
1365.2452	10.15	6.7713695e-11	-2.00273e-05	-1.90736e-05	2.6703e-05	-138.942
1368.5226	10.16	6.7780408e-11	-1.14442e-05	-2.00273e-05	2.19346e-05	-118.074
1371.803	10.17	6.7847121e-11	-1.52589e-05	-2.0981e-05	2.3842e-05	-124.116
1375.0814	10.18	6.791383399999999e-11	-6.67575e-06	-4.7684e-06	8.58313e-06	-143.976
1378.3599	10.19	6.798054699999999e-11	-4.10082e-05	-2.28883e-05	4.48229e-05	-150.69
1381.6384	10.2	6.804726e-11	-4.57766e-05	-2.3842e-05	5.14986e-05	-152.142
1384.9166	10.21	6.8113973e-11	-4.38693e-05	-5.14986e-05	6.77113e-05	-131.082
1388.2098	10.22	6.8180686e-11	-4.67303e-05	-4.7684e-06	4.67303e-05	-174.45
1391.4734	10.23	6.8247399e-11	-6.67577e-05	-2.28883e-05	7.05724e-05	-161.058
1394.7352	10.24	6.8314112e-11	-4.38693e-05	-2.47956e-05	4.86376e-05	-151.326
1398.0131	10.25	6.838082499999999e-11	-3.33788e-05	-2.76567e-05	4.19619e-05	-138.816
1401.2916	10.26	6.8447538e-11	-6.8665e-05	-4.67303e-05	8.20165e-05	-145.158
1404.5714	10.27	6.8514251e-11	-7.82018e-05	-6.2943e-05	0.000100136	-140.868
1407.8646	10.28	6.8580964e-11	-0.000115395	-4.95913e-05	0.000125886	-157.914
1411.1588	10.29	6.864767699999999e-11	-0.000143052	-2.0981e-05	0.000143052	-171.492
1414.4541	10.3	6.871439e-11	-0.00010109	-7.43871e-05	0.000124932	-144.354
1417.7325	10.31	6.8781103e-11	-0.000102044	-3.24252e-05	0.000105858	-161.34
1421.0115	10.32	6.884781599999999e-11	-0.000117302	-4.48229e-05	0.000125886	-159.552
1424.2742	10.33	6.8914529e-11	-0.000108719	-3.05178e-05	0.000110627	-164.292
1427.5512	10.34	6.8981242e-11	-0.000102997	-6.19893e-05	0.000117302	-149.202
1430.8303	10.35	6.9047955e-11	-0.000140191	-5.3406e-05	0.000148774	-158.964
1434.1093	10.36	6.911466799999999e-11	-0.000179292	-4.67303e-05	0.000185014	-165.564
1437.3879	10.37	6.918138099999999e-11	-0.000166894	-7.62944e-05	0.00018406	-155.556
1440.6652	10.38	6.9248094e-11	-0.000177384	-8.01091e-05	0.000193597	-156.078
1443.9608	10.39	6.9314807e-11	-0.000195504	-0.000102044	0.000218392	-151.95
1447.2392	10.4	6.938152e-11	-0.000186921	-8.67848e-05	0.000204087	-155.694
1450.5166	10.41	6.9448233e-11	-0.000213624	-0.000121117	0.000245096	-150.252
1453.7952	10.42	6.9514946e-11	-0.000229836	-8.77385e-05	0.000245096	-159.006
1457.0584	10.43	6.958165899999999e-11	-0.000229836	-0.000102997	0.000249865	-155.634
1460.3352	10.44	6.964837199999999e-11	-0.000269892	-0.000108719	0.000287058	-157.854
1463.6153	10.45	6.971508499999999e-11	-0.000250818	-9.91826e-05	0.000268938	-158.7
1466.9093	10.46	6.978179800000001e-11	-0.000271799	-0.000128747	0.000299456	-154.23
1470.2027	10.47	6.9848511e-11	-0.00027466	-0.000122071	0.000298502	-156.234
1473.4981	10.48	6.9915224e-11	-0.000315668	-0.000130654	0.000341417	-157.824
1476.7765	10.49	6.9981937e-11	-0.000315668	-0.00014782	0.000347139	-154.908
1480.0542	10.5	7.004865e-11	-0.000319483	-0.000158311	0.000355722	-153.582
1483.3174	10.51	7.011536299999999e-11	-0.000343325	-0.000150681	0.000373842	-156.402
1486.5952	10.52	7.018207599999999e-11	-0.000332834	-0.000156404	0.000365259	-154.884
1489.8744	10.53	7.0248789e-11	-0.000383379	-0.000170709	0.000418665	-156.168
1493.1366	10.54	7.031550199999998e-11	-0.000370981	-0.000203134	0.00042248	-151.74
1496.4001	10.55	7.0382215e-11	-0.000407221	-0.000205995	0.000453951	-153.21
1499.6784	10.56	7.0448928e-11	-0.000438692	-0.000206948	0.000482561	-154.818
1502.9731	10.57	7.0515641e-11	-0.000468256	-0.000247004	0.000529293	-152.142
1506.2515	10.58	7.058235399999999e-11	-0.00050259	-0.000260355	0.000564579	-152.622
1509.5291	10.59	7.0649067e-11	-0.0004921	-0.000254633	0.000553135	-152.724
1512.8084	10.6	7.071578e-11	-0.000524525	-0.000297548	0.000602726	-150.492
1516.0698	10.61	7.0782493e-11	-0.000483515	-0.000291826	0.000563625	-149.034
1519.3322	10.62	7.084920599999999e-11	-0.000544552	-0.0003109	0.000623707	-150.18
1522.6274	10.63	7.0915919e-11	-0.000558857	-0.000279428	0.000623707	-153.438
1525.9222	10.64	7.0982632e-11	-0.000611309	-0.000336649	0.000698093	-151.134
1529.2165	10.65	7.104934499999999e-11	-0.000634197	-0.000348093	0.000721935	-151.38
1532.4952	10.66	7.1116058e-11	-0.000619892	-0.000398638	0.000735287	-147.204
1535.7738	10.67	7.1182771e-11	-0.000672344	-0.000371935	0.000765804	-151.098
1539.0524	10.68	7.1249484e-11	-0.000669483	-0.000405313	0.000782017	-148.938
1542.3301	10.69	7.131619699999999e-11	-0.000731472	-0.000421526	0.000843052	-150.09
1545.6093	10.7	7.138290999999999e-11	-0.000750545	-0.000452043	0.00087643	-148.992
1548.8865	10.71	7.1449623e-11	-0.000806812	-0.000448229	0.000922207	-150.972
1552.1653	10.72	7.151633600000001e-11	-0.000807766	-0.000490192	0.000944141	-148.818
1555.4446	10.73	7.1583049e-11	-0.000870708	-0.00053883	0.00102425	-148.38
1558.7063	10.74	7.1649762e-11	-0.000927929	-0.00054932	0.00107766	-149.358
1561.9848	10.75	7.1716475e-11	-0.000933651	-0.000563625	0.00109006	-148.92
1565.264	10.76	7.178318799999999e-11	-0.00100327	-0.000615124	0.00117589	-148.518
1568.5419	10.77	7.184990099999999e-11	-0.0010233	-0.000636104	0.0012045	-148.17
1571.805	10.78	7.191661399999999e-11	-0.00107384	-0.000679974	0.00127126	-147.69
1575.0835	10.79	7.1983327e-11	-0.00108815	-0.000684742	0.00128556	-147.792
1578.3773	10.8	7.205004e-11	-0.00115586	-0.000716213	0.0013609	-148.188
1581.6553	10.81	7.2116753e-11	-0.00117589	-0.000771526	0.00140382	-146.754
1584.9505	10.82	7.2183466e-11	-0.00122739	-0.000821117	0.0014782	-146.268
1588.4838	10.83	7.2250179e-11	-0.00127221	-0.000842098	0.00152493	-146.532
1591.7625	10.84	7.231689199999999e-11	-0.00127984	-0.000899319	0.00156308	-144.858
1595.0248	10.85	7.238360499999999e-11	-0.00133038	-0.000869755	0.00158978	-146.838
1598.3036	10.86	7.2450318e-11	-0.00137997	-0.00094128	0.00166894	-145.764
1601.566	10.87	7.2517031e-11	-0.00139333	-0.000972752	0.0016985	-145.05
1604.8443	10.88	7.2583744e-11	-0.00141431	-0.000984199	0.00172234	-145.128
1608.1229	10.89	7.2650457e-11	-0.00139619	-0.00102998	0.00173379	-143.586
1611.3854	10.9	7.271717e-11	-0.00131799	-0.00105	0.0016842	-141.444
1614.6636	10.91	7.278388299999999e-11	-0.00119401	-0.00098706	0.00154973	-140.442
1617.9421	10.92	7.2850596e-11	-0.000898365	-0.00090218	0.00127126	-134.934
1621.2048	10.93	7.2917309e-11	-0.000421526	-0.000706676	0.000821117	-120.858
1624.4829	10.94	7.2984022e-11	0.00024605	-0.000405313	0.000474932	-58.758
1627.7631	10.95	7.305073499999999e-11	0.00130273	0.000124932	0.00130845	5.49
1631.0416	10.96	7.3117448e-11	0.00258256	0.000913624	0.00273992	19.404
1634.3191	10.97	7.3184161e-11	0.00417808	0.00186921	0.00457957	24.108
1637.5983	10.98	7.325087399999999e-11	0.006053	0.00316431	0.0068312	27.606
1640.8599	10.99	7.3317587e-11	0.00797659	0.00444892	0.0091334	29.166
1644.1394	11.0	7.33843e-11	0.00973803	0.00579551	0.0113326	30.768
1647.4169	11.01	7.3451013e-11	0.0108986	0.00665572	0.0127717	31.428
1650.6952	11.02	7.351772599999999e-11	0.0112486	0.0070391	0.0132695	32.034
1653.9575	11.0305	7.358777465e-11	0.0102254	0.00643066	0.0120812	32.166
1657.2364	11.04	7.365115199999999e-11	0.00801283	0.00501254	0.00945574	32.016
1660.5153	11.05	7.371786500000001e-11	0.00469783	0.00296499	0.00555423	32.268
1663.793	11.06	7.3784578e-11	0.00103188	0.000777248	0.00129224	37.014
1667.0726	11.07	7.3851291e-11	-0.00196268	-0.000993736	0.00219919	-153.072
1670.351	11.08	7.3918004e-11	-0.00351526	-0.00183202	0.0039635	-152.472
1673.6293	11.09	7.398471699999999e-11	-0.0035267	-0.00183965	0.00397685	-152.424
1676.9077	11.1	7.405142999999999e-11	-0.00238515	-0.00122834	0.00268175	-152.772
1680.1852	11.11	7.411814299999999e-11	-0.000910763	-0.000505451	0.00103951	-150.792
1683.4649	11.12	7.4184856e-11	2.3842e-05	-0.000127793	0.000129701	-77.664
1686.7265	11.13	7.4251569e-11	9.05995e-05	-0.000118256	0.00014782	-52.26
1689.9891	11.14	7.4318282e-11	-0.000319483	-0.000325205	0.000454905	-134.586
1693.2682	11.15	7.4384995e-11	-0.000665668	-0.000411035	0.000779156	-148.212
1696.5466	11.16	7.4451708e-11	-0.000554089	-0.000232697	0.000598911	-157.062
1699.8096	11.17	7.451842099999999e-11	-7.82018e-05	8.96459e-05	0.000117302	129.972
1703.0879	11.18	7.458513399999999e-11	0.000330927	0.000307085	0.000452043	43.086
1706.3648	11.19	7.4651847e-11	0.000315668	0.000222207	0.000387194	35.034
1709.645	11.2	7.471856e-11	-8.48775e-05	-2.3842e-05	8.58312e-05	-164.784
1712.9392	11.21	7.4785273e-11	-0.000555042	-0.000278475	0.000619892	-153.078
1716.2019	11.22	7.4851986e-11	-0.000729565	-0.000308992	0.0007906	-156.954
1719.4804	11.23	7.4918699e-11	-0.000463488	-9.53679e-05	0.000472071	-168.546
1722.7574	11.24	7.498541199999999e-11	-7.62944e-05	7.53407e-05	0.000105858	134.484
1726.0362	11.25	7.5052125e-11	0.00010109	0.000132562	0.000168801	52.182
1729.2988	11.26	7.5118838e-11	-0.00020218	-0.000153542	0.000252726	-142.8
1732.5615	11.27	7.5185551e-11	-0.000734333	-0.000472071	0.000871662	-147.12
1735.8404	11.28	7.525226399999999e-11	-0.00116158	-0.000704769	0.00135804	-148.752
1739.1191	11.29	7.531897699999999e-11	-0.00124837	-0.000720982	0.00144101	-149.988
1742.3965	11.3	7.538569e-11	-0.000935558	-0.000512127	0.00106717	-151.47
1745.6753	11.31	7.545240299999999e-11	-0.000449182	-0.00021267	0.000496868	-154.776
1748.9545	11.32	7.5519116e-11	-8.77385e-05	2.19346e-05	9.05995e-05	165.966
1752.2332	11.33	7.5585829e-11	0.00012684	0.000143052	0.000192643	48.204
1755.5116	11.34	7.5652542e-11	0.00011921	9.05995e-05	0.000149728	36.516
1758.79	11.35	7.571925499999999e-11	-2.47956e-05	4.57766e-05	5.0545e-05	116.898
1762.0525	11.36	7.578596799999999e-11	-0.000247957	-0.000146867	0.000288012	-149.532
1765.3465	11.37	7.585268099999999e-11	-0.00054932	-0.000297548	0.000623707	-151.416
1768.6253	11.38	7.591939400000001e-11	-0.000768665	-0.000391008	0.000863079	-153.12
1771.9029	11.39	7.5986107e-11	-0.000882152	-0.000480654	0.00100518	-151.464
1775.1825	11.4	7.605282e-11	-0.000777248	-0.000370027	0.000860218	-154.488
1778.4609	11.41	7.6119533e-11	-0.000560764	-0.000288012	0.000628475	-152.862
1781.7234	11.42	7.6186246e-11	-0.000325205	-0.000180245	0.000370027	-151.176
1785.002	11.43	7.625295899999999e-11	-0.000228883	-0.00018406	0.000291826	-140.832
1788.2791	11.44	7.631967199999999e-11	-0.000290873	-0.000204087	0.000351908	-144.864
1791.5586	11.45	7.6386385e-11	-0.000403406	-0.000263216	0.000481607	-146.838
1794.8366	11.46	7.6453098e-11	-0.00044346	-0.000236512	0.000501636	-151.974
1798.1153	11.47	7.6519811e-11	-0.000338556	-0.000144959	0.000365259	-156.624
1801.3937	11.48	7.6586524e-11	-0.000148774	-5.6267e-05	0.000158311	-159.588
1804.6565	11.49	7.6653237e-11	-3.81472e-05	1.90736e-05	4.10082e-05	152.202
1807.9178	11.5	7.671994999999999e-11	-7.53407e-05	-3.33788e-05	8.10628e-05	-155.556
1811.1965	11.51	7.6786663e-11	-0.000222207	-0.000133515	0.000255587	-148.344
1814.4753	11.52	7.6853376e-11	-0.000445368	-0.00020218	0.000489239	-155.562
1817.7704	11.53	7.6920089e-11	-0.00058556	-0.00032139	0.000666622	-151.26
1821.033	11.54	7.698680199999999e-11	-0.000626568	-0.000408174	0.000745777	-146.988
1824.3115	11.55	7.7053515e-11	-0.000681881	-0.000408174	0.000794414	-149.052
1827.5898	11.56	7.7120228e-11	-0.000673298	-0.000456812	0.000812534	-145.83
1830.8836	11.57	7.718694099999999e-11	-0.000647549	-0.000377657	0.000747684	-149.85
1834.1617	11.58	7.7253654e-11	-0.000411989	-0.000267031	0.000490192	-147.126
1837.4411	11.59	7.7320367e-11	-0.000166894	-5.0545e-05	0.000172616	-163.446
1840.7196	11.6	7.738708e-11	0.000129701	9.63216e-05	0.000162126	36.306
1844.013	11.61	7.745379299999999e-11	0.000265123	0.000159265	0.000308992	30.984
1847.2907	11.62	7.752050599999999e-11	0.000163079	0.000115395	0.000199319	35.448
1850.5711	11.63	7.7587219e-11	-7.53407e-05	-8.86922e-05	0.000114441	-130.746
1853.8483	11.64	7.7653932e-11	-0.000346186	-0.000242234	0.000421526	-144.954
1857.1278	11.65	7.7720645e-11	-0.000534061	-0.000364305	0.000646595	-145.704
1860.3902	11.66	7.7787358e-11	-0.000589374	-0.000365259	0.000692371	-148.326
1863.6527	11.67	7.7854071e-11	-0.000354769	-0.000224114	0.000418665	-147.726
1866.9134	11.68	7.792078399999999e-11	-0.000104905	-1.62126e-05	0.000104905	-171.252
1870.2087	11.69	7.798749699999999e-11	0.00016594	7.82018e-05	0.000183106	25.356
1873.488	11.7	7.805420999999999e-11	0.000290873	0.000163079	0.000333788	29.436
1876.7824	11.71	7.812092300000001e-11	0.000254633	0.000139237	0.000290873	28.494
1880.0607	11.72	7.8187636e-11	5.3406e-05	-2.47956e-05	5.81744e-05	-24.498
1883.355	11.73	7.8254349e-11	-0.000142098	-0.000100136	0.000172616	-144.72
1886.6336	11.74	7.8321062e-11	-0.000240327	-0.000130654	0.000270845	-151.668
1889.928	11.75	7.8387775e-11	-0.000226975	-0.000118256	0.000254633	-152.49
1893.2053	11.76	7.845448799999999e-11	-0.000167848	-0.000122071	0.000205995	-144.204
1896.4848	11.77	7.852120099999999e-11	-0.000102044	-4.10082e-05	0.000109673	-159.36
1899.7632	11.78	7.8587914e-11	-0.000115395	-8.20165e-05	0.000141145	-144.21
1903.0243	11.79	7.865462699999998e-11	-0.000195504	-0.000161172	0.000251772	-140.604
1906.3041	11.8	7.872134e-11	-0.000307085	-0.000209809	0.000371935	-145.686
1909.5825	11.81	7.8788053e-11	-0.000277521	-0.000193597	0.000338556	-145.218
1912.8602	11.82	7.8854766e-11	-0.000247004	-0.000169755	0.000298502	-145.566
1916.1396	11.83	7.892147899999999e-11	-0.000164987	-0.000169755	0.000234605	-133.968
1919.418	11.84	7.8988192e-11	-0.000133515	-0.000124932	0.000181199	-136.932
1922.6951	11.85	7.9054905e-11	-0.000123979	-0.000104905	0.000160218	-140.406
1925.9909	11.86	7.9121618e-11	-5.72207e-05	-6.8665e-05	8.77385e-05	-130.788
1929.2527	11.87	7.918833099999999e-11	4.57766e-05	5.72208e-06	4.67303e-05	6.522
1932.5152	11.88	7.9255044e-11	0.000172616	8.39238e-05	0.000192643	25.77
1935.8252	11.89	7.9321757e-11	0.000177384	6.5804e-05	0.000187875	21.054
1939.1208	11.9	7.938846999999999e-11	0.000129701	3.81473e-06	0.000127793	2.088
1942.3991	11.91	7.9455183e-11	-3.62399e-05	-4.00546e-05	5.3406e-05	-130.524
1945.6764	11.92	7.9521896e-11	-0.000153542	-6.8665e-05	0.000166894	-155.988
1948.9553	11.93	7.9588609e-11	-9.15532e-05	-6.2943e-05	0.000110627	-146.31
1952.2344	11.94	7.965532199999999e-11	1.33515e-05	1.90736e-06	1.62126e-05	9.09
1955.5129	11.95	7.972203499999999e-11	0.00011158	9.72752e-05	0.000146867	41.502
1958.7914	11.96	7.9788748e-11	9.72752e-05	3.91009e-05	0.000103951	22.62
1962.0698	11.97	7.9855461e-11	-2.19346e-05	-5.53133e-05	5.81744e-05	-111.558
1965.3483	11.98	7.9922174e-11	-0.000169755	-0.000138284	0.000218392	-140.712
1968.6249	11.99	7.9988887e-11	-0.00023079	-0.000142098	0.000270845	-148.53
1971.9212	12.0	8.00556e-11	-0.000180245	-0.00011921	0.000213624	-146.46
1975.1996	12.01	8.012231299999999e-11	-6.5804e-05	-9.5368e-06	6.5804e-05	-169.134
1978.4614	12.02	8.018902599999999e-11	8.86922e-05	5.43597e-05	0.000102997	31.41
1981.7552	12.03	8.025573899999999e-11	0.000103951	4.10082e-05	0.00011158	21.552
1985.0347	12.04	8.0322452e-11	3.91009e-05	-6.67575e-06	4.19619e-05	-8.13
1988.3114	12.05	8.0389165e-11	-5.3406e-05	-6.96187e-05	8.77385e-05	-129.198
1991.5748	12.06	8.0455878e-11	-0.000167848	-0.00014782	0.000223161	-138.384
1994.8532	12.07	8.0522591e-11	-0.00021267	-0.000131608	0.000248911	-148.35
1998.1478	12.08	8.0589304e-11	-0.000222207	-0.000140191	0.000261309	-147.966
2001.4265	12.09	8.065601699999999e-11	-0.000242234	-0.000151635	0.000284197	-147.768
2004.7051	12.1	8.072272999999999e-11	-0.000174523	-9.15532e-05	0.000195504	-152.736
2007.9665	12.11	8.0789443e-11	-8.96459e-05	-8.20165e-05	0.000121117	-137.22
2011.2453	12.12	8.0856156e-11	-7.53407e-05	-6.2943e-05	9.72752e-05	-140.196
2014.525	12.13	8.0922869e-11	-2.47956e-05	-9.5368e-06	2.6703e-05	-163.302
2017.8197	12.14	8.0989582e-11	3.62399e-05	3.05178e-05	4.76839e-05	40.602
2021.1141	12.15	8.1056295e-11	4.19619e-05	3.05178e-05	5.24523e-05	34.878
2024.4085	12.16	8.112300799999999e-11	0.00010109	3.71935e-05	0.000107766	19.89
2027.6859	12.17	8.1189721e-11	3.05178e-05	2.57493e-05	4.10082e-05	41.1
2030.9652	12.18	8.1256434e-11	-3.62399e-05	-1.90736e-05	4.10082e-05	-154.656
2034.2436	12.19	8.1323147e-11	-9.53679e-05	-6.8665e-05	0.000117302	-143.262
2037.5364	12.2	8.138985999999999e-11	-0.000157357	-9.82289e-05	0.00018406	-147.972
2040.8325	12.21	8.1456573e-11	-0.000109673	-9.82289e-05	0.000145913	-137.976
2044.1265	12.22	8.1523286e-11	-7.82018e-05	-4.19619e-05	8.77385e-05	-151.116
2047.4214	12.23	8.158999899999999e-11	-9.53682e-07	1.90736e-06	1.90736e-06	90.0
2050.6999	12.24	8.1656712e-11	-1.33515e-05	1.04905e-05	1.43052e-05	130.914
2053.9944	12.25	8.1723425e-11	-9.5368e-06	-6.67575e-06	1.04905e-05	-137.49
2057.2729	12.26	8.1790138e-11	-7.34334e-05	-4.29156e-05	8.48775e-05	-150.42
2060.5352	12.27	8.185685099999999e-11	-9.34605e-05	-9.63216e-05	0.000132562	-133.986
2063.8296	12.28	8.192356399999999e-11	-0.000162126	-0.000102044	0.000190736	-147.636
2067.1081	12.29	8.199027699999999e-11	-0.000128747	-7.34334e-05	0.00014782	-150.57
2070.4185	12.3	8.205699e-11	-8.01091e-05	-6.67575e-06	7.91554e-05	-174.804
2073.6963	12.31	8.2123703e-11	-1.81199e-05	4.19619e-05	4.57766e-05	114.72
2076.9915	12.32	8.2190416e-11	6.2943e-05	4.38693e-05	7.72481e-05	34.506
2080.2849	12.33	8.2257129e-11	4.48229e-05	5.72207e-05	7.43871e-05	52.212
2083.5642	12.34	8.2323842e-11	9.5368e-06	-8.58313e-06	1.23978e-05	-26.562
2086.8428	12.35	8.239055499999999e-11	-0.00012684	-5.81744e-05	0.000139237	-155.622
2090.1206	12.36	8.245726799999999e-11	-0.000188828	-0.000143052	0.000234605	-142.638
2093.3998	12.37	8.2523981e-11	-0.000305178	-0.00018406	0.000355722	-149.07
2096.6772	12.38	8.2590694e-11	-0.00029278	-0.000200273	0.000353815	-145.83
2099.9565	12.39	8.2657407e-11	-0.00021267	-0.000135423	0.000251772	-147.69
2103.2352	12.4	8.272412e-11	-0.000116349	-8.67848e-05	0.000142098	-143.4
2106.5138	12.41	8.2790833e-11	-4.67303e-05	-5.81744e-05	7.24797e-05	-128.334
2109.7922	12.42	8.285754599999999e-11	-1.04905e-05	-2.6703e-05	2.57493e-05	-110.376
2113.054	12.43	8.292425899999999e-11	7.34334e-05	1.04905e-05	7.43871e-05	9.132
2116.3491	12.44	8.2990972e-11	0.000154496	5.43597e-05	0.000163079	19.98
2119.6266	12.45	8.3057685e-11	0.000265123	0.000181199	0.00032139	34.116
2122.9223	12.46	8.3124398e-11	0.000333788	0.000213624	0.000394823	32.592
2126.1839	12.47	8.3191111e-11	0.000370981	0.000218392	0.000430109	30.54
2129.4775	12.48	8.3257824e-11	0.000300409	0.000129701	0.000326158	23.784
2132.7897	12.49	8.332453699999999e-11	0.000186921	0.000118256	0.000221253	32.64
2136.1001	12.5	8.339125e-11	0.000130654	7.91554e-05	0.000151635	31.308
2139.3945	12.51	8.3457963e-11	0.000107766	7.05724e-05	0.000130654	32.07
2142.6875	12.52	8.3524676e-11	0.000231744	0.000156404	0.000279428	34.11
2145.9993	12.53	8.359138899999999e-11	0.000327112	0.000207902	0.000387194	32.436
2149.276	12.54	8.365810199999999e-11	0.000353815	0.000205041	0.000409128	30.228
2152.5552	12.55	8.3724815e-11	0.000324251	0.000159265	0.000360491	26.142
2155.8175	12.56	8.3791528e-11	0.000287058	0.000145913	0.000323297	27.036
2159.0953	12.57	8.3858241e-11	0.00028515	0.000161172	0.000329973	29.4
2162.3913	12.58	8.3924954e-11	0.000313761	0.000176431	0.000360491	29.118
2165.669	12.59	8.3991667e-11	0.000410082	0.000236512	0.000473024	30.096
2168.9481	12.6	8.405837999999999e-11	0.00038624	0.000228883	0.000448229	30.918
2172.2264	12.61	8.412509299999999e-11	0.000236512	9.82289e-05	0.00025654	22.656
2175.505	12.62	8.419180599999999e-11	3.62399e-05	2.86104e-06	3.52862e-05	5.388
2178.7833	12.63	8.4258519e-11	-0.000168801	-0.000133515	0.00021267	-141.228
2182.0618	12.64	8.4325232e-11	-0.000299456	-0.000146867	0.000332834	-153.846
2185.3392	12.65	8.4391945e-11	-0.000319483	-0.000199319	0.000376703	-148.356
2188.6187	12.66	8.4458658e-11	-0.000379564	-0.000232697	0.000444414	-148.548
2191.8966	12.67	8.4525371e-11	-0.000425341	-0.000306131	0.000524525	-144.294
2195.1753	12.68	8.459208399999999e-11	-0.000609402	-0.000379564	0.000719074	-148.338
2198.454	12.69	8.465879699999999e-11	-0.000704769	-0.000439646	0.000827793	-148.026
2201.7476	12.7	8.472551e-11	-0.000769619	-0.000463488	0.000898365	-148.998
2205.0264	12.71	8.4792223e-11	-0.00067139	-0.00038624	0.000775341	-150.132
2208.3198	12.72	8.4858936e-11	-0.000488285	-0.000308039	0.00057793	-147.72
2211.6318	12.73	8.4925649e-11	-0.0003109	-0.000133515	0.000335695	-156.996
2214.9423	12.74	8.4992362e-11	-6.38966e-05	2.00273e-05	6.48503e-05	163.974
2218.2355	12.75	8.505907499999999e-11	5.81744e-05	0.000118256	0.000130654	64.35
2221.5151	12.76	8.512578799999999e-11	0.000231744	0.000205995	0.000309946	41.346
2224.8085	12.77	8.5192501e-11	0.000419619	0.000261309	0.000495914	31.872
2228.0875	12.78	8.5259214e-11	0.000511173	0.000248911	0.000568394	25.722
2231.3816	12.79	8.532592699999999e-11	0.000485422	0.000192643	0.00052071	21.57
2234.6765	12.8	8.539264e-11	0.000316622	4.57766e-05	0.000320436	8.568
2237.9547	12.81	8.5459353e-11	5.72207e-05	-8.48775e-05	0.000102997	-54.162
2241.2165	12.82	8.552606599999999e-11	-0.000134469	-0.000157357	0.000205041	-130.662
2244.5114	12.83	8.5592779e-11	-0.000188828	-0.000132562	0.000231744	-144.672
2247.7906	12.84	8.5659492e-11	-4.48229e-05	-2.00273e-05	4.86376e-05	-155.88
2251.0691	12.85	8.5726205e-11	0.000141145	0.000130654	0.000192643	42.888
2254.3635	12.86	8.579291799999999e-11	0.000308039	0.000249865	0.000395777	38.928
2257.6408	12.87	8.585963099999999e-11	0.00033951	0.000216485	0.000402452	32.64
2260.9352	12.88	8.5926344e-11	0.000268938	0.000170709	0.000318529	32.46
2264.231	12.89	8.5993057e-11	0.000188828	7.24797e-05	0.000203134	21.456
2267.5085	12.9	8.605977e-11	8.58312e-05	6.5804e-05	0.000107766	38.436
2270.803	12.91	8.6126483e-11	1.90736e-06	-9.5368e-06	1.04905e-05	-76.758
2274.0652	12.92	8.6193196e-11	-0.000122071	-7.82018e-05	0.000145913	-147.468
2277.3441	12.93	8.625990899999999e-11	-0.000170709	-0.000106812	0.000200273	-148.158
2280.6394	12.94	8.632662199999999e-11	-0.000208856	-0.000178338	0.000273706	-139.644
2283.9336	12.95	8.639333499999999e-11	-0.000144006	-7.05724e-05	0.000160218	-153.858
2287.1953	12.96	8.6460048e-11	4.7684e-06	-1.71663e-05	1.71663e-05	-79.116
2290.474	12.97	8.6526761e-11	0.000181199	0.000105858	0.000209809	30.528
2293.7691	12.98	8.6593474e-11	0.000300409	0.000181199	0.000350954	31.188
2297.3194	12.99	8.6660187e-11	0.000314714	0.000183106	0.000365259	30.3
2300.596	13.0	8.67269e-11	0.000247957	0.000121117	0.000275614	26.316
2303.8921	13.01	8.679361299999999e-11	0.000112534	6.19893e-05	0.000130654	29.166
2307.1707	13.02	8.686032599999999e-11	2.19346e-05	-1.33515e-05	2.6703e-05	-30.258
2310.4491	13.03	8.6927039e-11	-4.67303e-05	-7.62945e-06	4.67303e-05	-172.674
2313.7435	13.04	8.6993752e-11	-8.01091e-05	-3.62399e-05	8.77385e-05	-156.516
2317.0379	13.05	8.7060465e-11	-4.38693e-05	-1.33515e-05	4.67303e-05	-164.604
2320.3484	13.06	8.7127178e-11	-6.8665e-05	-3.62399e-05	7.62944e-05	-151.632
2323.6577	13.07	8.7193891e-11	-5.53133e-05	2.3842e-05	5.9128e-05	155.4
2326.9681	13.08	8.726060399999999e-11	-5.6267e-05	-5.43597e-05	7.62944e-05	-134.292
2330.2638	13.09	8.732731699999999e-11	-4.57766e-05	-5.43597e-05	7.05724e-05	-129.666
2333.5253	13.1	8.739403e-11	-0.000106812	-8.10628e-05	0.000130654	-142.662
2336.8037	13.11	8.7460743e-11	-0.00011158	-0.00011158	0.000156404	-134.826
2340.0665	13.12	8.752745599999999e-11	-0.000149728	-4.00546e-05	0.000154496	-165.006
2343.3452	13.13	8.7594169e-11	-4.10082e-05	-9.5368e-06	4.10082e-05	-167.97
2346.6394	13.14	8.7660882e-11	7.72481e-05	7.72481e-05	0.000107766	45.0
2349.9346	13.15	8.772759499999999e-11	0.000133515	0.000110627	0.000171662	40.29
2353.2127	13.16	8.7794308e-11	3.24252e-05	4.57766e-05	5.72207e-05	53.13
2356.5065	13.17	8.7861021e-11	-0.000154496	-0.000122071	0.000197412	-141.792
2359.785	13.18	8.7927734e-11	-0.000390055	-0.000250818	0.000462534	-147.222
2363.0644	13.19	8.799444699999999e-11	-0.0004797	-0.00029278	0.000559811	-148.638
2366.3581	13.2	8.806115999999999e-11	-0.000472071	-0.000262262	0.000540737	-151.008
2369.6535	13.21	8.8127873e-11	-0.000314714	-0.000205995	0.000372889	-146.682
2372.931	13.22	8.8194586e-11	-0.000162126	-7.05724e-05	0.000177384	-156.606
2376.21	13.23	8.8261299e-11	6.67577e-05	4.86376e-05	8.29701e-05	35.862
2379.489	13.24	8.8328012e-11	0.000179292	8.20165e-05	0.000196458	24.396
2382.7833	13.25	8.8394725e-11	0.000221253	0.00011921	0.000250818	28.2
2386.0619	13.26	8.8461438e-11	0.000203134	0.00010109	0.000226022	26.562
2389.3553	13.27	8.852815099999999e-11	8.48775e-05	2.47956e-05	9.05995e-05	15.66
2392.6507	13.28	8.859486399999999e-11	1.14442e-05	-1.04905e-05	1.71663e-05	-33.114
2395.96	13.29	8.866157699999999e-11	-4.86376e-05	-4.7684e-06	4.86376e-05	-173.832
2399.2552	13.3	8.872829e-11	-7.53407e-05	1.90736e-06	7.24797e-05	178.41
2402.534	13.31	8.8795003e-11	-1.81199e-05	3.24252e-05	3.71935e-05	118.77
2405.812	13.32	8.8861716e-11	-4.7684e-06	2.86104e-06	3.81473e-06	129.804
2409.0911	13.33	8.8928429e-11	-5.6267e-05	-1.81199e-05	5.81744e-05	-163.428
2412.3692	13.34	8.899514199999999e-11	-0.000164033	-0.000142098	0.000215531	-139.266
2415.6472	13.35	8.906185499999999e-11	-0.000322344	-0.000232697	0.00039673	-144.438
2418.9252	13.36	8.9128568e-11	-0.000383379	-0.000251772	0.000457766	-147.006
2422.1888	13.37	8.9195281e-11	-0.000332834	-0.000203134	0.000388147	-148.548
2425.483	13.38	8.9261994e-11	-0.000120163	-0.000104905	0.000157357	-139.134
2428.7441	13.39	8.9328707e-11	0.00010109	8.77385e-05	0.000136376	40.662
2432.0397	13.4	8.939542e-11	0.000234605	0.000160218	0.000284197	34.134
2435.3185	13.41	8.946213299999999e-11	0.000258448	0.000164033	0.000307085	32.112
2438.5966	13.42	8.952884599999999e-11	0.000114441	6.38966e-05	0.000130654	29.31
2441.8915	13.43	8.9595559e-11	-0.000133515	-8.86922e-05	0.000157357	-146.514
2445.17	13.44	8.9662272e-11	-0.000288965	-0.000178338	0.000338556	-147.912
2448.4469	13.45	8.972898499999999e-11	-0.000410082	-0.000244142	0.000477793	-149.364
2451.7429	13.46	8.9795698e-11	-0.000450136	-0.000271799	0.000524525	-148.914
2455.0203	13.47	8.9862411e-11	-0.000425341	-0.000249865	0.000491146	-149.646
2458.2997	13.48	8.992912399999999e-11	-0.000240327	-0.000148774	0.000281336	-147.966
2461.5942	13.49	8.9995837e-11	-6.38966e-05	-1.14442e-05	6.38966e-05	-170.838
2464.8727	13.5	9.006255e-11	0.000214578	9.05995e-05	0.000232697	23.202
2468.1343	13.51	9.0129263e-11	0.000352861	0.000179292	0.000395777	26.952
2471.4295	13.52	9.019597599999999e-11	0.000392916	0.000207902	0.000445368	27.75
2474.7241	13.53	9.026268899999999e-11	0.00023079	0.000125886	0.000263216	28.506
2478.0177	13.54	9.032940199999999e-11	2.19346e-05	-2.86104e-06	2.19346e-05	-8.616
2481.3132	13.55	9.0396115e-11	-0.000160218	-5.43597e-05	0.000167848	-161.568
2484.6064	13.56	9.0462828e-11	-0.000195504	-8.58312e-05	0.000213624	-156.216
2487.8695	13.57	9.0529541e-11	-0.000140191	-7.91554e-05	0.000161172	-150.576
2491.1487	13.58	9.0596254e-11	-0.000118256	-5.81744e-05	0.000132562	-153.822
2494.4265	13.59	9.0662967e-11	-0.000180245	-0.000127793	0.000218392	-144.564
2497.7053	13.6	9.072967999999999e-11	-0.000236512	-0.00021267	0.000316622	-137.724
2500.984	13.61	9.079639299999999e-11	-0.000347139	-0.000226022	0.000412943	-146.772
2504.2615	13.62	9.086310599999999e-11	-0.000309946	-0.000185967	0.000360491	-149.214
2507.5403	13.63	9.0929819e-11	-0.000188828	-0.000110627	0.000218392	-149.454
2510.8193	13.64	9.0996532e-11	-1.62126e-05	-1.81199e-05	2.28883e-05	-130.428
2514.0968	13.65	9.1063245e-11	0.000105858	4.48229e-05	0.000115395	23.028
2517.3752	13.66	9.1129958e-11	7.72481e-05	2.19346e-05	8.01091e-05	15.882
2520.6538	13.67	9.119667099999999e-11	-2.0981e-05	8.58313e-06	2.0981e-05	151.824
2523.9334	13.68	9.126338399999999e-11	-0.000115395	-5.24523e-05	0.000125886	-155.73
2527.2438	13.69	9.1330097e-11	-0.00013733	-6.5804e-05	0.000154496	-154.308
2530.5536	13.7	9.139681e-11	-0.00015545	-6.8665e-05	0.000169755	-156.126
2533.8327	13.71	9.1463523e-11	-0.000164033	-0.000112534	0.000199319	-145.776
2537.1102	13.72	9.1530236e-11	-0.000248911	-0.000164033	0.000296595	-146.562
2540.4046	13.73	9.1596949e-11	-0.000394823	-0.000259401	0.000471117	-146.622
2543.6671	13.74	9.166366199999999e-11	-0.000448229	-0.000311853	0.000542644	-145.002
2546.9453	13.75	9.173037499999999e-11	-0.000434877	-0.000232697	0.000490192	-151.764
2550.24	13.76	9.1797088e-11	-0.000229836	-0.000117302	0.000255587	-152.766
2553.5353	13.77	9.1863801e-11	-4.38693e-05	2.86104e-06	4.48229e-05	177.546
2556.8133	13.78	9.193051399999999e-11	8.96459e-05	9.25069e-05	0.000128747	46.044
2560.1081	13.79	9.199722699999999e-11	0.000110627	5.53133e-05	0.000121117	27.408
2563.3852	13.8	9.206394e-11	-2.86104e-06	-4.19619e-05	4.10082e-05	-90.924
2566.6811	13.81	9.2130653e-11	-0.00015545	-8.67848e-05	0.000177384	-151.422
2569.9596	13.82	9.2197366e-11	-0.00025654	-0.000146867	0.000295641	-150.384
2573.254	13.83	9.2264079e-11	-0.00028515	-0.000138284	0.000316622	-154.134
2576.5484	13.84	9.2330792e-11	-0.000237466	-0.000115395	0.000263216	-154.344
2579.8264	13.85	9.239750499999999e-11	-0.000216485	-8.96459e-05	0.000233651	-157.53
2583.1052	13.86	9.246421799999999e-11	-0.000226022	-0.00011158	0.000250818	-153.84
2586.3839	13.87	9.253093099999999e-11	-0.000255587	-0.000140191	0.000289919	-151.44
2589.6625	13.88	9.2597644e-11	-0.000341417	-0.000193597	0.000391962	-150.39
2592.9409	13.89	9.2664357e-11	-0.000343325	-0.000166894	0.000382425	-154.326
2596.2345	13.9	9.273107e-11	-0.000352861	-0.000177384	0.000391962	-153.348
2599.5298	13.91	9.2797783e-11	-0.0003109	-0.000121117	0.000331881	-158.73
2602.8243	13.92	9.2864496e-11	-0.00021267	-9.63216e-05	0.000231744	-155.868
2606.1188	13.93	9.293120899999999e-11	-0.000120163	-2.0981e-05	0.000123025	-170.382
2609.4452	13.94	9.299792199999999e-11	-4.48229e-05	8.58313e-06	4.67303e-05	167.904
2612.7397	13.95	9.306463499999999e-11	-6.67575e-06	2.6703e-05	2.6703e-05	105.75
2616.0336	13.96	9.3131348e-11	-1.90736e-06	5.72208e-06	5.72208e-06	100.308
2619.3106	13.97	9.3198061e-11	2.28883e-05	1.23978e-05	2.57493e-05	27.822
2622.6056	13.98	9.3264774e-11	3.43325e-05	-7.62945e-06	3.43325e-05	-10.008
2625.9016	13.99	9.3331487e-11	0.000141145	3.24252e-05	0.000143052	13.32
2629.195	14.0	9.339819999999999e-11	0.000334742	0.000156404	0.000369074	24.942
2632.4737	14.01	9.346491299999999e-11	0.00069714	0.00037575	0.000793461	28.332
2635.7516	14.02	9.3531626e-11	0.00110722	0.000617031	0.00126839	29.112
2639.0298	14.03	9.3598339e-11	0.00151826	0.000823978	0.00172711	28.446
2642.3253	14.04	9.366505199999999e-11	0.00188638	0.00102616	0.00214674	28.578
2645.5882	14.05	9.3731765e-11	0.00201322	0.00111199	0.00230028	28.902
2648.8653	14.06	9.3798478e-11	0.00205041	0.00105954	0.00230981	27.336
2652.1601	14.07	9.386519099999999e-11	0.00180054	0.000936512	0.00203039	27.504
2655.4226	14.08	9.393190399999999e-11	0.00144578	0.000766758	0.00163651	27.912
2658.7177	14.09	9.3998617e-11	0.00102235	0.000514988	0.00114632	26.682
2661.9963	14.1	9.406533e-11	0.000564579	0.000290873	0.000635151	27.318
2665.274	14.11	9.413204299999999e-11	0.000140191	3.24252e-05	0.000144959	13.524
2668.5528	14.12	9.419875599999999e-11	-0.000301363	-0.000222207	0.000371935	-143.52
2671.848	14.13	9.4265469e-11	-0.000691418	-0.000432016	0.000815395	-148.074
2675.1252	14.14	9.4332182e-11	-0.00100041	-0.000600819	0.0011654	-148.992
2678.4201	14.15	9.4398895e-11	-0.00111581	-0.000657085	0.00129414	-149.526
2681.6988	14.16	9.4465608e-11	-0.00102139	-0.000579838	0.00117398	-150.426
2684.9941	14.17	9.4532321e-11	-0.000696186	-0.000421526	0.000812534	-148.878
2688.2715	14.18	9.459903399999999e-11	-0.000241281	-0.000178338	0.000299456	-143.742
2691.5511	14.19	9.466574699999999e-11	0.000205041	5.0545e-05	0.000210763	13.95
2694.8447	14.2	9.473245999999999e-11	0.00042248	0.000167848	0.000454905	21.756
2698.1381	14.21	9.4799173e-11	0.000460627	0.000181199	0.000495914	21.36
2701.4184	14.22	9.4865886e-11	0.000265123	7.05724e-05	0.000276567	14.772
2704.6958	14.23	9.4932599e-11	2.47956e-05	-4.86376e-05	5.3406e-05	-61.218
2707.9904	14.24	9.4999312e-11	-0.000160218	-8.58312e-05	0.000180245	-151.926
2711.2697	14.25	9.5066025e-11	-0.000289919	-0.000164987	0.000332834	-150.468
2714.5628	14.26	9.513273799999999e-11	-0.000283243	-0.000144959	0.000317575	-152.952
2717.8428	14.27	9.519945099999999e-11	-0.000253679	-0.000128747	0.000283243	-153.072
2721.1214	14.28	9.526616399999999e-11	-0.000174523	-8.39238e-05	0.000192643	-154.056
2724.4152	14.29	9.5332877e-11	-9.63216e-05	-6.77113e-05	0.000117302	-143.976
2727.7096	14.3	9.539959e-11	-5.53133e-05	-8.20165e-05	9.72752e-05	-121.962
2731.0038	14.31	9.5466303e-11	-6.2943e-05	-3.81472e-05	7.24797e-05	-146.754
2734.2828	14.32	9.5533016e-11	-3.71935e-05	-5.14986e-05	6.19893e-05	-125.892
2737.5765	14.33	9.559972899999999e-11	-6.8665e-05	-3.33788e-05	7.43871e-05	-154.338
2740.855	14.34	9.566644199999999e-11	3.71935e-05	2.86103e-05	4.48229e-05	41.424
2744.1492	14.35	9.5733155e-11	9.72752e-05	6.00817e-05	0.000114441	32.214
2747.4282	14.36	9.5799868e-11	0.000183106	0.00010109	0.000208856	28.788
2750.7065	14.37	9.586658099999999e-11	0.00019455	0.000136376	0.00023842	34.626
2754.0014	14.38	9.5933294e-11	0.000207902	7.24797e-05	0.0002203	19.644
2757.2961	14.39	9.6000007e-11	0.000123979	7.1526e-05	0.000143052	30.33
2760.6061	14.4	9.606671999999999e-11	5.81744e-05	4.19619e-05	7.05724e-05	35.988
2763.8848	14.41	9.613343299999999e-11	5.24523e-05	1.71663e-05	5.53133e-05	18.432
2767.1637	14.42	9.6200146e-11	3.14715e-05	4.38693e-05	5.24523e-05	54.714
2770.4415	14.43	9.6266859e-11	7.91554e-05	4.57766e-05	9.25069e-05	30.402
2773.7202	14.44	9.633357199999999e-11	6.00817e-05	4.95913e-05	7.91554e-05	39.87
2777.015	14.45	9.640028499999999e-11	1.71663e-05	3.05178e-05	3.71935e-05	56.592
2780.2935	14.46	9.6466998e-11	-3.91009e-05	-6.67575e-06	3.81472e-05	-169.878
2783.5881	14.47	9.6533711e-11	-0.000142098	-4.19619e-05	0.000145913	-163.626
2786.8825	14.48	9.6600424e-11	-0.000164033	-3.81472e-05	0.000166894	-166.128
2790.1611	14.49	9.6667137e-11	-0.000135423	-4.38693e-05	0.000141145	-162.162
2793.4386	14.5	9.673385e-11	-5.53133e-05	-1.71663e-05	5.6267e-05	-162.846
2796.7019	14.51	9.6800563e-11	-2.28883e-05	-1.14442e-05	2.47956e-05	-151.392
2799.9786	14.52	9.686727599999999e-11	-5.81744e-05	-2.76567e-05	6.38966e-05	-155.016
2803.2736	14.53	9.693398899999999e-11	-0.000115395	-0.000115395	0.000161172	-135.336
2806.5693	14.54	9.700070199999999e-11	-0.000174523	-0.000123979	0.000211717	-144.858
2809.8621	14.55	9.7067415e-11	-0.000109673	-0.000108719	0.000154496	-135.69
2813.1583	14.56	9.7134128e-11	-5.24523e-05	-6.10356e-05	7.72481e-05	-129.288
2816.452	14.57	9.7200841e-11	-6.67575e-06	2.00273e-05	2.0981e-05	101.31
2819.7148	14.58	9.7267554e-11	1.90736e-05	1.81199e-05	2.6703e-05	45.0
2823.0095	14.59	9.733426699999999e-11	-2.3842e-05	-2.28883e-05	3.05178e-05	-134.148
2826.2865	14.6	9.740097999999999e-11	-0.000164033	-6.67577e-05	0.000176431	-157.956
2829.5823	14.61	9.746769299999999e-11	-0.000210763	-0.000135423	0.000248911	-147.246
2832.8598	14.62	9.7534406e-11	-0.000232697	-0.000141145	0.000270845	-148.77
2836.1393	14.63	9.7601119e-11	-0.000158311	-0.000102044	0.000187875	-146.982
2839.4177	14.64	9.7667832e-11	-7.34334e-05	-3.05178e-05	8.01091e-05	-158.112
2842.6948	14.65	9.7734545e-11	6.96187e-05	9.5368e-06	6.96187e-05	7.194
2845.9746	14.66	9.780125799999999e-11	0.000123979	5.9128e-05	0.000136376	25.32
2849.2532	14.67	9.786797099999999e-11	7.43871e-05	5.72207e-05	9.44142e-05	37.662
2852.5318	14.68	9.7934684e-11	4.38693e-05	-1.52589e-05	4.67303e-05	-17.928
2855.8102	14.69	9.8001397e-11	2.19346e-05	-2.76567e-05	3.62399e-05	-47.934
2859.0886	14.7	9.806810999999999e-11	-6.5804e-05	-3.33788e-05	7.1526e-05	-152.49
2862.3829	14.71	9.8134823e-11	-0.000104905	-3.81472e-05	0.000109673	-160.464
2865.6615	14.72	9.8201536e-11	-0.000144959	-3.71935e-05	0.000149728	-166.89
2868.9545	14.73	9.8268249e-11	-0.000148774	-3.91009e-05	0.000150681	-165.408
2872.2507	14.74	9.833496199999999e-11	-0.000113488	-7.82018e-05	0.00013733	-145.776
2875.5273	14.75	9.8401675e-11	-0.00011158	-4.95913e-05	0.000121117	-156.354
2878.8236	14.76	9.8468388e-11	-8.39238e-05	-0.000100136	0.000130654	-130.29
2882.118	14.77	9.853510099999999e-11	-0.000102044	-8.01091e-05	0.000128747	-142.074
2885.3953	14.78	9.860181399999999e-11	-0.000113488	-7.72481e-05	0.000136376	-146.154
2888.6738	14.79	9.866852699999999e-11	-9.44142e-05	-5.72207e-05	0.000110627	-149.154
2891.9518	14.8	9.873524e-11	-4.48229e-05	-4.57766e-05	6.2943e-05	-134.148
2895.247	14.81	9.8801953e-11	-4.67303e-05	0.0	4.38693e-05	180.0
2898.5252	14.82	9.8868666e-11	1.71663e-05	-1.81199e-05	2.3842e-05	-45.0
2901.8049	14.83	9.8935379e-11	-4.10082e-05	-4.48229e-05	5.9128e-05	-133.626
2905.082	14.84	9.9002092e-11	-8.77385e-05	-0.000115395	0.000142098	-126.6
2908.362	14.85	9.906880499999999e-11	-0.000203134	-0.000145913	0.000247957	-143.748
2911.6553	14.86	9.913551799999999e-11	-0.000203134	-0.000154496	0.000253679	-142.68
2914.935	14.87	9.920223099999999e-11	-0.000150681	-0.000112534	0.000187875	-143.172
2918.229	14.88	9.9268944e-11	-4.00546e-05	-3.05178e-05	5.0545e-05	-144.462
2921.5069	14.89	9.9335657e-11	8.58312e-05	7.53407e-05	0.000114441	42.186
2924.7852	14.9	9.940237e-11	0.000224114	0.000134469	0.000261309	31.14
2928.079	14.91	9.9469083e-11	0.000262262	0.000103951	0.000283243	21.504
2931.3751	14.92	9.953579599999999e-11	0.000127793	6.19893e-05	0.000143052	25.842
2934.6528	14.93	9.960250899999999e-11	-4.7684e-06	-5.14986e-05	5.0545e-05	-96.09
2938.4917	14.94	9.9669222e-11	-0.000106812	-9.34605e-05	0.000141145	-138.414
2941.7701	14.95	9.9735935e-11	-0.000144959	-7.34334e-05	0.000161172	-153.012
2945.0643	14.96	9.9802648e-11	-0.000104905	-5.3406e-05	0.000117302	-153.87
2948.3429	14.97	9.9869361e-11	-8.01091e-05	-3.33788e-05	8.58312e-05	-157.788
2951.6214	14.98	9.9936074e-11	-5.43597e-05	-2.0981e-05	5.72207e-05	-158.574
2954.8999	14.99	1.0000278699999999e-10	-0.00011158	-8.58312e-05	0.000139237	-142.032
2958.1942	15.0	1.0006949999999999e-10	-0.000148774	-0.000117302	0.000187875	-141.786