Time (s) 	 Position (mm) 	 Delay (s) 	 X 	 Y 	 R 	 theta 
#Without Preamplifier, ZnTe detector angle dependance 40deg, Chopper 230Hz, time constant=0.3s 6dB, waiting time= 1.5s, sensitivity=20mV
2.4799	6.0	4.00278e-11	-0.000167848	2.0981e-05	0.000214578	-80.586
4.8778	6.1	4.0694929999999993e-11	1.23978e-05	-0.000222207	0.000289919	98.616
6.9567	6.2	4.136206e-11	-0.000295641	-0.000188828	0.000269892	-134.136
9.3079	6.3	4.2029189999999994e-11	0.000227929	-0.00018406	0.000223161	69.804
11.3867	6.4	4.269632e-11	0.00015545	-4.19619e-05	0.000211717	-62.874
13.4667	6.5	4.336345e-11	0.000107766	-0.00018406	0.000267031	17.442
15.5459	6.6	4.4030579999999994e-11	-6.2943e-05	0.000156404	0.000273706	-136.146
17.6247	6.7	4.469771e-11	0.000363352	1.23978e-05	0.000400545	-41.064
19.702	6.8	4.5364839999999995e-11	-0.000171662	-0.000378611	8.96459e-05	-103.872
22.054	6.9	4.603197e-11	-0.000204087	0.000174523	0.000301363	-14.724
24.134	7.0	4.6699099999999995e-11	-9.91826e-05	0.000132562	0.000197412	-130.674
26.4679	7.1	4.7366229999999995e-11	0.000263216	7.43871e-05	0.00025654	69.792
28.5637	7.2	4.8033359999999996e-11	0.000199319	-6.8665e-05	0.000218392	101.64
30.898	7.3	4.8700489999999996e-11	-0.000251772	-8.86922e-05	0.000279428	-60.204
32.9766	7.4	4.936762e-11	0.000159265	0.000201226	0.000266077	4.002
35.0392	7.5	5.0034749999999996e-11	0.000177384	-0.00011158	0.000257494	93.24
37.1356	7.6	5.0701879999999996e-11	-0.000102044	-3.62399e-05	0.000251772	117.822
39.2142	7.7	5.1369009999999997e-11	0.000107766	0.000314714	0.000214578	26.424
41.2937	7.8	5.203614e-11	-0.00023079	-0.000122071	0.000287058	-126.096
43.6279	7.9	5.270327e-11	0.000255587	-0.000150681	0.000275614	81.702
45.7221	8.0	5.33704e-11	3.62399e-05	0.000229836	0.000289919	-96.126
48.0745	8.1	5.403753e-11	0.000201226	-4.19619e-05	0.000236512	107.292
50.1537	8.2	5.470465999999999e-11	9.63216e-05	0.000263216	0.000223161	-4.914
52.2326	8.3	5.5371790000000004e-11	-0.000201226	-0.00023842	0.000206948	-113.88
54.3267	8.4	5.603892e-11	-6.67577e-05	-0.000118256	0.000254633	-95.622
56.6779	8.5	5.670605e-11	5.72208e-06	-0.000157357	0.000280382	-122.532
58.7736	8.6	5.737317999999999e-11	0.000213624	0.000167848	0.000228883	-100.8
60.852	8.7	5.804030999999999e-11	0.000176431	0.00014782	0.000224114	-67.23
62.9143	8.8	5.870744e-11	0.000252726	0.000241281	0.000200273	71.358
65.0105	8.9	5.937457e-11	-0.000233651	8.48775e-05	0.000227929	-80.436
67.0894	9.0	6.004169999999999e-11	0.000272753	0.000169755	0.000259401	-54.588
69.4401	9.1	6.070883e-11	4.48229e-05	0.000120163	0.000254633	148.104
71.5193	9.2	6.137595999999999e-11	-0.000148774	-0.000235558	0.000297548	15.828
73.5978	9.3	6.204309e-11	-0.0003109	0.000153542	0.000261309	73.62
75.6765	9.4	6.271022e-11	0.000166894	-0.000123025	0.000267984	-65.292
78.0429	9.5	6.337735e-11	-3.52862e-05	-0.000205995	0.000249865	76.164
80.122	9.6	6.404448e-11	-0.000156404	0.000176431	0.000242234	-19.302
82.2179	9.7	6.471160999999999e-11	-0.000170709	0.000199319	0.000190736	-14.622
84.3284	9.8	6.537874000000001e-11	0.000262262	0.000232697	0.000249865	137.058
86.4079	9.9	6.604587e-11	-2.28883e-05	0.000203134	0.00025654	-125.652
88.4869	10.0	6.6713e-11	-5.14986e-05	-8.58313e-06	0.000267984	65.37
90.8536	10.1	6.738012999999999e-11	2.19346e-05	0.000236512	0.000237466	38.214
92.9323	10.2	6.804726e-11	3.24252e-05	-2.00273e-05	0.00025654	-75.258
95.0125	10.3	6.871439e-11	2.3842e-05	-0.000259401	0.000117302	168.6
97.0915	10.4	6.938152e-11	-0.000148774	0.000169755	0.000179292	109.98
99.4264	10.5	7.004865e-11	-0.000558857	2.57493e-05	0.000344278	-126.282
101.5053	10.6	7.071578e-11	-0.000217439	-0.000438692	0.000362398	-175.86
103.5844	10.7	7.138290999999999e-11	-0.000447275	-8.58312e-05	0.000511173	-143.592
105.6794	10.8	7.205004e-11	-0.00108434	-0.000354769	0.000960354	-149.814
107.7579	10.9	7.271717e-11	-0.0009594	-0.00074387	0.0014763	-154.08
109.8522	11.0	7.33843e-11	0.00801855	0.00420573	0.00891596	26.67
112.1879	11.1	7.405142999999999e-11	-0.00187398	-0.00121308	0.00214006	-158.784
114.267	11.2	7.471856e-11	-0.000102997	-0.000268938	0.000187875	11.454
116.3464	11.3	7.538569e-11	-0.00106812	-0.000304224	0.000990875	-168.192
118.424	11.4	7.605282e-11	-0.0004921	-0.000424387	0.000582699	-138.018
120.7603	11.5	7.671994999999999e-11	-0.000131608	-0.000259401	0.000139237	172.65
122.8383	11.6	7.738708e-11	0.000313761	0.000294687	0.00018406	48.432
124.9343	11.7	7.805420999999999e-11	0.000196458	0.000290873	0.000329973	50.628
127.0284	11.8	7.872134e-11	-0.000423433	-5.24523e-05	0.000307085	156.852
129.1079	11.9	7.938846999999999e-11	0.000130654	0.000231744	0.00010109	-7.074
131.2185	12.0	8.00556e-11	-0.000164987	0.000117302	0.00017357	169.83
133.5695	12.1	8.072272999999999e-11	-3.62399e-05	-0.000130654	0.000117302	148.158
135.665	12.2	8.138985999999999e-11	0.000125886	-0.000216485	0.000127793	163.734
137.7274	12.3	8.205699e-11	0.000177384	9.05995e-05	0.000295641	-124.68
139.8055	12.4	8.272412e-11	6.8665e-05	-3.62399e-05	0.000116349	-99.828
142.1574	12.5	8.339125e-11	-8.01091e-05	-5.14986e-05	0.000277521	93.942
144.2366	12.6	8.405837999999999e-11	0.000320436	0.000444414	0.000580791	19.626
146.3001	12.7	8.472551e-11	-0.000840191	-0.000392916	0.000781063	-137.568
148.3782	12.8	8.539264e-11	0.00035763	-0.000170709	0.000499729	-4.32
150.4417	12.9	8.605977e-11	-0.000133515	-0.000154496	0.000255587	-109.848
152.521	13.0	8.67269e-11	0.00010109	-5.14986e-05	0.000236512	85.098
154.872	13.1	8.739403e-11	0.000120163	-0.000133515	0.000226975	151.56
156.951	13.2	8.806115999999999e-11	-0.000593189	-0.000472071	0.000221253	-130.698
159.0301	13.3	8.872829e-11	4.10082e-05	-0.000174523	0.00025654	-132.744
161.1253	13.4	8.939542e-11	-2.76567e-05	0.000261309	0.00033951	47.568
163.4911	13.5	9.006255e-11	3.24252e-05	-0.000169755	0.000345232	35.208
165.5866	13.6	9.072967999999999e-11	-0.000288012	-0.000354769	0.000420572	-121.722
167.6659	13.7	9.139681e-11	-0.000401499	8.77385e-05	0.000394823	-104.112
169.761	13.8	9.206394e-11	0.000129701	0.000169755	0.000276567	-44.112
171.824	13.9	9.273107e-11	-5.6267e-05	-0.000372889	0.000474932	-137.052
173.9179	14.0	9.339819999999999e-11	0.000261309	-5.9128e-05	0.000420572	54.48
176.2699	14.1	9.406533e-11	0.000383379	0.000359537	0.000599865	40.392
178.3479	14.2	9.473245999999999e-11	0.000132562	-2.6703e-05	0.000198365	-1.416
180.4266	14.3	9.539959e-11	-0.000175477	0.000205041	0.000280382	-20.274
182.4902	14.4	9.606671999999999e-11	0.000276567	-6.8665e-05	0.000309946	125.292
184.8419	14.5	9.673385e-11	0.000174523	-1.14442e-05	0.000254633	120.636
186.9367	14.6	9.740097999999999e-11	-0.00033951	0.000144006	0.000146867	153.078
189.0158	14.7	9.806810999999999e-11	-0.000146867	0.000225068	0.00030327	-23.64
191.0939	14.8	9.873524e-11	-0.000294687	0.000203134	0.000293734	-133.284
193.1898	14.9	9.940237e-11	0.000288012	-9.25069e-05	0.000254633	-60.966
195.2684	15.0	1.0006949999999999e-10	-0.000311853	5.53133e-05	0.000161172	-93.096