Time (s) 	 Position (mm) 	 Delay (s) 	 X 	 Y 	 R 	 theta 
#Without Preamplifier, ZnTe detector angle dependance 40deg, Chopper 230Hz, time constant=0.3s 12dB, waiting time= 2.1s, sensitivity=20mV
3.3616	6.0	4.00278e-11	-1.33515e-05	-3.62399e-05	3.62399e-05	-107.784
6.0962	6.01	4.0094512999999995e-11	-3.62399e-05	2.00273e-05	3.71935e-05	144.834
8.7829	6.02	4.0161226e-11	-1.43052e-05	-4.19619e-05	4.48229e-05	-113.532
11.4683	6.03	4.0227939e-11	-3.62399e-05	-2.57493e-05	4.48229e-05	-145.62
14.1395	6.04	4.0294652e-11	-1.04905e-05	-9.53682e-07	3.81473e-06	135.0
16.8104	6.05	4.0361364999999996e-11	0.0	8.58313e-06	1.04905e-05	63.438
19.4818	6.06	4.0428078e-11	-4.48229e-05	-4.7684e-06	4.48229e-05	-179.19
22.1682	6.07	4.0494791e-11	-3.05178e-05	-1.14442e-05	3.24252e-05	-153.972
24.8378	6.08	4.0561503999999996e-11	-3.81473e-06	1.43052e-05	1.23978e-05	92.724
27.5257	6.09	4.0628217e-11	9.5368e-06	1.14442e-05	1.33515e-05	45.0
30.2118	6.1	4.0694929999999993e-11	-1.52589e-05	-2.0981e-05	2.47956e-05	-125.538
32.8983	6.11	4.0761643e-11	-9.5368e-06	-6.67575e-06	7.62945e-06	-143.13
35.5684	6.12	4.0828356e-11	0.0	-2.0981e-05	2.00273e-05	-84.288
38.2722	6.13	4.0895069e-11	-1.14442e-05	-2.00273e-05	1.90736e-05	-114.774
40.944	6.14	4.0961781999999995e-11	1.52589e-05	-2.28883e-05	2.47956e-05	-50.826
43.6457	6.15	4.1028495e-11	2.86104e-06	-4.57766e-05	4.29156e-05	-80.25
46.3328	6.16	4.1095208e-11	-2.76567e-05	-9.53682e-07	2.3842e-05	-175.362
49.0043	6.17	4.1161921e-11	-3.81473e-06	3.81473e-06	5.72208e-06	140.196
51.6752	6.18	4.1228633999999996e-11	9.53682e-07	-3.43325e-05	3.33788e-05	-82.746
54.3619	6.19	4.1295347e-11	-4.48229e-05	-9.53682e-07	4.57766e-05	-179.172
57.0483	6.2	4.136206e-11	-2.76567e-05	-2.47956e-05	3.52862e-05	-135.762
59.7346	6.21	4.1428772999999995e-11	-8.58313e-06	-2.86104e-06	3.81473e-06	-173.658
62.4053	6.22	4.1495486e-11	-4.7684e-06	-2.00273e-05	1.90736e-05	-99.78
65.0928	6.23	4.1562199e-11	-3.52862e-05	-4.00546e-05	5.3406e-05	-135.498
67.7783	6.24	4.1628912e-11	-4.29156e-05	9.53682e-07	4.19619e-05	178.152
70.4664	6.25	4.1695625e-11	-2.76567e-05	3.81473e-06	2.9564e-05	167.736
73.1365	6.26	4.1762338e-11	-1.04905e-05	-7.05724e-05	6.77113e-05	-100.008
75.8072	6.27	4.1829050999999994e-11	-3.81472e-05	-3.14715e-05	4.48229e-05	-135.618
78.4946	6.28	4.1895764e-11	-1.81199e-05	-1.04905e-05	2.57493e-05	-160.71
81.1813	6.29	4.1962477e-11	-3.43325e-05	-3.81472e-05	4.86376e-05	-133.332
83.8842	6.3	4.2029189999999994e-11	-1.62126e-05	-9.5368e-06	1.52589e-05	-159.144
86.555	6.31	4.2095902999999996e-11	-9.53682e-07	-4.29156e-05	4.19619e-05	-86.058
89.2416	6.32	4.2162616e-11	-1.43052e-05	-2.6703e-05	2.6703e-05	-112.068
91.9118	6.33	4.2229329e-11	-4.00546e-05	-2.9564e-05	4.57766e-05	-148.452
94.5832	6.34	4.2296041999999995e-11	-4.29156e-05	-4.48229e-05	5.9128e-05	-129.558
97.2692	6.35	4.2362755e-11	-3.62399e-05	5.72208e-06	3.33788e-05	174.288
99.9395	6.36	4.2429468e-11	-2.76567e-05	1.90736e-06	2.86103e-05	177.456
102.6426	6.37	4.2496181e-11	-2.3842e-05	-7.1526e-05	7.43871e-05	-108.6
105.3288	6.38	4.2562893999999996e-11	-2.9564e-05	-2.86103e-05	3.81472e-05	-136.434
108.016	6.39	4.2629607e-11	-4.67303e-05	-2.00273e-05	4.95913e-05	-159.18
110.6875	6.4	4.269632e-11	9.5368e-06	-4.10082e-05	4.00546e-05	-76.932
113.3742	6.41	4.2763032999999996e-11	-5.81744e-05	-1.43052e-05	5.9128e-05	-165.966
116.061	6.42	4.2829746e-11	-2.00273e-05	-2.0981e-05	2.76567e-05	-121.428
118.7477	6.43	4.2896458999999993e-11	-2.28883e-05	-3.62399e-05	3.91009e-05	-119.748
121.4495	6.44	4.2963172e-11	-4.19619e-05	-1.14442e-05	4.19619e-05	-162.12
124.136	6.45	4.3029885e-11	-2.00273e-05	-5.6267e-05	5.9128e-05	-110.322
126.808	6.46	4.3096598e-11	1.23978e-05	-3.33788e-05	3.43325e-05	-65.46
129.4945	6.47	4.3163310999999995e-11	-1.23978e-05	2.28883e-05	2.76567e-05	130.914
132.1815	6.48	4.3230024e-11	-6.67575e-06	-4.38693e-05	4.57766e-05	-100.374
134.8522	6.49	4.3296737e-11	-5.14986e-05	-3.05178e-05	5.72207e-05	-149.268
137.5215	6.5	4.336345e-11	-4.67303e-05	-3.81472e-05	5.72207e-05	-144.462
140.2094	6.51	4.3430162999999996e-11	-4.48229e-05	-3.14715e-05	5.6267e-05	-143.268
142.8796	6.52	4.3496876e-11	-4.00546e-05	-6.96187e-05	7.82018e-05	-120.048
145.5673	6.53	4.3563589e-11	-4.67303e-05	-4.10082e-05	6.38966e-05	-142.284
148.2528	6.54	4.3630301999999995e-11	-4.48229e-05	-5.24523e-05	6.8665e-05	-130.488
150.9244	6.55	4.3697015e-11	-2.6703e-05	-2.57493e-05	3.43325e-05	-141.912
153.5953	6.56	4.376372799999999e-11	-3.81472e-05	-4.48229e-05	5.72207e-05	-132.708
156.2821	6.57	4.3830441e-11	-6.67575e-06	-1.62126e-05	1.81199e-05	-118.176
158.9682	6.58	4.3897154e-11	1.23978e-05	-1.71663e-05	2.00273e-05	-55.302
161.6391	6.59	4.3963867e-11	-2.0981e-05	-5.0545e-05	5.3406e-05	-113.298
164.3264	6.6	4.4030579999999994e-11	2.00273e-05	1.90736e-06	1.90736e-05	0.0
167.0131	6.61	4.4097293e-11	2.00273e-05	2.19346e-05	3.24252e-05	35.94
169.6995	6.62	4.4164006e-11	1.62126e-05	-9.53682e-07	1.81199e-05	-17.82
172.3866	6.63	4.4230719e-11	7.62944e-05	4.57766e-05	8.77385e-05	30.966
175.0568	6.64	4.4297431999999996e-11	0.00011158	0.00011921	0.000164033	47.448
177.744	6.65	4.4364145e-11	0.000145913	9.05995e-05	0.000172616	32.592
180.4147	6.66	4.4430858e-11	0.000160218	9.15532e-05	0.000187875	28.998
183.0854	6.67	4.4497570999999995e-11	0.000130654	0.000120163	0.000179292	41.088
185.7714	6.68	4.4564284e-11	0.00016594	0.000140191	0.000217439	39.918
188.4583	6.69	4.4630997e-11	0.000154496	0.00013733	0.000210763	40.566
191.1455	6.7	4.469771e-11	0.000160218	0.000120163	0.000196458	37.416
193.8323	6.71	4.4764422999999996e-11	0.000107766	7.34334e-05	0.000124932	34.992
196.5183	6.72	4.4831136e-11	0.000117302	7.72481e-05	0.000140191	33.24
199.2214	6.73	4.4897849e-11	6.00817e-05	5.24523e-05	7.91554e-05	44.664
201.9241	6.74	4.4964561999999996e-11	3.14715e-05	1.90736e-05	3.62399e-05	28.368
204.6251	6.75	4.5031275e-11	2.57493e-05	4.38693e-05	5.0545e-05	58.644
207.313	6.76	4.5097987999999993e-11	1.71663e-05	3.71935e-05	4.19619e-05	64.698
209.9995	6.77	4.5164700999999995e-11	-8.58312e-05	-1.33515e-05	9.15532e-05	-170.274
212.6873	6.78	4.5231414e-11	-0.000117302	-7.82018e-05	0.000139237	-145.776
215.3575	6.79	4.5298127e-11	-0.000176431	-0.000133515	0.000221253	-143.304
218.045	6.8	4.5364839999999995e-11	-0.000185014	-0.00018406	0.00025654	-135.108
220.7316	6.81	4.5431552999999997e-11	-0.000213624	-0.000182153	0.000279428	-139.488
223.4183	6.82	4.5498266e-11	-0.000131608	-0.000124932	0.000179292	-136.212
226.0882	6.83	4.5564979e-11	-0.000102997	-8.77385e-05	0.000134469	-138.786
228.7758	6.84	4.5631691999999996e-11	-4.10082e-05	-2.3842e-05	4.86376e-05	-149.304
231.4625	6.85	4.5698405e-11	8.58313e-06	-7.62945e-06	1.23978e-05	-35.838
234.1483	6.86	4.5765118e-11	2.19346e-05	-2.76567e-05	3.62399e-05	-46.362
236.8509	6.87	4.5831830999999996e-11	5.72208e-06	-3.81473e-06	2.86104e-06	-30.966
239.5379	6.88	4.5898544e-11	-1.90736e-06	0.0	1.90736e-06	-149.034
242.2255	6.89	4.596525699999999e-11	-1.52589e-05	-2.86104e-06	1.62126e-05	-165.468
244.9271	6.9	4.603197e-11	1.90736e-06	2.28883e-05	2.19346e-05	68.496
247.6305	6.91	4.6098683e-11	2.76567e-05	0.0	3.52862e-05	-1.104
250.318	6.92	4.6165396e-11	-1.33515e-05	-4.19619e-05	4.19619e-05	-105.822
253.0195	6.93	4.6232108999999994e-11	-4.67303e-05	-3.05178e-05	5.43597e-05	-149.742
255.7234	6.94	4.6298822e-11	-2.47956e-05	-4.38693e-05	5.24523e-05	-123.084
258.4095	6.95	4.6365535e-11	5.72208e-06	-5.43597e-05	5.53133e-05	-83.958
261.1127	6.96	4.6432248e-11	-8.58313e-06	-6.67577e-05	6.48503e-05	-100.146
263.8138	6.97	4.6498960999999996e-11	-2.28883e-05	-2.6703e-05	3.43325e-05	-128.832
266.5022	6.98	4.6565674e-11	1.04905e-05	-2.28883e-05	2.6703e-05	-57.426
269.1729	6.99	4.6632387e-11	1.90736e-06	-4.29156e-05	3.91009e-05	-88.992
271.8582	7.0	4.6699099999999995e-11	6.67575e-06	-4.29156e-05	4.48229e-05	-75.966
274.5459	7.01	4.6765813e-11	-4.7684e-06	-3.43325e-05	3.52862e-05	-82.614
277.2326	7.02	4.683252599999999e-11	-3.81472e-05	-3.81472e-05	5.6267e-05	-142.068
279.9039	7.03	4.6899239e-11	-4.48229e-05	-2.00273e-05	4.48229e-05	-156.57
282.5739	7.04	4.6965951999999997e-11	-3.81473e-06	-2.47956e-05	2.57493e-05	-102.996
285.2453	7.05	4.7032665e-11	2.47956e-05	-1.23978e-05	3.05178e-05	-23.358
287.9155	7.06	4.7099377999999994e-11	2.00273e-05	-2.3842e-05	3.24252e-05	-47.352
290.6018	7.07	4.7166091e-11	-7.62945e-06	-4.76839e-05	4.67303e-05	-95.712
293.2727	7.08	4.7232804e-11	-2.86104e-06	8.58313e-06	5.72208e-06	113.202
295.9432	7.09	4.7299516999999993e-11	-3.62399e-05	-4.67303e-05	6.10356e-05	-128.37
298.6304	7.1	4.7366229999999995e-11	-2.28883e-05	-7.62945e-06	2.57493e-05	-152.784
301.3169	7.11	4.7432943e-11	-9.5368e-06	-6.2943e-05	5.6267e-05	-101.994
304.0047	7.12	4.7499656e-11	-1.71663e-05	0.0	1.62126e-05	-169.692
306.6906	7.13	4.7566368999999995e-11	-2.86104e-06	2.86104e-06	3.81473e-06	153.438
309.3781	7.14	4.7633081999999997e-11	-2.6703e-05	-2.3842e-05	3.81472e-05	-146.04
312.0649	7.15	4.7699795e-11	-1.43052e-05	0.0	1.04905e-05	169.38
314.7342	7.16	4.7766508e-11	-4.00546e-05	-1.14442e-05	4.29156e-05	-166.398
317.4222	7.17	4.7833220999999996e-11	1.81199e-05	-4.7684e-06	2.19346e-05	-8.13
320.1248	7.18	4.7899934e-11	-9.5368e-06	-2.6703e-05	2.47956e-05	-102.204
322.8116	7.19	4.7966647e-11	-3.33788e-05	-4.7684e-06	3.43325e-05	-176.76
325.4808	7.2	4.8033359999999996e-11	-4.67303e-05	-3.81472e-05	5.72207e-05	-139.764
328.1683	7.21	4.8100073e-11	-2.0981e-05	-1.04905e-05	2.19346e-05	-149.034
330.8389	7.22	4.816678599999999e-11	1.62126e-05	-4.7684e-06	1.43052e-05	-23.964
333.5267	7.23	4.8233499e-11	-2.00273e-05	-2.3842e-05	2.57493e-05	-122.826
336.2135	7.24	4.8300212e-11	1.90736e-06	8.58313e-06	1.04905e-05	67.62
338.9162	7.25	4.8366925e-11	-4.7684e-06	-2.57493e-05	2.57493e-05	-100.716
341.603	7.26	4.8433637999999994e-11	-7.62945e-06	-2.00273e-05	2.0981e-05	-115.77
344.2894	7.27	4.8500350999999996e-11	-5.72207e-05	-4.19619e-05	7.05724e-05	-142.494
346.9758	7.28	4.8567064e-11	-5.72208e-06	-4.29156e-05	4.19619e-05	-96.444
349.6471	7.29	4.8633777e-11	-8.58313e-06	-2.28883e-05	2.19346e-05	-98.616
352.3339	7.3	4.8700489999999996e-11	-1.81199e-05	8.58313e-06	2.19346e-05	151.26
355.0037	7.31	4.8767203e-11	-5.72208e-06	-6.48503e-05	6.38966e-05	-95.304
357.6742	7.32	4.8833916e-11	-1.81199e-05	-3.71935e-05	4.29156e-05	-116.19
360.3622	7.33	4.8900628999999995e-11	-6.67575e-06	-5.72208e-06	5.72208e-06	-119.748
363.0482	7.34	4.8967342e-11	-7.62945e-06	5.72208e-06	9.5368e-06	127.566
365.7186	7.35	4.903405499999999e-11	3.05178e-05	7.62945e-06	3.52862e-05	14.298
368.4064	7.36	4.9100768e-11	-2.86104e-06	5.72208e-06	4.7684e-06	159.444
371.0918	7.37	4.9167480999999997e-11	9.5368e-06	-6.67575e-06	1.04905e-05	-32.736
373.7794	7.38	4.9234194e-11	-2.47956e-05	-4.29156e-05	4.76839e-05	-119.136
376.4669	7.39	4.9300906999999994e-11	-2.47956e-05	-2.47956e-05	3.33788e-05	-136.59
379.1536	7.4	4.936762e-11	2.57493e-05	0.0	2.57493e-05	-6.63
381.8244	7.41	4.9434333e-11	-1.14442e-05	-2.47956e-05	2.76567e-05	-113.388
384.4937	7.42	4.9501046e-11	-6.67575e-06	-1.71663e-05	2.0981e-05	-113.964
387.1819	7.43	4.9567758999999995e-11	-3.81472e-05	-2.86104e-06	4.00546e-05	-177.228
389.8683	7.44	4.9634472e-11	2.28883e-05	-3.62399e-05	4.10082e-05	-55.788
392.5382	7.45	4.9701185e-11	-8.58313e-06	-2.86104e-06	5.72208e-06	-119.052
395.2094	7.46	4.9767897999999995e-11	-1.62126e-05	-2.57493e-05	2.9564e-05	-118.704
397.8967	7.47	4.9834611e-11	-2.0981e-05	-3.71935e-05	3.91009e-05	-118.368
400.5993	7.48	4.9901324e-11	-1.14442e-05	-1.52589e-05	2.3842e-05	-136.908
403.2859	7.49	4.9968037e-11	-1.43052e-05	-2.28883e-05	2.6703e-05	-118.494
405.9732	7.5	5.0034749999999996e-11	-4.86376e-05	-4.86376e-05	6.77113e-05	-137.724
408.6758	7.51	5.0101463e-11	-2.3842e-05	1.90736e-06	2.57493e-05	178.566
411.3302	7.52	5.0168175999999994e-11	8.58313e-06	-9.5368e-06	1.43052e-05	-31.428
414.0163	7.53	5.0234889e-11	-6.2943e-05	-1.33515e-05	6.10356e-05	-166.578
416.688	7.54	5.0301602e-11	-3.71935e-05	-2.6703e-05	4.38693e-05	-145.08
419.3896	7.55	5.036831499999999e-11	-1.04905e-05	-2.9564e-05	2.9564e-05	-108.432
422.0775	7.56	5.0435027999999995e-11	-1.43052e-05	-4.7684e-06	1.62126e-05	-169.506
424.7642	7.57	5.0501741e-11	-5.3406e-05	-2.0981e-05	5.81744e-05	-161.568
427.45	7.58	5.0568454e-11	1.04905e-05	-3.81473e-06	8.58313e-06	-48.012
430.138	7.59	5.0635166999999994e-11	-1.90736e-06	-1.81199e-05	1.81199e-05	-126.156
432.8246	7.6	5.0701879999999996e-11	3.81473e-06	-3.71935e-05	3.62399e-05	-78.486
435.5113	7.61	5.0768593e-11	1.71663e-05	-1.23978e-05	2.19346e-05	-29.538
438.182	7.62	5.0835306e-11	-4.00546e-05	-6.67575e-06	4.00546e-05	-174.288
440.8847	7.63	5.0902018999999996e-11	-1.71663e-05	-2.47956e-05	3.05178e-05	-124.992
443.5714	7.64	5.0968732e-11	7.62945e-06	-9.5368e-06	8.58313e-06	-74.748
446.2422	7.65	5.1035445e-11	-1.43052e-05	-3.52862e-05	3.43325e-05	-108.432
448.9282	7.66	5.1102157999999995e-11	-1.14442e-05	-5.81744e-05	5.72207e-05	-93.288
451.5995	7.67	5.1168871e-11	-3.62399e-05	2.86104e-06	3.43325e-05	177.882
454.2853	7.68	5.123558399999999e-11	-1.62126e-05	-9.5368e-06	1.81199e-05	-142.308
456.9882	7.69	5.1302297e-11	1.90736e-05	-4.86376e-05	5.43597e-05	-63.738
459.6749	7.7	5.1369009999999997e-11	-2.00273e-05	-4.67303e-05	5.0545e-05	-113.298
462.3627	7.71	5.1435723e-11	-6.67575e-06	-3.81473e-06	8.58313e-06	175.602
465.0482	7.72	5.1502435999999994e-11	-2.86104e-06	-1.33515e-05	1.04905e-05	-111.036
467.7194	7.73	5.1569149e-11	-1.23978e-05	-4.7684e-06	1.62126e-05	-154.356
470.4069	7.74	5.1635862e-11	-4.7684e-06	-2.3842e-05	2.3842e-05	-86.904
473.1094	7.75	5.1702575e-11	-2.9564e-05	-3.14715e-05	4.19619e-05	-131.424
475.7792	7.76	5.1769287999999995e-11	2.6703e-05	-4.86376e-05	5.24523e-05	-61.8
478.4509	7.77	5.1836001e-11	-1.04905e-05	-1.71663e-05	1.81199e-05	-108.432
481.1538	7.78	5.1902714e-11	-2.9564e-05	-1.62126e-05	3.52862e-05	-149.742
483.8395	7.79	5.1969426999999995e-11	0.0	-2.0981e-05	2.19346e-05	-91.638
486.5111	7.8	5.203614e-11	-2.3842e-05	-2.28883e-05	3.33788e-05	-133.362
489.198	7.81	5.210285299999999e-11	-1.81199e-05	-5.81744e-05	5.9128e-05	-109.476
491.8849	7.82	5.2169566e-11	1.14442e-05	-4.7684e-06	1.52589e-05	-22.248
494.5716	7.83	5.2236278999999996e-11	1.62126e-05	-1.62126e-05	2.00273e-05	-53.532
497.2573	7.84	5.2302992e-11	-2.86103e-05	2.86104e-06	2.9564e-05	171.528
499.961	7.85	5.2369704999999994e-11	-4.38693e-05	-1.90736e-06	4.10082e-05	178.092
502.6317	7.86	5.2436418e-11	-1.43052e-05	-3.52862e-05	3.71935e-05	-111.612
505.3166	7.87	5.2503131e-11	-9.53682e-07	-3.81472e-05	3.71935e-05	-91.062
508.0052	7.88	5.2569844e-11	-2.9564e-05	-2.57493e-05	3.81472e-05	-138.45
510.6749	7.89	5.2636556999999995e-11	4.38693e-05	-2.57493e-05	4.95913e-05	-27.978
513.3623	7.9	5.270327e-11	-9.5368e-06	-4.7684e-06	7.62945e-06	-116.562
516.0482	7.91	5.2769983e-11	4.95913e-05	-4.7684e-06	4.57766e-05	-2.526
518.7194	7.92	5.2836695999999994e-11	-1.52589e-05	4.7684e-06	1.43052e-05	166.608
521.4227	7.93	5.2903408999999996e-11	-1.62126e-05	2.3842e-05	2.6703e-05	120.966
524.1082	7.94	5.2970122e-11	1.81199e-05	-3.81473e-06	2.00273e-05	-19.536
526.7963	7.95	5.3036835e-11	3.14715e-05	1.90736e-05	3.91009e-05	26.982
529.4829	7.96	5.3103547999999996e-11	1.71663e-05	4.7684e-06	1.62126e-05	2.292
532.1682	7.97	5.3170261e-11	1.81199e-05	3.81473e-06	1.90736e-05	9.162
534.839	7.98	5.3236974e-11	4.10082e-05	-2.9564e-05	5.0545e-05	-31.086
537.5096	7.99	5.3303687e-11	-1.81199e-05	-4.48229e-05	4.57766e-05	-110.748
540.213	8.0	5.33704e-11	1.52589e-05	-1.04905e-05	1.33515e-05	-78.69
542.8995	8.01	5.343711299999999e-11	2.86104e-06	-6.67575e-06	6.67575e-06	-99.462
545.6031	8.02	5.3503825999999995e-11	-1.23978e-05	6.67575e-06	1.62126e-05	148.674
548.2739	8.03	5.357053899999999e-11	-1.52589e-05	-3.14715e-05	3.62399e-05	-119.622
550.9439	8.04	5.363725199999999e-11	2.6703e-05	1.04905e-05	2.9564e-05	20.856
553.6142	8.05	5.3703965e-11	-3.14715e-05	-1.04905e-05	3.24252e-05	-162.978
556.3171	8.06	5.3770678e-11	-2.76567e-05	-2.0981e-05	3.24252e-05	-140.964
558.9883	8.07	5.3837391e-11	-1.81199e-05	1.23978e-05	2.0981e-05	145.788
561.6756	8.08	5.3904104e-11	-4.48229e-05	-1.14442e-05	5.14986e-05	-168.408
564.3452	8.09	5.3970816999999995e-11	-2.0981e-05	-2.47956e-05	2.9564e-05	-129.288
567.0328	8.1	5.403753e-11	2.86104e-06	2.86104e-06	5.72208e-06	45.0
569.7028	8.11	5.410424299999999e-11	-4.38693e-05	-2.0981e-05	4.76839e-05	-150.552
572.3895	8.12	5.4170955999999995e-11	-1.04905e-05	0.0	1.04905e-05	180.0
575.0613	8.13	5.4237669000000003e-11	-5.0545e-05	-9.5368e-06	5.24523e-05	-172.878
577.7303	8.14	5.4304382e-11	2.47956e-05	0.0	2.57493e-05	-1.398
580.4029	8.15	5.4371095e-11	-2.86103e-05	-1.81199e-05	3.05178e-05	-141.546
583.0883	8.16	5.4437807999999996e-11	1.90736e-06	-2.9564e-05	3.05178e-05	-86.346
585.7595	8.17	5.4504521e-11	-2.19346e-05	-1.62126e-05	2.6703e-05	-151.506
588.43	8.18	5.4571233999999994e-11	3.81473e-06	-2.00273e-05	1.90736e-05	-79.044
591.1018	8.19	5.4637946999999996e-11	0.0	-4.86376e-05	4.57766e-05	-91.638
593.7726	8.2	5.470465999999999e-11	-8.58313e-06	-1.62126e-05	1.52589e-05	-114.228
596.4753	8.21	5.4771373000000006e-11	-3.81472e-05	-6.67575e-06	3.81472e-05	-170.706
599.1621	8.22	5.4838086e-11	-4.7684e-06	1.71663e-05	1.71663e-05	107.652
601.8476	8.23	5.4904799e-11	-2.6703e-05	-3.71935e-05	4.38693e-05	-126.528
604.5355	8.24	5.4971512e-11	3.33788e-05	-1.23978e-05	3.71935e-05	-18.432
607.2063	8.25	5.5038224999999995e-11	-9.5368e-06	-3.33788e-05	3.33788e-05	-108.432
609.8923	8.26	5.5104937999999996e-11	6.67575e-06	-8.58313e-06	1.04905e-05	-48.012
612.5636	8.27	5.517165099999999e-11	0.0	-2.00273e-05	1.81199e-05	-90.0
615.2495	8.28	5.5238363999999994e-11	-3.43325e-05	-3.14715e-05	4.48229e-05	-133.194
617.92	8.29	5.530507699999999e-11	2.86104e-06	-4.7684e-06	2.86104e-06	-80.538
620.6077	8.3	5.5371790000000004e-11	-2.28883e-05	-3.05178e-05	3.71935e-05	-132.21
623.2944	8.31	5.5438503e-11	-2.28883e-05	-1.14442e-05	2.57493e-05	-156.036
625.9652	8.32	5.5505216e-11	-1.62126e-05	-5.24523e-05	5.72207e-05	-108.648
628.6517	8.33	5.5571929e-11	3.81473e-06	-6.67575e-06	7.62945e-06	-34.992
631.3377	8.34	5.5638642e-11	-2.28883e-05	-3.43325e-05	4.00546e-05	-127.056
634.0403	8.35	5.5705354999999995e-11	-1.33515e-05	-2.47956e-05	2.86103e-05	-123.69
636.7595	8.36	5.577206799999999e-11	-2.0981e-05	-1.33515e-05	2.28883e-05	-144.09
639.4625	8.37	5.583878099999999e-11	-4.29156e-05	-2.3842e-05	4.57766e-05	-149.622
642.1483	8.38	5.5905494e-11	-1.62126e-05	-4.48229e-05	4.86376e-05	-111.654
644.8364	8.39	5.5972207e-11	-1.33515e-05	-3.43325e-05	3.62399e-05	-111.252
647.5233	8.4	5.603892e-11	-1.62126e-05	-4.7684e-06	1.71663e-05	-158.196
650.1922	8.41	5.6105633e-11	-1.33515e-05	-4.7684e-06	1.62126e-05	-163.74
652.8799	8.42	5.6172345999999996e-11	-9.53682e-07	-1.04905e-05	1.04905e-05	-71.568
655.5675	8.43	5.6239059e-11	1.62126e-05	-9.5368e-06	1.90736e-05	-36.468
658.2538	8.44	5.630577199999999e-11	5.72208e-06	-1.62126e-05	1.52589e-05	-80.136
660.9252	8.45	5.6372484999999995e-11	-6.67575e-06	-2.86104e-06	1.33515e-05	-172.566
663.6111	8.46	5.6439198000000003e-11	1.71663e-05	5.72208e-06	2.19346e-05	20.136
666.298	8.47	5.6505911e-11	2.86104e-06	1.90736e-05	1.81199e-05	97.122
668.9682	8.48	5.6572624e-11	-1.04905e-05	3.71935e-05	3.91009e-05	103.296
671.6395	8.49	5.6639336999999996e-11	-3.71935e-05	-6.67575e-06	4.00546e-05	-173.556
674.3269	8.5	5.670605e-11	-9.53682e-07	-1.81199e-05	1.71663e-05	-103.494
677.0136	8.51	5.6772762999999994e-11	-3.05178e-05	-4.10082e-05	5.24523e-05	-127.44
679.6995	8.52	5.6839475999999996e-11	-5.14986e-05	-4.86376e-05	6.38966e-05	-128.562
682.3861	8.53	5.690618899999999e-11	1.33515e-05	-5.3406e-05	5.43597e-05	-75.966
685.0721	8.54	5.697290199999999e-11	-5.81744e-05	-4.00546e-05	6.77113e-05	-144.864
687.7595	8.55	5.7039615e-11	-3.14715e-05	-2.76567e-05	4.29156e-05	-140.946
690.4305	8.56	5.7106328000000004e-11	-6.67577e-05	-6.38966e-05	9.15532e-05	-135.0
693.1181	8.57	5.7173041e-11	-4.29156e-05	-2.0981e-05	5.0545e-05	-152.802
695.805	8.58	5.7239753999999995e-11	3.81473e-06	-4.48229e-05	4.57766e-05	-80.676
698.4757	8.59	5.7306466999999997e-11	-3.81473e-06	1.23978e-05	1.23978e-05	79.992
701.1463	8.6	5.737317999999999e-11	-1.23978e-05	-1.90736e-06	8.58313e-06	180.0
703.833	8.61	5.7439892999999994e-11	-4.7684e-06	0.0	5.72208e-06	-144.462
706.5195	8.62	5.750660599999999e-11	-4.29156e-05	-1.33515e-05	4.38693e-05	-165.966
709.1895	8.63	5.7573319000000004e-11	2.3842e-05	9.53682e-07	2.3842e-05	8.748
711.8773	8.64	5.7640032e-11	-2.00273e-05	-2.3842e-05	2.3842e-05	-127.182
714.5795	8.65	5.7706745e-11	-2.0981e-05	-1.43052e-05	2.76567e-05	-145.302
717.2667	8.66	5.7773458e-11	-5.72208e-06	4.10082e-05	4.19619e-05	97.236
719.9375	8.67	5.7840171e-11	6.67575e-06	-3.43325e-05	3.52862e-05	-79.314
722.6083	8.68	5.7906883999999995e-11	-5.72208e-06	-2.0981e-05	2.3842e-05	-97.698
725.2951	8.69	5.7973596999999997e-11	-2.9564e-05	-5.24523e-05	6.00817e-05	-116.016
727.9818	8.7	5.804030999999999e-11	-1.14442e-05	9.5368e-06	1.62126e-05	135.0
730.6683	8.71	5.8107023e-11	-2.86104e-06	2.86104e-06	4.7684e-06	164.052
733.3552	8.72	5.8173736e-11	1.14442e-05	-2.28883e-05	2.86103e-05	-60.57
736.042	8.73	5.8240449e-11	2.86104e-06	2.86104e-06	2.86104e-06	125.538
738.7282	8.74	5.8307162e-11	-6.67575e-06	-2.76567e-05	2.6703e-05	-114.678
741.3995	8.75	5.8373875e-11	3.43325e-05	-4.29156e-05	5.53133e-05	-50.28
744.0693	8.76	5.8440588e-11	-2.0981e-05	-3.62399e-05	4.29156e-05	-122.682
746.757	8.77	5.8507301e-11	-3.81473e-06	-7.34334e-05	7.1526e-05	-92.16
749.4438	8.78	5.857401399999999e-11	1.23978e-05	-2.00273e-05	2.28883e-05	-67.008
752.1146	8.7905	5.864406265e-11	1.90736e-06	1.90736e-05	1.81199e-05	92.388
754.8174	8.8	5.870744e-11	-2.9564e-05	-4.76839e-05	5.24523e-05	-117.216
757.4878	8.81	5.8774153e-11	-6.67575e-06	-9.5368e-06	1.52589e-05	-140.196
760.1749	8.82	5.8840866e-11	-3.81472e-05	-2.9564e-05	4.38693e-05	-137.436
762.8456	8.83	5.8907579e-11	-2.00273e-05	-1.43052e-05	2.28883e-05	-151.26
765.5157	8.84	5.8974292e-11	-3.33788e-05	1.90736e-06	3.24252e-05	177.666
768.2022	8.85	5.904100499999999e-11	-4.00546e-05	-1.43052e-05	3.91009e-05	-158.01
770.8895	8.86	5.910771799999999e-11	-7.62945e-06	-3.33788e-05	3.43325e-05	-114.078
773.5758	8.87	5.917443099999999e-11	-9.5368e-06	-1.33515e-05	1.52589e-05	-109.8
776.2474	8.88	5.924114400000001e-11	8.58313e-06	2.57493e-05	2.6703e-05	71.994
778.9341	8.89	5.9307857e-11	3.81473e-06	-9.53682e-07	5.72208e-06	5.196
781.6048	8.9	5.937457e-11	-9.5368e-06	-2.28883e-05	2.3842e-05	-104.418
784.2909	8.91	5.9441283e-11	-3.14715e-05	-1.62126e-05	3.43325e-05	-158.406
786.9775	8.92	5.950799599999999e-11	-1.23978e-05	-2.0981e-05	1.90736e-05	-108.432
789.6643	8.93	5.957470899999999e-11	5.72208e-06	-5.24523e-05	4.95913e-05	-84.45
792.3353	8.94	5.9641422e-11	3.81473e-06	2.3842e-05	2.28883e-05	85.098
795.0067	8.9505	5.971147065e-11	-8.58313e-06	3.81473e-06	1.04905e-05	149.532
797.6773	8.96	5.9774848e-11	-5.72208e-06	-6.67575e-06	5.72208e-06	-116.562
800.3641	8.97	5.9841561e-11	4.00546e-05	-3.62399e-05	4.95913e-05	-47.16
803.05	8.98	5.9908274e-11	-1.71663e-05	2.86104e-06	1.52589e-05	172.236
805.7366	8.99	5.9974987e-11	5.72208e-06	-3.14715e-05	3.24252e-05	-73.608
808.4244	9.0	6.004169999999999e-11	-3.62399e-05	1.90736e-05	3.91009e-05	152.1
811.1271	9.01	6.0108413e-11	-1.33515e-05	-1.04905e-05	1.90736e-05	-151.824
813.7977	9.02	6.0175126e-11	-9.5368e-06	-6.67575e-06	1.04905e-05	-139.086
816.4836	9.03	6.0241839e-11	-4.7684e-06	-7.62945e-06	5.72208e-06	-108.432
819.1537	9.04	6.030855199999999e-11	-4.7684e-06	-2.19346e-05	2.19346e-05	-98.616
821.8248	9.05	6.0375265e-11	-2.0981e-05	-1.04905e-05	2.19346e-05	-150.252
824.5126	9.06	6.0441978e-11	1.52589e-05	2.57493e-05	3.14715e-05	57.342
827.1983	9.07	6.0508691e-11	-8.58313e-06	-1.14442e-05	1.43052e-05	-120.066
829.8862	9.08	6.0575404e-11	-5.72208e-06	-3.71935e-05	3.52862e-05	-93.12
832.5558	9.09	6.0642117e-11	1.43052e-05	8.58313e-06	1.33515e-05	32.004
835.228	9.1	6.070883e-11	-3.05178e-05	-3.14715e-05	4.48229e-05	-133.854
837.9138	9.11	6.077554299999999e-11	-2.76567e-05	-4.19619e-05	4.86376e-05	-126.87
840.5855	9.12	6.084225599999999e-11	-1.90736e-05	-4.00546e-05	4.19619e-05	-111.108
843.3041	9.13	6.0908969e-11	-2.28883e-05	-3.62399e-05	4.00546e-05	-118.77
845.9895	9.14	6.0975682e-11	-1.52589e-05	-1.33515e-05	1.90736e-05	-147.804
848.6605	9.15	6.1042395e-11	-2.28883e-05	-3.05178e-05	3.33788e-05	-127.092
851.3481	9.16	6.1109108e-11	-2.00273e-05	1.23978e-05	2.0981e-05	153.438
854.0342	9.17	6.1175821e-11	8.58313e-06	-4.29156e-05	4.00546e-05	-74.478
856.7061	9.18	6.124253399999999e-11	-4.57766e-05	-3.52862e-05	5.53133e-05	-142.854
859.6639	9.19	6.130924699999999e-11	4.7684e-06	-2.00273e-05	1.90736e-05	-84.804
862.3514	9.2	6.137595999999999e-11	-1.33515e-05	-5.81744e-05	5.6267e-05	-93.408
865.0371	9.21	6.144267300000001e-11	-2.00273e-05	9.53682e-07	1.71663e-05	-177.798
867.7246	9.22	6.1509386e-11	-1.62126e-05	8.58313e-06	1.81199e-05	153.438
870.4117	9.23	6.1576099e-11	-1.81199e-05	-3.43325e-05	3.91009e-05	-111.972
873.0983	9.24	6.1642812e-11	5.72208e-06	1.14442e-05	1.04905e-05	72.9
875.7848	9.25	6.1709525e-11	2.86103e-05	-2.86104e-06	3.05178e-05	-1.122
878.4718	9.26	6.177623799999999e-11	1.04905e-05	-5.14986e-05	4.86376e-05	-77.562
881.1582	9.27	6.1842951e-11	-5.6267e-05	-2.9564e-05	5.6267e-05	-149.154
883.8455	9.28	6.1909664e-11	-1.04905e-05	-1.52589e-05	1.52589e-05	-113.202
886.5163	9.29	6.197637699999999e-11	-1.62126e-05	2.19346e-05	2.86103e-05	126.606
889.2023	9.3	6.204309e-11	-3.81473e-06	-2.6703e-05	2.3842e-05	-90.0
891.8895	9.31	6.2109803e-11	1.52589e-05	-5.81744e-05	5.72207e-05	-73.044
894.5595	9.32	6.2176516e-11	0.0	-1.43052e-05	1.43052e-05	-99.462
897.2469	9.33	6.224322899999999e-11	-2.9564e-05	4.7684e-06	3.24252e-05	167.346
899.9171	9.34	6.2309942e-11	-1.81199e-05	-6.5804e-05	6.8665e-05	-106.17
902.6047	9.35	6.2376655e-11	2.86103e-05	-2.00273e-05	2.9564e-05	-37.404
905.2915	9.36	6.2443368e-11	-2.9564e-05	-5.72208e-06	2.6703e-05	-161.112
907.9602	9.37	6.251008099999999e-11	-1.90736e-05	-2.9564e-05	3.24252e-05	-133.314
910.6485	9.38	6.2576794e-11	-9.5368e-06	-7.62945e-06	9.5368e-06	-122.472
913.3186	9.39	6.2643507e-11	0.0	-1.90736e-06	3.81473e-06	10.308
916.0062	9.4	6.271022e-11	-2.47956e-05	-1.14442e-05	2.57493e-05	-164.25
918.7083	9.41	6.2776933e-11	-4.95913e-05	-3.14715e-05	6.00817e-05	-147.528
921.3785	9.42	6.2843646e-11	-2.3842e-05	-5.3406e-05	5.6267e-05	-119.58
924.0646	9.43	6.2910359e-11	-1.43052e-05	-1.43052e-05	2.00273e-05	-132.396
926.7532	9.44	6.297707199999999e-11	5.72208e-06	-3.14715e-05	3.24252e-05	-78.234
929.4234	9.45	6.304378499999999e-11	-2.3842e-05	1.04905e-05	2.57493e-05	158.46
932.0948	9.46	6.3110498e-11	9.5368e-06	-2.47956e-05	2.76567e-05	-62.784
934.7647	9.47	6.317721100000001e-11	-3.52862e-05	-2.3842e-05	4.10082e-05	-145.812
937.468	9.48	6.3243924e-11	-3.81473e-06	-2.0981e-05	2.19346e-05	-113.628
940.1548	9.49	6.3310637e-11	-3.62399e-05	-2.6703e-05	4.57766e-05	-144.276
942.8257	9.5	6.337735e-11	-3.05178e-05	-6.48503e-05	7.05724e-05	-116.562
945.5107	9.51	6.344406299999999e-11	3.71935e-05	-2.00273e-05	4.38693e-05	-28.026
948.198	9.52	6.351077599999999e-11	8.58313e-06	-2.47956e-05	2.3842e-05	-67.38
950.8859	9.53	6.357748899999999e-11	-3.81473e-06	-3.05178e-05	3.24252e-05	-99.462
953.5558	9.54	6.3644202e-11	-2.6703e-05	-1.62126e-05	3.05178e-05	-152.406
956.2435	9.55	6.3710915e-11	3.81473e-06	9.5368e-06	1.04905e-05	49.764
958.9142	9.56	6.3777628e-11	-2.76567e-05	-1.71663e-05	3.33788e-05	-152.952
961.6	9.57	6.3844341e-11	-4.29156e-05	-3.05178e-05	5.43597e-05	-146.886
964.2876	9.58	6.3911054e-11	-3.05178e-05	5.72208e-06	2.76567e-05	160.71
966.9739	9.59	6.397776699999999e-11	8.58313e-06	-2.6703e-05	2.57493e-05	-79.824
969.6604	9.6	6.404448e-11	-1.62126e-05	8.58313e-06	1.71663e-05	151.392
972.348	9.61	6.4111193e-11	-2.76567e-05	-1.33515e-05	2.76567e-05	-159.276
975.0347	9.62	6.417790599999999e-11	-2.28883e-05	-1.33515e-05	2.57493e-05	-145.92
977.7374	9.63	6.4244619e-11	-4.48229e-05	-2.47956e-05	5.0545e-05	-142.98
980.4242	9.64	6.4311332e-11	-2.9564e-05	4.38693e-05	5.53133e-05	126.594
983.1094	9.65	6.4378045e-11	-1.33515e-05	1.04905e-05	1.52589e-05	149.934
985.7975	9.66	6.444475799999999e-11	3.62399e-05	-1.62126e-05	3.91009e-05	-24.846
988.4842	9.67	6.4511471e-11	2.86103e-05	-2.3842e-05	3.43325e-05	-48.096
991.1551	9.68	6.4578184e-11	4.67303e-05	8.58313e-06	4.38693e-05	11.658
993.8249	9.69	6.4644897e-11	2.86104e-06	-1.90736e-05	2.00273e-05	-78.996
996.5126	9.7	6.471160999999999e-11	1.90736e-05	-9.5368e-06	2.3842e-05	-14.418
999.1974	9.71	6.4778323e-11	1.23978e-05	-2.86104e-06	1.43052e-05	-11.766
1001.8695	9.72	6.4845036e-11	1.90736e-05	-1.14442e-05	1.81199e-05	-28.44
1004.5397	9.73	6.4911749e-11	2.6703e-05	3.81473e-06	2.47956e-05	9.21
1007.7383	9.74	6.4978462e-11	1.81199e-05	-3.81473e-06	1.71663e-05	-14.532
1010.4263	9.75	6.5045175e-11	0.0	1.14442e-05	1.23978e-05	106.698
1013.0964	9.76	6.5111888e-11	4.57766e-05	5.72208e-06	4.57766e-05	10.524
1015.7983	9.77	6.517860099999999e-11	8.58313e-06	-1.62126e-05	1.81199e-05	-68.196
1018.4858	9.78	6.524531399999999e-11	1.14442e-05	5.0545e-05	5.0545e-05	78.234
1021.1571	9.79	6.531202699999999e-11	-1.14442e-05	2.3842e-05	2.57493e-05	117.216
1023.828	9.8	6.537874000000001e-11	-1.71663e-05	-1.90736e-06	1.43052e-05	-160.56
1026.4983	9.81	6.5445453e-11	-1.71663e-05	-2.6703e-05	2.9564e-05	-117.756
1029.1856	9.82	6.5512166e-11	-2.6703e-05	-7.62945e-06	2.6703e-05	-163.854
1031.871	9.83	6.5578879e-11	-7.62945e-06	-4.95913e-05	4.67303e-05	-98.808
1034.5581	9.84	6.564559199999999e-11	-2.9564e-05	-7.62945e-06	2.76567e-05	-167.904
1037.2295	9.85	6.571230499999999e-11	-2.76567e-05	-1.43052e-05	2.9564e-05	-157.962
1039.915	9.86	6.577901799999999e-11	1.33515e-05	9.53682e-07	1.33515e-05	7.434
1042.6029	9.87	6.5845731e-11	-1.14442e-05	-1.14442e-05	1.23978e-05	-143.748
1045.2727	9.88	6.5912444e-11	2.3842e-05	-3.71935e-05	4.29156e-05	-58.092
1047.9609	9.89	6.5979157e-11	8.58313e-06	-1.62126e-05	1.71663e-05	-61.188
1050.6476	9.9	6.604587e-11	2.0981e-05	-1.52589e-05	2.47956e-05	-37.182
1053.3345	9.91	6.6112583e-11	0.0	-3.33788e-05	3.52862e-05	-96.342
1056.0053	9.92	6.617929599999999e-11	2.9564e-05	-2.28883e-05	3.62399e-05	-33.39
1058.692	9.93	6.6246009e-11	0.0	-5.53133e-05	5.24523e-05	-87.768
1061.378	9.94	6.6312722e-11	8.58313e-06	3.91009e-05	4.10082e-05	83.346
1064.0485	9.95	6.6379435e-11	-5.24523e-05	-7.34334e-05	9.05995e-05	-125.058
1066.7364	9.96	6.6446148e-11	-4.29156e-05	-3.14715e-05	5.53133e-05	-141.768
1069.4058	9.97	6.6512861e-11	-6.19893e-05	-5.0545e-05	7.91554e-05	-139.134
1072.1094	9.98	6.6579574e-11	-7.1526e-05	-2.47956e-05	7.53407e-05	-161.25
1074.7966	9.99	6.664628699999999e-11	-7.53407e-05	-8.39238e-05	0.000110627	-131.778
1077.4822	10.0	6.6713e-11	-1.43052e-05	-3.81472e-05	4.00546e-05	-116.148
1080.1695	10.01	6.6779713e-11	-3.43325e-05	-4.7684e-06	3.62399e-05	-178.956
1082.8558	10.02	6.6846426e-11	-6.67575e-06	-6.48503e-05	6.38966e-05	-96.672
1085.5275	10.03	6.691313899999999e-11	3.33788e-05	-3.81473e-06	2.9564e-05	-1.332
1088.2143	10.04	6.697985199999999e-11	-4.7684e-06	-1.43052e-05	1.23978e-05	-72.474
1090.901	10.05	6.7046565e-11	1.90736e-06	8.58313e-06	8.58313e-06	85.602
1093.6038	10.06	6.7113278e-11	-4.7684e-06	-2.86104e-06	4.7684e-06	-104.034
1096.2887	10.07	6.7179991e-11	-2.3842e-05	3.52862e-05	4.19619e-05	123.438
1098.9763	10.08	6.7246704e-11	-1.90736e-05	-2.3842e-05	2.9564e-05	-121.608
1101.6479	10.09	6.7313417e-11	-2.6703e-05	-2.9564e-05	3.71935e-05	-137.07
1104.3334	10.1	6.738012999999999e-11	-2.3842e-05	-5.43597e-05	6.00817e-05	-116.562
1107.0054	10.11	6.744684299999999e-11	-4.00546e-05	-4.95913e-05	6.2943e-05	-127.104
1109.6755	10.12	6.751355599999999e-11	-1.90736e-05	-2.9564e-05	3.24252e-05	-124.626
1112.3625	10.13	6.758026900000001e-11	-8.10628e-05	-3.91009e-05	9.44142e-05	-156.642
1115.0328	10.14	6.7646982e-11	-3.33788e-05	-8.58313e-06	3.62399e-05	-168.69
1117.7035	10.15	6.7713695e-11	-3.81473e-06	-2.6703e-05	2.57493e-05	-108.888
1120.3896	10.16	6.7780408e-11	-2.28883e-05	-1.04905e-05	2.57493e-05	-152.82
1123.0776	10.17	6.7847121e-11	-1.90736e-05	-5.53133e-05	5.6267e-05	-105.486
1125.7482	10.18	6.791383399999999e-11	-2.0981e-05	-4.95913e-05	5.14986e-05	-113.01
1128.4183	10.19	6.798054699999999e-11	-2.28883e-05	-3.33788e-05	3.81472e-05	-119.748
1131.1051	10.2	6.804726e-11	-5.9128e-05	-5.72207e-05	7.62944e-05	-137.934
1133.7757	10.21	6.8113973e-11	-2.9564e-05	-3.52862e-05	4.38693e-05	-131.424
1136.4633	10.22	6.8180686e-11	-4.67303e-05	-6.67577e-05	7.72481e-05	-122.88
1139.1662	10.23	6.8247399e-11	-2.9564e-05	-4.29156e-05	5.14986e-05	-127.878
1141.8529	10.24	6.8314112e-11	-6.8665e-05	-4.86376e-05	8.48775e-05	-148.806
1144.5395	10.25	6.838082499999999e-11	-3.91009e-05	-6.96187e-05	7.72481e-05	-115.23
1147.2095	10.26	6.8447538e-11	-4.48229e-05	-3.52862e-05	5.43597e-05	-136.548
1149.9133	10.27	6.8514251e-11	-5.3406e-05	-7.43871e-05	8.96459e-05	-126.702
1152.616	10.28	6.8580964e-11	-7.34334e-05	-7.43871e-05	0.000106812	-135.99
1155.3018	10.29	6.864767699999999e-11	-0.000100136	-6.19893e-05	0.000121117	-147.504
1157.9882	10.3	6.871439e-11	-0.000102997	-4.29156e-05	0.000108719	-158.004
1160.6761	10.31	6.8781103e-11	-0.000104905	-6.5804e-05	0.000125886	-149.7
1163.3628	10.32	6.884781599999999e-11	-6.38966e-05	-0.000102044	0.00011921	-123.69
1166.0656	10.33	6.8914529e-11	-8.20165e-05	-4.95913e-05	9.72752e-05	-149.496
1168.751	10.34	6.8981242e-11	-0.000102044	-6.67577e-05	0.000121117	-147.696
1171.438	10.35	6.9047955e-11	-0.00010109	-8.96459e-05	0.000135423	-139.908
1174.0925	10.36	6.911466799999999e-11	-0.000115395	-6.5804e-05	0.000134469	-149.604
1176.7794	10.37	6.918138099999999e-11	-0.000113488	-8.58312e-05	0.000140191	-143.022
1179.45	10.38	6.9248094e-11	-0.000144959	-6.5804e-05	0.000159265	-154.926
1182.1377	10.39	6.9314807e-11	-0.000168801	-6.10356e-05	0.000176431	-159.522
1184.8245	10.4	6.938152e-11	-0.000188828	-8.29701e-05	0.000203134	-154.602
1187.5112	10.41	6.9448233e-11	-0.000151635	-0.000121117	0.000192643	-140.874
1190.1975	10.42	6.9514946e-11	-0.000159265	-0.000120163	0.000199319	-144.528
1192.8846	10.43	6.958165899999999e-11	-0.000170709	-0.000104905	0.000205041	-149.382
1195.5713	10.44	6.964837199999999e-11	-0.000175477	-0.000118256	0.000209809	-146.814
1198.258	10.45	6.971508499999999e-11	-0.000191689	-0.000106812	0.000215531	-149.73
1200.9595	10.46	6.978179800000001e-11	-0.000210763	-0.000134469	0.000247004	-146.268
1203.6625	10.47	6.9848511e-11	-0.000222207	-0.000164033	0.000279428	-143.976
1206.3495	10.48	6.9915224e-11	-0.000205995	-0.000134469	0.000247004	-146.868
1209.0368	10.49	6.9981937e-11	-0.000227929	-0.000133515	0.000265123	-150.486
1211.7235	10.5	7.004865e-11	-0.000253679	-0.000150681	0.000293734	-149.592
1214.4093	10.51	7.011536299999999e-11	-0.000226022	-0.000158311	0.000269892	-144.66
1217.0805	10.52	7.018207599999999e-11	-0.00027466	-0.000190736	0.000334742	-145.644
1219.7679	10.53	7.0248789e-11	-0.00027466	-0.000208856	0.000345232	-142.842
1222.4546	10.54	7.031550199999998e-11	-0.000308039	-0.000214578	0.000370981	-145.254
1225.1401	10.55	7.0382215e-11	-0.000308039	-0.000226975	0.000380518	-143.388
1227.8281	10.56	7.0448928e-11	-0.000308992	-0.000195504	0.000363352	-147.096
1230.4982	10.57	7.0515641e-11	-0.000352861	-0.000255587	0.000433924	-143.868
1233.1852	10.58	7.058235399999999e-11	-0.000356676	-0.000221253	0.000418665	-148.74
1235.8726	10.59	7.0649067e-11	-0.000356676	-0.000247004	0.000430109	-145.272
1238.5583	10.6	7.071578e-11	-0.000363352	-0.000197412	0.000413897	-151.662
1241.2291	10.61	7.0782493e-11	-0.00040436	-0.000253679	0.000474932	-147.852
1243.901	10.62	7.084920599999999e-11	-0.000416758	-0.000301363	0.000515942	-144.06
1246.5705	10.63	7.0915919e-11	-0.000435831	-0.000301363	0.000528339	-144.924
1249.2568	10.64	7.0982632e-11	-0.000421526	-0.000334742	0.000536922	-141.63
1251.9455	10.65	7.104934499999999e-11	-0.000459673	-0.000350954	0.000576977	-142.716
1254.6158	10.66	7.1116058e-11	-0.000476839	-0.000323297	0.000571255	-145.974
1257.2869	10.67	7.1182771e-11	-0.000490192	-0.00038624	0.000626568	-142.146
1259.9737	10.68	7.1249484e-11	-0.000536922	-0.000424387	0.000685696	-141.546
1262.6595	10.69	7.131619699999999e-11	-0.000518803	-0.000399591	0.000654224	-142.362
1265.347	10.7	7.138290999999999e-11	-0.000558857	-0.000440599	0.000710491	-141.33
1268.0337	10.71	7.1449623e-11	-0.000553135	-0.000434877	0.000702862	-141.954
1270.7044	10.72	7.151633600000001e-11	-0.00059605	-0.000459673	0.000752453	-142.266
1273.3904	10.73	7.1583049e-11	-0.000618938	-0.000514034	0.000805859	-140.466
1276.0618	10.74	7.1649762e-11	-0.000629429	-0.000524525	0.00081921	-140.424
1278.7313	10.75	7.1716475e-11	-0.000664715	-0.000534061	0.00084782	-141.294
1281.4183	10.76	7.178318799999999e-11	-0.000723843	-0.000576023	0.000926021	-141.57
1284.105	10.77	7.184990099999999e-11	-0.000748638	-0.000545505	0.000929836	-144.168
1286.7928	10.78	7.191661399999999e-11	-0.000753406	-0.000629429	0.000978477	-139.932
1289.4956	10.79	7.1983327e-11	-0.000791553	-0.000644688	0.00102044	-141.024
1292.1823	10.8	7.205004e-11	-0.000811581	-0.000711445	0.00107575	-138.798
1294.8683	10.81	7.2116753e-11	-0.000856403	-0.000740055	0.0011282	-138.996
1297.5394	10.82	7.2183466e-11	-0.00085545	-0.000750545	0.00113869	-138.672
1300.2265	10.83	7.2250179e-11	-0.000929836	-0.000809673	0.00123215	-139.014
1302.9282	10.84	7.231689199999999e-11	-0.000925068	-0.000857357	0.0012579	-137.13
1305.5995	10.85	7.238360499999999e-11	-0.000990875	-0.000873569	0.00131989	-138.522
1308.2856	10.86	7.2450318e-11	-0.000970844	-0.000872616	0.00130559	-138.144
1310.9735	10.87	7.2517031e-11	-0.0010233	-0.000905994	0.00136472	-138.264
1313.6441	10.88	7.2583744e-11	-0.00101281	-0.000918392	0.00136567	-137.688
1316.3308	10.89	7.2650457e-11	-0.000984199	-0.000967029	0.00137902	-135.492
1319.0008	10.9	7.271717e-11	-0.000926021	-0.000929836	0.00131036	-134.832
1321.6879	10.91	7.278388299999999e-11	-0.000820164	-0.00094128	0.00124551	-130.92
1324.3582	10.92	7.2850596e-11	-0.000616077	-0.000882152	0.00107575	-124.998
1327.0459	10.93	7.2917309e-11	-0.000277521	-0.000664715	0.000719074	-112.608
1329.7317	10.94	7.2984022e-11	0.000176431	-0.000367166	0.000406267	-64.11
1332.4183	10.95	7.305073499999999e-11	0.000881199	0.000142098	0.000896458	9.072
1335.1061	10.96	7.3117448e-11	0.00178433	0.000839237	0.00197126	25.23
1337.776	10.97	7.3184161e-11	0.00294782	0.00175381	0.00343229	30.774
1340.4474	10.98	7.325087399999999e-11	0.00417998	0.00288107	0.00507835	34.59
1343.1343	10.99	7.3317587e-11	0.00553611	0.00409701	0.00688747	36.468
1345.8203	11.0	7.33843e-11	0.0066891	0.00519088	0.00847059	37.824
1348.5229	11.01	7.3451013e-11	0.00767806	0.00610068	0.0098086	38.502
1351.2096	11.02	7.351772599999999e-11	0.00790793	0.00652412	0.0102549	39.51
1353.897	11.0305	7.358777465e-11	0.0075455	0.00628951	0.00982195	39.804
1356.5677	11.04	7.365115199999999e-11	0.00596431	0.00494865	0.00774768	39.69
1359.2383	11.05	7.371786500000001e-11	0.00373842	0.00308897	0.00485137	39.576
1361.9251	11.06	7.3784578e-11	0.00117875	0.00102235	0.00156117	40.884
1364.5955	11.07	7.3851291e-11	-0.0011263	-0.000846867	0.00141145	-143.256
1367.2982	11.08	7.3918004e-11	-0.00241949	-0.00187398	0.00306226	-142.446
1369.9682	11.09	7.398471699999999e-11	-0.0026312	-0.00195886	0.0032797	-143.334
1372.6395	11.1	7.405142999999999e-11	-0.00193692	-0.00138474	0.00238229	-144.474
1375.3259	11.11	7.411814299999999e-11	-0.000815395	-0.00063229	0.00102998	-142.08
1378.0134	11.12	7.4184856e-11	-5.14986e-05	-0.000132562	0.000141145	-111.096
1380.6842	11.13	7.4251569e-11	0.000110627	-7.34334e-05	0.000130654	-33.282
1383.3869	11.14	7.4318282e-11	-0.000139237	-0.000290873	0.000322344	-116.298
1386.0728	11.15	7.4384995e-11	-0.000425341	-0.000417711	0.000597958	-135.228
1388.7595	11.16	7.4451708e-11	-0.000458719	-0.000287058	0.000542644	-147.81
1391.4632	11.17	7.451842099999999e-11	-0.000154496	1.23978e-05	0.000153542	175.788
1394.166	11.18	7.458513399999999e-11	0.000195504	0.000252726	0.000318529	52.986
1396.8669	11.19	7.4651847e-11	0.000267984	0.000226975	0.000349047	40.056
1399.5555	11.2	7.471856e-11	-4.00546e-05	-2.28883e-05	4.48229e-05	-153.048
1402.2412	11.21	7.4785273e-11	-0.000371935	-0.000268938	0.000454905	-143.808
1404.9277	11.22	7.4851986e-11	-0.000536922	-0.000381472	0.000658993	-144.768
1407.6155	11.23	7.4918699e-11	-0.000411989	-0.000197412	0.000453951	-154.038
1410.3343	11.24	7.498541199999999e-11	-0.000117302	6.77113e-05	0.000130654	149.292
1413.0195	11.25	7.5052125e-11	1.33515e-05	9.25069e-05	9.44142e-05	86.028
1415.7069	11.26	7.5118838e-11	-0.000117302	-8.77385e-05	0.000146867	-144.732
1418.3778	11.27	7.5185551e-11	-0.000494007	-0.000407221	0.000638966	-140.334
1421.0653	11.28	7.525226399999999e-11	-0.00080872	-0.000731472	0.00109101	-137.898
1423.7521	11.29	7.531897699999999e-11	-0.000905041	-0.000788692	0.00119973	-139.05
1426.422	11.3	7.538569e-11	-0.000741962	-0.000590328	0.000947002	-141.528
1429.0937	11.31	7.545240299999999e-11	-0.000394823	-0.000250818	0.000471117	-147.654
1431.7795	11.32	7.5519116e-11	-0.000121117	-2.86104e-06	0.00011921	-179.052
1434.4512	11.33	7.5585829e-11	6.19893e-05	8.77385e-05	0.000104905	55.302
1437.1365	11.34	7.5652542e-11	8.67848e-05	0.000108719	0.000140191	51.426
1439.8395	11.35	7.571925499999999e-11	1.52589e-05	2.57493e-05	2.86103e-05	70.254
1442.5264	11.36	7.578596799999999e-11	-0.000170709	-0.000115395	0.000203134	-145.944
1445.2141	11.37	7.585268099999999e-11	-0.000381472	-0.000284197	0.000473024	-143.274
1447.8996	11.38	7.591939400000001e-11	-0.000617985	-0.000447275	0.000763897	-144.132
1450.5874	11.39	7.5986107e-11	-0.00067139	-0.00046158	0.00081921	-145.74
1453.2742	11.4	7.605282e-11	-0.00059605	-0.000439646	0.000738148	-143.766
1455.9278	11.41	7.6119533e-11	-0.000445368	-0.00028515	0.000526432	-147.576
1458.6156	11.42	7.6186246e-11	-0.000224114	-0.000193597	0.000293734	-139.116
1461.2858	11.43	7.625295899999999e-11	-0.000182153	-0.00012684	0.000218392	-144.708
1463.9716	11.44	7.631967199999999e-11	-0.000239373	-0.000201226	0.000313761	-140.178
1466.6588	11.45	7.6386385e-11	-0.000276567	-0.000279428	0.000395777	-134.25
1469.3468	11.46	7.6453098e-11	-0.000346186	-0.000258448	0.000429155	-143.4
1472.0335	11.47	7.6519811e-11	-0.000259401	-0.0002203	0.000341417	-139.734
1474.7362	11.48	7.6586524e-11	-0.000156404	-4.95913e-05	0.000164987	-163.932
1477.423	11.49	7.6653237e-11	-4.19619e-05	3.52862e-05	5.53133e-05	137.862
1480.1087	11.5	7.671994999999999e-11	-5.53133e-05	2.6703e-05	6.19893e-05	153.168
1482.7954	11.51	7.6786663e-11	-0.000142098	-0.000124932	0.000186921	-138.45
1485.4672	11.52	7.6853376e-11	-0.000288012	-0.000253679	0.000382425	-138.876
1488.1375	11.53	7.6920089e-11	-0.000398638	-0.000346186	0.000526432	-139.206
1490.8082	11.54	7.698680199999999e-11	-0.000439646	-0.000366213	0.000571255	-140.016
1493.4782	11.55	7.7053515e-11	-0.000495914	-0.000387194	0.000628475	-141.93
1496.1494	11.56	7.7120228e-11	-0.000495914	-0.000452043	0.000669483	-137.868
1498.8369	11.57	7.718694099999999e-11	-0.000485422	-0.000390055	0.000618938	-140.904
1501.5076	11.58	7.7253654e-11	-0.000344278	-0.000281336	0.000444414	-140.712
1504.1932	11.59	7.7320367e-11	-0.000172616	-8.96459e-05	0.000195504	-152.826
1506.865	11.6	7.738708e-11	6.8665e-05	7.53407e-05	0.000102997	50.196
1509.5519	11.61	7.745379299999999e-11	0.000164033	0.00014782	0.000223161	41.28
1512.2225	11.62	7.752050599999999e-11	0.000192643	0.000136376	0.00023842	34.878
1514.8931	11.63	7.7587219e-11	-2.19346e-05	-5.24523e-05	5.53133e-05	-110.472
1517.5791	11.64	7.7653932e-11	-0.000215531	-0.00023079	0.000311853	-132.66
1520.2666	11.65	7.7720645e-11	-0.000399591	-0.000352861	0.000535969	-138.972
1522.9533	11.66	7.7787358e-11	-0.000436785	-0.000323297	0.000545505	-143.592
1525.6391	11.67	7.7854071e-11	-0.000280382	-0.00023842	0.000367166	-139.914
1528.3429	11.68	7.792078399999999e-11	-9.82289e-05	-6.00817e-05	0.000112534	-148.212
1531.0456	11.69	7.798749699999999e-11	8.39238e-05	5.81744e-05	0.000102997	33.072
1533.7322	11.7	7.805420999999999e-11	0.000176431	0.000144006	0.000226975	38.79
1536.4184	11.71	7.812092300000001e-11	0.000204087	0.000123025	0.00023842	30.744
1539.0894	11.72	7.8187636e-11	8.10628e-05	3.24252e-05	9.15532e-05	22.56
1541.7761	11.73	7.8254349e-11	-5.81744e-05	-9.15532e-05	0.000104905	-122.868
1544.4621	11.74	7.8321062e-11	-0.000166894	-0.000100136	0.000192643	-149.244
1547.1495	11.75	7.8387775e-11	-0.000160218	-0.000124932	0.000199319	-143.244
1549.8525	11.76	7.845448799999999e-11	-9.15532e-05	-0.000118256	0.000148774	-126.72
1552.5227	11.77	7.852120099999999e-11	-7.53407e-05	-7.24797e-05	0.000103951	-135.528
1555.2095	11.78	7.8587914e-11	-7.91554e-05	-6.00817e-05	9.91826e-05	-143.748
1557.8959	11.79	7.865462699999998e-11	-0.000122071	-0.000135423	0.000182153	-132.036
1560.5675	11.8	7.872134e-11	-0.000215531	-0.000180245	0.000280382	-139.638
1563.2543	11.81	7.8788053e-11	-0.00021267	-0.000206948	0.000296595	-135.72
1565.9407	11.82	7.8854766e-11	-0.00019455	-0.000182153	0.000265123	-136.728
1568.6425	11.83	7.892147899999999e-11	-0.000141145	-0.000159265	0.000210763	-131.274
1571.3294	11.84	7.8988192e-11	-0.000102044	-9.82289e-05	0.000141145	-136.14
1574.0159	11.85	7.9054905e-11	-9.44142e-05	-9.15532e-05	0.000130654	-133.956
1576.6879	11.86	7.9121618e-11	-7.34334e-05	-8.96459e-05	0.000114441	-129.636
1579.3901	11.87	7.918833099999999e-11	2.28883e-05	-3.43325e-05	3.91009e-05	-55.242
1582.0772	11.88	7.9255044e-11	0.000100136	5.14986e-05	0.00011158	29.322
1584.7623	11.89	7.9321757e-11	0.000132562	7.91554e-05	0.00015545	30.258
1587.4495	11.9	7.938846999999999e-11	9.82289e-05	5.72207e-05	0.000112534	30.21
1590.1534	11.91	7.9455183e-11	-1.04905e-05	-3.33788e-05	3.14715e-05	-114.678
1592.8395	11.92	7.9521896e-11	-0.000115395	-8.67848e-05	0.000143052	-144.462
1595.527	11.93	7.9588609e-11	-0.000104905	-7.1526e-05	0.000122071	-144.57
1598.2136	11.94	7.965532199999999e-11	-4.7684e-06	0.0	4.7684e-06	163.302
1600.9159	11.95	7.972203499999999e-11	0.000113488	9.25069e-05	0.000144959	39.072
1603.6032	11.96	7.9788748e-11	9.53679e-05	6.38966e-05	0.000112534	35.184
1606.2732	11.97	7.9855461e-11	-2.76567e-05	-3.81472e-05	4.57766e-05	-131.988
1608.9596	11.98	7.9922174e-11	-0.000102044	-0.000102044	0.000140191	-134.808
1611.6314	11.99	7.9988887e-11	-0.000164033	-0.000136376	0.000209809	-139.356
1614.3181	12.0	8.00556e-11	-0.000139237	-0.000100136	0.000170709	-144.336
1616.9886	12.01	8.012231299999999e-11	-7.1526e-05	-2.9564e-05	7.62944e-05	-156.54
1619.6756	12.02	8.018902599999999e-11	2.57493e-05	3.33788e-05	3.91009e-05	58.86
1622.3456	12.03	8.025573899999999e-11	6.48503e-05	5.0545e-05	8.48775e-05	37.758
1625.0331	12.04	8.0322452e-11	2.57493e-05	2.19346e-05	3.14715e-05	40.734
1627.7038	12.05	8.0389165e-11	-3.81472e-05	-5.9128e-05	7.05724e-05	-121.716
1630.3894	12.06	8.0455878e-11	-0.00011158	-0.000140191	0.000176431	-128.832
1633.0604	12.07	8.0522591e-11	-0.000193597	-0.000162126	0.000249865	-139.842
1635.748	12.08	8.0589304e-11	-0.000164033	-0.000136376	0.000211717	-140.562
1638.4339	12.09	8.065601699999999e-11	-0.000164033	-0.000152589	0.0002203	-136.104
1641.1216	12.1	8.072272999999999e-11	-0.000122071	-0.000128747	0.000176431	-133.932
1643.8229	12.11	8.0789443e-11	-0.000113488	-5.24523e-05	0.000124932	-155.73
1646.5102	12.12	8.0856156e-11	-5.3406e-05	-4.29156e-05	6.67577e-05	-143.592
1649.1981	12.13	8.0922869e-11	-4.57766e-05	-4.95913e-05	6.5804e-05	-132.474
1651.868	12.14	8.0989582e-11	1.23978e-05	3.05178e-05	3.24252e-05	54.726
1654.5382	12.15	8.1056295e-11	5.53133e-05	4.95913e-05	7.62944e-05	37.074
1657.2095	12.16	8.112300799999999e-11	3.71935e-05	5.72207e-05	7.24797e-05	58.326
1659.896	12.17	8.1189721e-11	3.33788e-05	3.14715e-05	5.0545e-05	41.124
1662.5838	12.18	8.1256434e-11	-1.62126e-05	-2.28883e-05	2.47956e-05	-125.364
1665.2846	12.19	8.1323147e-11	-9.91826e-05	-9.34605e-05	0.000133515	-134.388
1667.9733	12.2	8.138985999999999e-11	-0.000138284	-0.000120163	0.000180245	-138.756
1670.6595	12.21	8.1456573e-11	-0.000124932	-7.62944e-05	0.000145913	-150.192
1673.3468	12.22	8.1523286e-11	-7.34334e-05	-6.48503e-05	9.44142e-05	-139.356
1676.0482	12.23	8.158999899999999e-11	1.23978e-05	1.90736e-06	1.23978e-05	8.532
1678.7194	12.24	8.1656712e-11	-4.7684e-06	-1.33515e-05	1.23978e-05	-104.742
1681.391	12.25	8.1723425e-11	-2.76567e-05	-2.28883e-05	3.52862e-05	-133.41
1684.0618	12.26	8.1790138e-11	-3.33788e-05	-7.82018e-05	8.67848e-05	-116.754
1686.7318	12.27	8.185685099999999e-11	-7.91554e-05	-4.95913e-05	8.96459e-05	-145.584
1689.4026	12.28	8.192356399999999e-11	-0.000102044	-8.48775e-05	0.000134469	-141.03
1692.0895	12.29	8.199027699999999e-11	-0.000113488	-8.96459e-05	0.000144006	-140.13
1694.7769	12.3	8.205699e-11	-7.34334e-05	-8.48775e-05	0.000113488	-131.496
1697.4458	12.31	8.2123703e-11	-1.33515e-05	5.72208e-06	1.62126e-05	153.438
1700.1345	12.32	8.2190416e-11	2.57493e-05	7.1526e-05	7.53407e-05	71.088
1702.8205	12.33	8.2257129e-11	6.00817e-05	6.38966e-05	8.39238e-05	52.866
1705.4903	12.34	8.2323842e-11	2.3842e-05	2.86103e-05	3.52862e-05	53.568
1708.1782	12.35	8.239055499999999e-11	-9.05995e-05	-4.29156e-05	9.91826e-05	-156.0
1710.8653	12.36	8.245726799999999e-11	-0.000180245	-0.000151635	0.00023079	-138.984
1713.5359	12.37	8.2523981e-11	-0.00019455	-0.000206948	0.000279428	-133.164
1716.2226	12.38	8.2590694e-11	-0.000260355	-0.000217439	0.000335695	-140.178
1718.9082	12.39	8.2657407e-11	-0.00021267	-0.000151635	0.00025654	-144.36
1721.5958	12.4	8.272412e-11	-0.00012684	-6.48503e-05	0.000143052	-153.912
1724.2669	12.41	8.2790833e-11	-3.14715e-05	-5.6267e-05	6.19893e-05	-118.26
1726.9688	12.42	8.285754599999999e-11	1.04905e-05	-2.47956e-05	2.57493e-05	-64.884
1729.6562	12.43	8.292425899999999e-11	5.81744e-05	3.81473e-06	5.9128e-05	3.216
1732.327	12.44	8.2990972e-11	8.10628e-05	4.29156e-05	9.05995e-05	28.68
1734.998	12.45	8.3057685e-11	0.000141145	0.000130654	0.000193597	42.354
1737.6683	12.46	8.3124398e-11	0.000205041	0.000214578	0.000296595	46.374
1740.3555	12.47	8.3191111e-11	0.000267984	0.000221253	0.000347139	39.276
1743.0262	12.48	8.3257824e-11	0.000207902	0.000182153	0.000272753	41.346
1745.728	12.49	8.332453699999999e-11	0.000139237	4.86376e-05	0.000144959	20.964
1748.4159	12.5	8.339125e-11	5.9128e-05	4.19619e-05	6.77113e-05	34.902
1751.0852	12.51	8.3457963e-11	6.10356e-05	2.0981e-05	5.9128e-05	19.05
1753.7558	12.52	8.3524676e-11	0.000103951	8.01091e-05	0.000127793	37.878
1756.4439	12.53	8.359138899999999e-11	0.000228883	0.000159265	0.000279428	33.804
1759.1146	12.54	8.365810199999999e-11	0.000261309	0.000171662	0.000312807	33.456
1761.8013	12.55	8.3724815e-11	0.000247957	0.000176431	0.000306131	35.106
1764.5024	12.56	8.3791528e-11	0.00020218	0.00015545	0.000257494	36.036
1767.1901	12.57	8.3858241e-11	0.000183106	0.000114441	0.000215531	32.118
1769.8764	12.58	8.3924954e-11	0.000216485	0.000154496	0.000271799	35.016
1772.5642	12.59	8.3991667e-11	0.000273706	0.000234605	0.000360491	39.846
1775.2502	12.6	8.405837999999999e-11	0.000259401	0.000235558	0.000350954	42.312
1777.9218	12.61	8.412509299999999e-11	0.000205995	0.000127793	0.000241281	32.376
1780.5923	12.62	8.419180599999999e-11	6.77113e-05	5.0545e-05	8.39238e-05	39.576
1783.2619	12.63	8.4258519e-11	-6.77113e-05	-0.000100136	0.00011921	-122.982
1785.9326	12.64	8.4325232e-11	-0.00021267	-0.000131608	0.000245096	-148.476
1788.6195	12.65	8.4391945e-11	-0.000239373	-0.000174523	0.000299456	-145.608
1791.3072	12.66	8.4458658e-11	-0.000239373	-0.000187875	0.000306131	-142.29
1793.9767	12.67	8.4525371e-11	-0.000324251	-0.000244142	0.000407221	-142.698
1796.6481	12.68	8.459208399999999e-11	-0.000387194	-0.000338556	0.000511173	-138.858
1799.3196	12.69	8.465879699999999e-11	-0.000468256	-0.000399591	0.000617031	-139.602
1802.0225	12.7	8.472551e-11	-0.00053883	-0.00041485	0.000678066	-142.476
1804.6932	12.71	8.4792223e-11	-0.000490192	-0.000349047	0.000597958	-144.786
1807.3795	12.72	8.4858936e-11	-0.000367166	-0.000277521	0.00046158	-142.572
1810.0666	12.73	8.4925649e-11	-0.000244142	-0.000166894	0.000295641	-145.842
1812.7521	12.74	8.4992362e-11	-0.000140191	1.62126e-05	0.000141145	173.868
1815.423	12.75	8.505907499999999e-11	-4.7684e-06	4.19619e-05	4.29156e-05	100.062
1818.11	12.76	8.512578799999999e-11	9.44142e-05	0.000145913	0.000172616	56.19
1820.7974	12.77	8.5192501e-11	0.000240327	0.000236512	0.000338556	44.286
1823.468	12.78	8.5259214e-11	0.000318529	0.000258448	0.000410082	39.27
1826.1369	12.79	8.532592699999999e-11	0.000378611	0.000234605	0.000440599	31.884
1828.8257	12.8	8.539264e-11	0.000231744	9.25069e-05	0.000249865	21.006
1831.5117	12.81	8.5459353e-11	7.1526e-05	-4.00546e-05	8.10628e-05	-31.704
1834.1833	12.82	8.552606599999999e-11	-5.6267e-05	-0.000135423	0.000144959	-113.856
1836.8695	12.83	8.5592779e-11	-0.00013733	-0.000180245	0.000225068	-127.518
1839.5395	12.84	8.5659492e-11	-7.53407e-05	-8.20165e-05	0.000112534	-133.32
1842.227	12.85	8.5726205e-11	9.15532e-05	6.8665e-05	0.000116349	36.936
1844.8967	12.86	8.579291799999999e-11	0.000192643	0.000177384	0.000261309	43.77
1847.5839	12.87	8.585963099999999e-11	0.000211717	0.000199319	0.000290873	42.864
1850.2717	12.88	8.5926344e-11	0.00021267	0.000192643	0.000288012	41.724
1852.9418	12.89	8.5993057e-11	0.000125886	0.000136376	0.000185967	47.316
1855.6282	12.9	8.605977e-11	5.72207e-05	3.24252e-05	6.5804e-05	32.25
1858.299	12.91	8.6126483e-11	3.52862e-05	0.0	3.62399e-05	6.012
1860.9869	12.92	8.6193196e-11	-6.67577e-05	-7.82018e-05	9.82289e-05	-130.26
1863.6726	12.93	8.625990899999999e-11	-0.000138284	-0.000120163	0.000178338	-138.348
1866.3759	12.94	8.632662199999999e-11	-0.000150681	-0.000146867	0.000208856	-136.026
1869.0469	12.95	8.639333499999999e-11	-0.000148774	-0.000100136	0.000179292	-146.37
1871.7337	12.96	8.6460048e-11	1.52589e-05	-2.3842e-05	2.76567e-05	-57.846
1874.4037	12.97	8.6526761e-11	9.05995e-05	6.10356e-05	0.000106812	33.99
1877.0752	12.98	8.6593474e-11	0.000195504	0.000149728	0.000244142	38.538
1879.746	12.99	8.6660187e-11	0.000245096	0.000183106	0.000301363	37.074
1882.4318	13.0	8.67269e-11	0.000186921	0.00011158	0.000221253	29.874
1885.1019	13.01	8.679361299999999e-11	0.000102997	6.48503e-05	0.000123025	31.122
1887.7895	13.02	8.686032599999999e-11	1.62126e-05	-3.91009e-05	4.19619e-05	-62.202
1890.4912	13.03	8.6927039e-11	-3.81472e-05	-2.47956e-05	4.57766e-05	-144.552
1893.1779	13.04	8.6993752e-11	-3.81472e-05	-3.43325e-05	5.0545e-05	-133.98
1895.8495	13.05	8.7060465e-11	-0.00010109	-3.14715e-05	0.000102997	-161.448
1898.5532	13.06	8.7127178e-11	-3.33788e-05	-6.19893e-05	7.1526e-05	-120.33
1901.2395	13.07	8.7193891e-11	-4.95913e-05	-1.33515e-05	4.86376e-05	-169.764
1903.9268	13.08	8.726060399999999e-11	-5.6267e-05	-2.6703e-05	5.53133e-05	-154.056
1906.6283	13.09	8.732731699999999e-11	-2.76567e-05	-3.43325e-05	4.48229e-05	-132.048
1909.3162	13.1	8.739403e-11	-8.86922e-05	-6.8665e-05	0.000112534	-142.998
1912.0028	13.11	8.7460743e-11	-7.34334e-05	-6.5804e-05	9.72752e-05	-138.042
1914.6734	13.12	8.752745599999999e-11	-7.82018e-05	-0.000104905	0.000125886	-126.75
1917.3594	13.13	8.7594169e-11	-6.19893e-05	-2.76567e-05	6.48503e-05	-159.174
1920.0471	13.14	8.7660882e-11	4.57766e-05	8.10628e-05	9.44142e-05	62.904
1922.7179	13.15	8.772759499999999e-11	7.34334e-05	9.82289e-05	0.000122071	53.382
1925.3882	13.16	8.7794308e-11	2.19346e-05	3.71935e-05	4.19619e-05	64.656
1928.0744	13.17	8.7861021e-11	-9.15532e-05	-5.53133e-05	0.000105858	-146.604
1930.7455	13.18	8.7927734e-11	-0.000231744	-0.000191689	0.000299456	-139.968
1933.4159	13.19	8.799444699999999e-11	-0.000308039	-0.00029278	0.000423433	-136.656
1936.1037	13.2	8.806115999999999e-11	-0.000342371	-0.00029278	0.000453951	-140.046
1938.8209	13.21	8.8127873e-11	-0.000240327	-0.000198365	0.000309946	-141.012
1941.4932	13.22	8.8194586e-11	-9.82289e-05	-9.82289e-05	0.000139237	-134.232
1944.1628	13.23	8.8261299e-11	9.5368e-06	3.81473e-06	9.5368e-06	14.034
1946.8495	13.24	8.8328012e-11	9.91826e-05	8.58312e-05	0.000136376	38.574
1949.5203	13.25	8.8394725e-11	0.000162126	9.15532e-05	0.000183106	30.57
1952.2081	13.26	8.8461438e-11	0.000143052	9.72752e-05	0.00017357	32.1
1954.8779	13.27	8.852815099999999e-11	7.62944e-05	4.10082e-05	8.58312e-05	28.788
1957.5974	13.28	8.859486399999999e-11	-6.67575e-06	-3.81473e-06	8.58313e-06	-147.528
1960.2843	13.29	8.866157699999999e-11	-4.38693e-05	-4.00546e-05	5.9128e-05	-135.468
1962.9711	13.3	8.872829e-11	-4.29156e-05	-7.62945e-06	4.38693e-05	-174.126
1965.6419	13.31	8.8795003e-11	-3.05178e-05	1.90736e-06	3.24252e-05	177.756
1968.3268	13.32	8.8861716e-11	-2.9564e-05	2.47956e-05	3.71935e-05	139.188
1971.0148	13.33	8.8928429e-11	-6.00817e-05	-2.28883e-05	5.9128e-05	-160.524
1973.702	13.34	8.899514199999999e-11	-0.000112534	-7.05724e-05	0.000132562	-149.034
1976.3882	13.35	8.906185499999999e-11	-0.000195504	-0.00021267	0.000287058	-132.468
1979.0755	13.36	8.9128568e-11	-0.000325205	-0.000240327	0.00040436	-143.226
1981.7621	13.37	8.9195281e-11	-0.000271799	-0.00023079	0.000355722	-139.782
1984.4479	13.38	8.9261994e-11	-0.000124932	-0.000106812	0.000164987	-138.558
1987.119	13.39	8.9328707e-11	3.05178e-05	7.05724e-05	7.82018e-05	69.276
1989.8064	13.4	8.939542e-11	0.000185967	0.000123025	0.000223161	33.408
1992.5083	13.41	8.946213299999999e-11	0.000178338	0.000160218	0.000236512	42.48
1995.1795	13.42	8.952884599999999e-11	0.000132562	9.72752e-05	0.00016594	36.132
1997.8817	13.43	8.9595559e-11	-6.00817e-05	-3.33788e-05	7.05724e-05	-152.508
2000.5682	13.44	8.9662272e-11	-0.000210763	-0.000171662	0.000273706	-140.562
2003.2395	13.45	8.972898499999999e-11	-0.000309946	-0.000277521	0.000418665	-138.402
2005.9096	13.46	8.9795698e-11	-0.00035	-0.000266077	0.000441553	-142.818
2008.5976	13.47	8.9862411e-11	-0.000306131	-0.000267031	0.000403406	-138.288
2011.2843	13.48	8.992912399999999e-11	-0.000190736	-0.000224114	0.000293734	-130.506
2013.971	13.49	8.9995837e-11	-5.6267e-05	-7.1526e-05	9.15532e-05	-126.054
2016.6579	13.5	9.006255e-11	7.91554e-05	0.000124932	0.000150681	57.282
2019.3594	13.51	9.0129263e-11	0.000227929	0.000176431	0.000288012	37.932
2022.0305	13.52	9.019597599999999e-11	0.000287058	0.000205041	0.000350954	35.586
2024.7174	13.53	9.026268899999999e-11	0.000185967	0.000176431	0.000260355	43.14
2027.3883	13.54	9.032940199999999e-11	7.91554e-05	2.86103e-05	8.67848e-05	18.84
2030.0594	13.55	9.0396115e-11	-0.000103951	-4.38693e-05	0.000107766	-157.734
2032.7293	13.56	9.0462828e-11	-0.000144006	-0.00011158	0.000179292	-143.13
2035.417	13.57	9.0529541e-11	-0.000142098	-0.000102044	0.000171662	-143.976
2038.118	13.58	9.0596254e-11	-0.000122071	-7.43871e-05	0.000142098	-150.792
2040.8064	13.59	9.0662967e-11	-0.000116349	-0.000118256	0.000162126	-133.002
2043.4772	13.6	9.072967999999999e-11	-0.000186921	-0.00020218	0.000276567	-131.826
2046.1639	13.61	9.079639299999999e-11	-0.000222207	-0.000214578	0.000308039	-135.702
2048.834	13.62	9.086310599999999e-11	-0.000250818	-0.00021267	0.000325205	-139.422
2051.5213	13.63	9.0929819e-11	-0.000157357	-0.000138284	0.000209809	-138.294
2054.2073	13.64	9.0996532e-11	-4.7684e-06	-4.57766e-05	4.57766e-05	-96.81
2056.8949	13.65	9.1063245e-11	4.38693e-05	5.43597e-05	6.96187e-05	51.168
2059.5816	13.66	9.1129958e-11	6.10356e-05	5.43597e-05	8.39238e-05	39.228
2062.2518	13.67	9.119667099999999e-11	2.76567e-05	5.72208e-06	2.47956e-05	17.448
2064.9376	13.68	9.126338399999999e-11	-8.10628e-05	-8.20165e-05	0.000118256	-135.0
2067.6259	13.69	9.1330097e-11	-0.000123025	-8.86922e-05	0.00014782	-143.286
2070.2967	13.7	9.139681e-11	-0.000142098	-6.48503e-05	0.000154496	-155.784
2072.9832	13.71	9.1463523e-11	-0.000138284	-0.000118256	0.000181199	-139.152
2075.6694	13.72	9.1530236e-11	-0.000215531	-0.000175477	0.000276567	-140.514
2078.3562	13.73	9.1596949e-11	-0.000231744	-0.00025654	0.000346186	-132.6
2081.0277	13.74	9.166366199999999e-11	-0.000319483	-0.000299456	0.000438692	-137.652
2083.6978	13.75	9.173037499999999e-11	-0.000302317	-0.000260355	0.000401499	-139.164
2086.3853	13.76	9.1797088e-11	-0.000269892	-0.00017357	0.000318529	-147.576
2089.072	13.77	9.1863801e-11	-8.29701e-05	-4.00546e-05	8.58312e-05	-153.03
2091.7428	13.78	9.193051399999999e-11	7.24797e-05	8.58312e-05	0.000117302	47.034
2094.4281	13.79	9.199722699999999e-11	8.10628e-05	4.29156e-05	9.44142e-05	29.646
2097.0994	13.8	9.206394e-11	2.57493e-05	1.71663e-05	3.52862e-05	28.008
2099.771	13.81	9.2130653e-11	-9.72752e-05	-0.000108719	0.000143052	-131.658
2102.4576	13.82	9.2197366e-11	-0.000188828	-0.000164033	0.000250818	-138.756
2105.1444	13.83	9.2264079e-11	-0.000237466	-0.00015545	0.000287058	-146.97
2107.8143	13.84	9.2330792e-11	-0.000243188	-0.000168801	0.00029278	-145.404
2110.502	13.85	9.239750499999999e-11	-0.000177384	-0.000131608	0.000218392	-142.536
2113.1883	13.86	9.246421799999999e-11	-0.000164987	-9.63216e-05	0.000189782	-150.252
2115.8912	13.87	9.253093099999999e-11	-0.000215531	-0.000167848	0.000272753	-141.684
2118.5781	13.88	9.2597644e-11	-0.000242234	-0.000187875	0.000305178	-141.594
2121.2648	13.89	9.2664357e-11	-0.000263216	-0.000205995	0.000332834	-141.552
2123.9505	13.9	9.273107e-11	-0.0003109	-0.000195504	0.000365259	-147.474
2126.6222	13.91	9.2797783e-11	-0.000250818	-0.00012684	0.000282289	-153.192
2129.3086	13.92	9.2864496e-11	-0.000170709	-9.53679e-05	0.000199319	-151.332
2131.9957	13.93	9.293120899999999e-11	-0.000135423	-5.9128e-05	0.000141145	-156.204
2134.6973	13.94	9.299792199999999e-11	-0.000102044	-2.28883e-05	9.72752e-05	-165.396
2137.3849	13.95	9.306463499999999e-11	-1.43052e-05	3.05178e-05	3.71935e-05	119.874
2140.0868	13.96	9.3131348e-11	1.90736e-05	3.71935e-05	4.38693e-05	51.072
2142.7582	13.97	9.3198061e-11	-2.9564e-05	-4.29156e-05	5.24523e-05	-127.008
2145.4277	13.98	9.3264774e-11	1.90736e-05	-1.14442e-05	1.90736e-05	-37.692
2148.1162	13.99	9.3331487e-11	0.000112534	-2.00273e-05	0.000118256	-9.462
2150.7863	14.0	9.339819999999999e-11	0.000188828	8.96459e-05	0.000207902	25.83
2153.4737	14.01	9.346491299999999e-11	0.0004797	0.000313761	0.000572208	32.97
2156.1763	14.02	9.3531626e-11	0.000752453	0.000561718	0.000936512	37.068
2158.8632	14.03	9.3598339e-11	0.00109196	0.000792507	0.0013485	35.946
2161.5495	14.04	9.366505199999999e-11	0.00133897	0.000999458	0.00166894	36.744
2164.2366	14.05	9.3731765e-11	0.00153352	0.00109769	0.00188638	35.628
2166.9233	14.06	9.3798478e-11	0.00154019	0.00110913	0.00189973	35.778
2169.6095	14.07	9.386519099999999e-11	0.0014248	0.00106717	0.00178052	36.924
2172.2969	14.08	9.393190399999999e-11	0.0011406	0.000836376	0.00141621	36.264
2174.9837	14.09	9.3998617e-11	0.00085545	0.000557903	0.00101758	33.126
2177.7023	14.1	9.406533e-11	0.000509266	0.000348093	0.000618938	34.53
2180.3882	14.11	9.413204299999999e-11	0.000177384	7.24797e-05	0.000189782	23.598
2183.0595	14.12	9.419875599999999e-11	-0.000131608	-0.000156404	0.00020218	-130.17
2185.7466	14.13	9.4265469e-11	-0.000470163	-0.000366213	0.000593189	-142.002
2188.4333	14.14	9.4332182e-11	-0.000709537	-0.00055695	0.00090218	-141.708
2191.1195	14.15	9.4398895e-11	-0.000831608	-0.00064278	0.00105	-142.392
2193.8069	14.16	9.4465608e-11	-0.000778202	-0.000602726	0.000989921	-142.368
2196.5083	14.17	9.4532321e-11	-0.000592235	-0.000475885	0.000757221	-141.066
2199.1794	14.18	9.459903399999999e-11	-0.000253679	-0.000222207	0.000335695	-139.572
2201.85	14.19	9.466574699999999e-11	7.82018e-05	2.0981e-05	7.91554e-05	13.326
2204.5374	14.2	9.473245999999999e-11	0.000278475	0.00011921	0.000301363	23.28
2207.2242	14.21	9.4799173e-11	0.000360491	0.000214578	0.000420572	30.624
2209.9099	14.22	9.4865886e-11	0.000229836	6.96187e-05	0.00023842	16.758
2212.5814	14.23	9.4932599e-11	1.23978e-05	-8.58313e-06	1.43052e-05	-37.404
2215.2525	14.24	9.4999312e-11	-0.000124932	-4.95913e-05	0.000139237	-159.72
2217.9383	14.25	9.5066025e-11	-0.000213624	-0.000152589	0.000261309	-144.414
2220.6095	14.26	9.513273799999999e-11	-0.000244142	-0.000179292	0.000298502	-142.77
2223.2795	14.27	9.519945099999999e-11	-0.000226975	-9.53679e-05	0.000247957	-157.146
2225.9506	14.28	9.526616399999999e-11	-0.000124932	-0.000113488	0.000172616	-139.164
2228.622	14.29	9.5332877e-11	-5.14986e-05	-9.15532e-05	0.000102044	-119.088
2231.3083	14.3	9.539959e-11	-6.19893e-05	-0.000109673	0.000125886	-121.326
2234.0115	14.31	9.5466303e-11	-5.14986e-05	-8.96459e-05	0.000102044	-119.562
2236.6983	14.32	9.5533016e-11	-1.14442e-05	-7.82018e-05	7.62944e-05	-96.06
2239.3683	14.33	9.559972899999999e-11	-1.81199e-05	-6.00817e-05	6.38966e-05	-108.624
2242.0718	14.34	9.566644199999999e-11	-1.14442e-05	2.00273e-05	1.81199e-05	109.176
2244.7572	14.35	9.5733155e-11	6.10356e-05	3.52862e-05	7.24797e-05	27.492
2247.4282	14.36	9.5799868e-11	7.91554e-05	6.19893e-05	0.00010109	37.248
2250.0994	14.37	9.586658099999999e-11	0.000133515	8.96459e-05	0.000164033	32.004
2252.7869	14.38	9.5933294e-11	0.000127793	9.72752e-05	0.000159265	38.55
2255.4736	14.39	9.6000007e-11	9.15532e-05	8.86922e-05	0.000128747	45.204
2258.1438	14.4	9.606671999999999e-11	6.2943e-05	5.24523e-05	8.67848e-05	37.65
2260.8146	14.41	9.613343299999999e-11	1.90736e-06	4.38693e-05	4.38693e-05	92.682
2263.5017	14.42	9.6200146e-11	4.57766e-05	-6.67575e-06	4.57766e-05	-7.542
2266.1725	14.43	9.6266859e-11	4.95913e-05	5.24523e-05	7.1526e-05	49.398
2268.8583	14.44	9.633357199999999e-11	4.48229e-05	5.24523e-05	6.67577e-05	51.342
2271.5461	14.45	9.640028499999999e-11	2.57493e-05	3.33788e-05	4.10082e-05	52.944
2274.2158	14.46	9.6466998e-11	-6.5804e-05	1.52589e-05	6.77113e-05	166.23
2276.9037	14.47	9.6533711e-11	-0.000124932	-7.53407e-05	0.000144959	-147.828
2279.5739	14.48	9.6600424e-11	-0.000153542	-5.81744e-05	0.000160218	-160.344
2282.2452	14.49	9.6667137e-11	-0.000125886	-4.67303e-05	0.000136376	-158.664
2284.915	14.5	9.673385e-11	-5.9128e-05	2.86104e-06	5.53133e-05	172.536
2287.602	14.51	9.6800563e-11	-4.7684e-06	1.81199e-05	1.90736e-05	114.906
2290.3048	14.52	9.686727599999999e-11	-4.48229e-05	-1.14442e-05	4.38693e-05	-162.12
2292.9762	14.53	9.693398899999999e-11	-7.72481e-05	-6.5804e-05	0.000103951	-139.596
2295.6628	14.54	9.700070199999999e-11	-0.000103951	-0.000108719	0.000149728	-132.828
2298.3655	14.55	9.7067415e-11	-0.000141145	-0.000135423	0.000196458	-137.736
2301.0363	14.56	9.7134128e-11	-4.29156e-05	-7.34334e-05	8.48775e-05	-118.542
2303.7218	14.57	9.7200841e-11	-4.7684e-06	-2.28883e-05	2.19346e-05	-99.462
2306.4082	14.58	9.7267554e-11	1.71663e-05	2.76567e-05	3.24252e-05	54.906
2309.0794	14.59	9.733426699999999e-11	-4.67303e-05	-3.14715e-05	5.43597e-05	-141.006
2311.7833	14.6	9.740097999999999e-11	-0.000110627	-9.91826e-05	0.000145913	-138.516
2314.4695	14.61	9.746769299999999e-11	-0.000179292	-0.00014782	0.000229836	-140.172
2317.1727	14.62	9.7534406e-11	-0.000227929	-0.000128747	0.000261309	-150.816
2319.8582	14.63	9.7601119e-11	-0.000158311	-0.000143052	0.000215531	-138.144
2322.5294	14.64	9.7667832e-11	-8.10628e-05	-9.15532e-05	0.000117302	-132.708
2325.2171	14.65	9.7734545e-11	1.23978e-05	1.71663e-05	2.00273e-05	54.246
2327.9038	14.66	9.780125799999999e-11	7.72481e-05	4.10082e-05	9.05995e-05	28.812
2330.5738	14.67	9.786797099999999e-11	3.05178e-05	3.05178e-05	4.19619e-05	46.362
2333.261	14.68	9.7934684e-11	3.24252e-05	3.24252e-05	4.57766e-05	40.872
2335.9307	14.69	9.8001397e-11	4.19619e-05	-2.76567e-05	5.0545e-05	-32.244
2338.6179	14.7	9.806810999999999e-11	-2.9564e-05	-2.76567e-05	3.91009e-05	-139.086
2341.3037	14.71	9.8134823e-11	-7.53407e-05	-6.8665e-05	0.00010109	-135.528
2344.0081	14.72	9.8201536e-11	-9.34605e-05	-8.96459e-05	0.000130654	-134.382
2346.6946	14.73	9.8268249e-11	-0.000100136	-9.53679e-05	0.000136376	-137.148
2349.3806	14.74	9.833496199999999e-11	-9.25069e-05	-7.53407e-05	0.00011921	-141.342
2352.0832	14.75	9.8401675e-11	-7.34334e-05	-0.00011921	0.000136376	-121.206
2354.771	14.76	9.8468388e-11	-6.67577e-05	-0.000100136	0.000118256	-120.3
2357.4417	14.77	9.853510099999999e-11	-8.86922e-05	-8.20165e-05	0.000121117	-135.894
2360.1271	14.78	9.860181399999999e-11	-9.82289e-05	-0.000108719	0.000142098	-131.946
2362.7982	14.79	9.866852699999999e-11	-7.53407e-05	-7.53407e-05	0.000104905	-133.728
2365.4848	14.8	9.873524e-11	-4.48229e-05	-2.28883e-05	4.86376e-05	-154.158
2368.1727	14.81	9.8801953e-11	1.90736e-06	1.90736e-06	1.90736e-06	135.0
2370.8579	14.82	9.8868666e-11	3.81473e-06	-1.23978e-05	1.04905e-05	-70.344
2373.5294	14.83	9.8935379e-11	-1.33515e-05	-6.67575e-06	1.04905e-05	-161.568
2376.2167	14.84	9.9002092e-11	-8.01091e-05	-4.95913e-05	9.44142e-05	-148.896
2378.9035	14.85	9.906880499999999e-11	-0.00014782	-0.000151635	0.00021267	-134.874
2381.5894	14.86	9.913551799999999e-11	-0.000138284	-0.000142098	0.000196458	-133.77
2384.3083	14.87	9.920223099999999e-11	-0.000140191	-0.000105858	0.000175477	-143.088
2386.9957	14.88	9.9268944e-11	-4.29156e-05	-5.9128e-05	7.24797e-05	-125.418
2389.6664	14.89	9.9335657e-11	4.29156e-05	6.10356e-05	7.05724e-05	53.13
2392.3532	14.9	9.940237e-11	0.00019455	0.000160218	0.000251772	37.716
2395.0394	14.91	9.9469083e-11	0.000152589	0.000102044	0.000187875	31.896
2397.7266	14.92	9.953579599999999e-11	0.000127793	5.53133e-05	0.000139237	23.49
2400.3969	14.93	9.960250899999999e-11	-3.43325e-05	1.23978e-05	3.91009e-05	165.258
2403.084	14.94	9.9669222e-11	-6.8665e-05	-8.01091e-05	0.000103951	-130.878
2405.7696	14.95	9.9735935e-11	-0.000107766	-0.000113488	0.000152589	-131.634
2408.4405	14.96	9.9802648e-11	-9.53679e-05	-7.1526e-05	0.00011921	-143.322
2411.1122	14.97	9.9869361e-11	-7.53407e-05	-4.67303e-05	8.77385e-05	-147.396
2413.783	14.98	9.9936074e-11	-6.96187e-05	-4.67303e-05	8.20165e-05	-145.788
2416.4683	14.99	1.0000278699999999e-10	-4.95913e-05	-8.86922e-05	0.000104905	-121.398
2419.1566	15.0	1.0006949999999999e-10	-0.000133515	-8.77385e-05	0.000161172	-147.276