Time (s) 	 Position (mm) 	 Delay (s) 	 X 	 Y 	 R 	 theta 
#Without Preamplifier,Fluence with Filter (NE07A-B), ZnTe detector angle 40deg, Chopper 230Hz, time constant=0.1s 18dB, waiting time= 0.9s, sensitivity=20mV
1.6776	7.458	4.9754555399999996e-11	3.81473e-06	-2.00273e-05	2.19346e-05	-87.21
3.1973	7.462	4.9781240599999994e-11	5.72208e-06	1.62126e-05	1.62126e-05	77.196
4.7012	7.466	4.98079258e-11	4.7684e-06	-1.04905e-05	1.23978e-05	-86.988
6.1883	7.47	4.9834611e-11	-1.71663e-05	-1.90736e-06	1.14442e-05	176.634
7.6746	7.474	4.98612962e-11	4.10082e-05	3.71935e-05	4.67303e-05	55.812
9.1796	7.478	4.988798139999999e-11	-3.81473e-06	2.19346e-05	1.90736e-05	66.252
10.6661	7.482	4.99146666e-11	1.71663e-05	2.19346e-05	3.05178e-05	54.06
12.1696	7.486	4.9941351799999996e-11	-3.81473e-06	-3.33788e-05	3.14715e-05	-104.676
13.6576	7.49	4.9968037e-11	0.0	1.52589e-05	1.43052e-05	115.464
15.1451	7.494	4.99947222e-11	1.33515e-05	-1.62126e-05	1.90736e-05	-70.974
16.6474	7.498	5.00214074e-11	2.6703e-05	5.81744e-05	6.2943e-05	62.616
18.1197	7.502	5.0048092599999995e-11	2.0981e-05	3.05178e-05	4.19619e-05	46.248
19.6069	7.506	5.00747778e-11	-4.7684e-06	5.72208e-06	8.58313e-06	153.438
21.3824	7.51	5.0101463e-11	2.28883e-05	1.04905e-05	2.47956e-05	23.628
22.8527	7.514	5.0128148199999996e-11	-3.33788e-05	9.5368e-06	3.43325e-05	168.906
24.6282	7.518	5.0154833399999995e-11	0.0	2.86104e-06	1.90736e-06	0.0
26.1162	7.522	5.01815186e-11	1.14442e-05	1.52589e-05	2.19346e-05	52.122
27.5876	7.526	5.02082038e-11	2.28883e-05	5.72208e-06	2.6703e-05	15.018
29.075	7.53	5.0234889e-11	4.95913e-05	2.6703e-05	5.53133e-05	28.158
30.5624	7.534	5.0261574199999994e-11	2.86103e-05	-1.43052e-05	3.24252e-05	-12.654
32.0497	7.538	5.02882594e-11	1.33515e-05	1.71663e-05	1.90736e-05	127.878
33.5691	7.542	5.0314944599999997e-11	2.19346e-05	6.67575e-06	1.62126e-05	21.372
35.0725	7.546	5.03416298e-11	3.05178e-05	3.91009e-05	5.0545e-05	52.386
36.8319	7.55	5.036831499999999e-11	1.90736e-05	-8.58313e-06	2.47956e-05	-18.432
38.3184	7.554	5.03950002e-11	-1.52589e-05	2.28883e-05	2.47956e-05	113.202
40.0775	7.558	5.0421685399999996e-11	3.33788e-05	2.19346e-05	3.91009e-05	33.69
41.5659	7.562	5.04483706e-11	-1.90736e-06	1.71663e-05	1.52589e-05	110.226
43.0677	7.566	5.04750558e-11	-3.62399e-05	-5.72208e-06	4.48229e-05	-169.992
44.8268	7.57	5.0501741e-11	-5.72208e-06	-3.81473e-06	6.67575e-06	-122.472
46.3319	7.574	5.0528426199999995e-11	-8.58313e-06	0.0	3.81473e-06	-153.438
48.1073	7.578	5.05551114e-11	-2.28883e-05	-3.62399e-05	4.86376e-05	-109.824
49.6107	7.582	5.05817966e-11	6.19893e-05	2.57493e-05	6.77113e-05	29.268
51.0976	7.586	5.0608481799999996e-11	-2.0981e-05	-2.28883e-05	2.86103e-05	-123.69
52.5694	7.59	5.0635166999999994e-11	0.0	-2.3842e-05	1.90736e-05	-104.622
54.0568	7.594	5.06618522e-11	-6.67575e-06	8.58313e-06	5.72208e-06	143.13
55.5602	7.598	5.06885374e-11	-1.90736e-06	3.81473e-06	5.72208e-06	130.236
57.0309	7.602	5.07152226e-11	1.71663e-05	-1.14442e-05	1.71663e-05	-43.362
58.5189	7.606	5.0741907799999994e-11	0.0	-3.81472e-05	4.19619e-05	-104.238
60.2609	7.61	5.0768593e-11	3.71935e-05	-9.53682e-07	4.19619e-05	-4.206
61.7494	7.614	5.0795278199999997e-11	-2.86104e-06	-1.33515e-05	1.23978e-05	-105.522
63.4927	7.618	5.08219634e-11	2.86104e-06	-1.81199e-05	1.90736e-05	-111.804
64.9961	7.622	5.08486486e-11	3.05178e-05	-8.58313e-06	3.52862e-05	-7.524
66.4676	7.626	5.08753338e-11	0.0	3.24252e-05	3.14715e-05	108.06
67.9709	7.63	5.0902018999999996e-11	-1.33515e-05	-5.72208e-06	1.90736e-05	-157.248
69.4424	7.634	5.09287042e-11	-2.28883e-05	-6.67575e-06	1.71663e-05	177.51
70.9448	7.638	5.09553894e-11	1.52589e-05	2.6703e-05	3.05178e-05	78.438
72.4318	7.642	5.09820746e-11	-6.67575e-06	2.86104e-06	3.81473e-06	-120.966
73.9203	7.646	5.1008759799999995e-11	9.5368e-06	8.58313e-06	1.23978e-05	64.656
75.7111	7.65	5.1035445e-11	-6.67575e-06	-1.62126e-05	1.04905e-05	-95.196
77.1816	7.654	5.10621302e-11	-8.58313e-06	9.5368e-06	1.43052e-05	154.536
78.9576	7.658	5.10888154e-11	-1.81199e-05	-5.72208e-06	1.90736e-05	-127.878
80.4616	7.662	5.1115500599999994e-11	-9.53682e-07	3.71935e-05	4.10082e-05	89.172
81.949	7.666	5.11421858e-11	-3.05178e-05	8.58313e-06	2.57493e-05	161.076
83.4364	7.67	5.1168871e-11	-1.33515e-05	-2.47956e-05	2.57493e-05	-107.97
84.9228	7.674	5.11955562e-11	-2.86104e-06	4.00546e-05	3.71935e-05	97.668
86.4108	7.678	5.12222414e-11	-1.14442e-05	-1.23978e-05	1.52589e-05	-129.474
87.8976	7.682	5.12489266e-11	-1.04905e-05	3.05178e-05	3.14715e-05	99.66
89.4017	7.686	5.1275611799999996e-11	2.86104e-06	2.86103e-05	2.86103e-05	83.37
91.1612	7.69	5.1302297e-11	1.33515e-05	1.90736e-05	2.3842e-05	56.724
92.6646	7.694	5.13289822e-11	8.58313e-06	4.19619e-05	4.38693e-05	89.238
94.4398	7.698	5.13556674e-11	-3.81473e-06	-6.67575e-06	8.58313e-06	-119.052
95.9426	7.702	5.1382352599999996e-11	-3.81472e-05	2.86104e-06	3.33788e-05	-176.184
97.4306	7.706	5.14090378e-11	2.00273e-05	-3.33788e-05	3.43325e-05	-56.634
98.9499	7.71	5.1435723e-11	1.90736e-06	-3.81473e-06	3.81473e-06	-45.0
100.437	7.714	5.1462408200000003e-11	-1.43052e-05	-1.71663e-05	1.90736e-05	-123.024
101.9078	7.718	5.1489093399999995e-11	-5.72208e-06	4.86376e-05	4.57766e-05	94.464
103.3949	7.722	5.15157786e-11	1.33515e-05	2.86104e-06	1.81199e-05	20.136
104.8822	7.726	5.15424638e-11	-2.86104e-06	-2.47956e-05	2.28883e-05	-118.884
106.6908	7.73	5.1569149e-11	0.0	1.04905e-05	1.52589e-05	100.494
108.1942	7.734	5.1595834199999994e-11	-9.5368e-06	-3.62399e-05	3.52862e-05	-93.066
109.9696	7.738	5.16225194e-11	-1.71663e-05	4.19619e-05	4.29156e-05	102.228
111.4726	7.742	5.16492046e-11	-3.62399e-05	-9.5368e-06	3.71935e-05	-170.052
112.9426	7.746	5.16758898e-11	9.5368e-06	3.81473e-06	1.52589e-05	13.494
114.4316	7.75	5.1702575e-11	1.52589e-05	2.19346e-05	2.86103e-05	57.03
115.935	7.754	5.172926019999999e-11	2.9564e-05	-6.67575e-06	3.33788e-05	-4.314
117.4224	7.758	5.1755945399999996e-11	-2.00273e-05	4.19619e-05	4.76839e-05	110.46
118.9097	7.762	5.1782630599999995e-11	-9.53682e-07	-2.76567e-05	2.00273e-05	-105.642
120.3971	7.766	5.18093158e-11	-9.5368e-06	-1.90736e-05	2.19346e-05	-111.504
122.1724	7.77	5.1836001e-11	-6.67575e-06	-2.9564e-05	3.14715e-05	-107.022
123.6597	7.774	5.1862686199999996e-11	3.05178e-05	-2.3842e-05	4.29156e-05	-32.274
125.4348	7.778	5.1889371399999994e-11	-2.00273e-05	2.86104e-06	2.00273e-05	152.7
126.9221	7.782	5.19160566e-11	2.76567e-05	-2.47956e-05	3.33788e-05	-51.522
128.4085	7.786	5.1942741799999997e-11	3.05178e-05	3.33788e-05	5.0545e-05	46.548
129.9127	7.79	5.1969426999999995e-11	-1.43052e-05	-1.23978e-05	1.62126e-05	-123.69
131.4004	7.794	5.199611219999999e-11	1.90736e-06	3.14715e-05	3.33788e-05	67.38
132.9197	7.798	5.20227974e-11	-4.7684e-06	-4.7684e-06	6.67575e-06	-111.036
134.3911	7.802	5.2049482599999996e-11	-3.05178e-05	-2.47956e-05	3.91009e-05	-137.118
135.8936	7.806	5.20761678e-11	1.04905e-05	3.43325e-05	4.00546e-05	68.664
137.6688	7.81	5.210285299999999e-11	2.86104e-06	1.52589e-05	2.28883e-05	56.724
139.1726	7.814	5.21295382e-11	-1.71663e-05	5.24523e-05	5.6267e-05	106.314
140.9476	7.818	5.2156223399999995e-11	-9.53682e-07	8.58313e-06	8.58313e-06	132.276
142.451	7.822	5.21829086e-11	-1.81199e-05	-2.3842e-05	2.86103e-05	-112.518
143.9391	7.826	5.220959379999999e-11	-1.14442e-05	1.52589e-05	1.81199e-05	115.71
145.4424	7.83	5.2236278999999996e-11	-1.71663e-05	1.90736e-05	3.24252e-05	135.0
146.9132	7.834	5.2262964199999994e-11	-2.86104e-06	6.8665e-05	7.05724e-05	91.608
148.4172	7.838	5.22896494e-11	-2.00273e-05	-1.62126e-05	3.05178e-05	-136.548
149.9205	7.842	5.23163346e-11	1.90736e-06	-4.00546e-05	3.71935e-05	-80.364
151.4076	7.846	5.2343019799999995e-11	-6.67575e-06	1.14442e-05	1.71663e-05	157.83
153.1827	7.85	5.2369704999999994e-11	-1.14442e-05	-6.67575e-06	1.33515e-05	-147.096
154.6866	7.854	5.23963902e-11	9.5368e-06	9.5368e-06	1.62126e-05	33.69
156.4454	7.858	5.2423075399999997e-11	-4.10082e-05	1.52589e-05	4.95913e-05	156.798
157.9323	7.862	5.2449760599999995e-11	7.62945e-06	-1.33515e-05	1.23978e-05	-79.38
159.4206	7.866	5.247644579999999e-11	6.67575e-06	2.0981e-05	2.19346e-05	81.384
160.9238	7.87	5.2503131e-11	-9.53682e-07	2.19346e-05	2.19346e-05	94.902
162.4113	7.874	5.2529816199999996e-11	-2.47956e-05	2.86104e-06	2.28883e-05	178.362
163.8976	7.878	5.25565014e-11	-1.33515e-05	-4.19619e-05	4.29156e-05	-104.934
165.3861	7.882	5.258318659999999e-11	1.52589e-05	-1.04905e-05	2.47956e-05	-37.65
166.8895	7.886	5.26098718e-11	1.14442e-05	5.9128e-05	6.19893e-05	74.478
168.6324	7.89	5.2636556999999995e-11	2.6703e-05	3.33788e-05	4.29156e-05	47.49
170.1523	7.894	5.26632422e-11	-1.33515e-05	2.0981e-05	2.57493e-05	106.314
171.9262	7.898	5.26899274e-11	-1.23978e-05	1.90736e-05	1.90736e-05	91.974
173.4138	7.902	5.2716612599999996e-11	-3.71935e-05	-3.71935e-05	5.3406e-05	-135.0
174.8862	7.906	5.2743297799999994e-11	-6.67575e-06	0.0	9.5368e-06	-163.608
176.3894	7.91	5.2769983e-11	2.3842e-05	-3.43325e-05	3.81472e-05	-61.146
177.8768	7.914	5.27966682e-11	-7.62945e-06	2.57493e-05	3.05178e-05	106.116
179.3476	7.918	5.2823353399999995e-11	-1.81199e-05	1.62126e-05	2.86103e-05	146.31
180.8197	7.922	5.2850038599999994e-11	-3.24252e-05	-2.3842e-05	4.10082e-05	-146.562
182.3227	7.926	5.28767238e-11	-2.86104e-06	-9.53682e-07	6.67575e-06	-145.302
184.0655	7.93	5.2903408999999996e-11	-2.9564e-05	1.04905e-05	2.86103e-05	151.506
185.5857	7.934	5.29300942e-11	-8.58313e-06	-7.62945e-06	8.58313e-06	-175.914
187.3284	7.938	5.295677939999999e-11	-1.43052e-05	2.6703e-05	2.86103e-05	101.82
188.8163	7.942	5.29834646e-11	1.90736e-05	8.58313e-06	2.57493e-05	19.29
190.3027	7.946	5.3010149799999996e-11	-2.86104e-06	-1.81199e-05	1.81199e-05	-113.964
191.7911	7.95	5.3036835e-11	-3.81473e-06	-1.62126e-05	1.62126e-05	-120.582
193.2625	7.954	5.30635202e-11	4.7684e-06	1.43052e-05	1.52589e-05	39.804
194.7819	7.958	5.3090205399999997e-11	-2.3842e-05	-4.7684e-06	2.6703e-05	-158.964
196.2852	7.962	5.3116890599999995e-11	-2.3842e-05	2.86104e-06	2.00273e-05	-169.878
197.7724	7.966	5.31435758e-11	1.43052e-05	-2.47956e-05	2.86103e-05	-58.134
199.5476	7.97	5.3170261e-11	4.19619e-05	-1.81199e-05	4.38693e-05	-25.302
201.0349	7.974	5.3196946199999996e-11	2.19346e-05	-4.57766e-05	5.14986e-05	-55.656
202.8105	7.978	5.3223631399999994e-11	0.0	-1.04905e-05	3.81473e-06	149.034
204.2976	7.982	5.32503166e-11	6.67575e-06	4.7684e-06	1.14442e-05	8.97
205.7843	7.986	5.32770018e-11	-3.71935e-05	2.86104e-06	3.43325e-05	169.38
207.2562	7.99	5.3303687e-11	2.6703e-05	-2.28883e-05	3.62399e-05	-33.978
208.775	7.994	5.3330372199999993e-11	-2.76567e-05	-4.48229e-05	4.19619e-05	-120.786
210.2795	7.998	5.33570574e-11	9.53682e-07	5.72208e-06	5.72208e-06	57.996
211.7668	8.002	5.33837426e-11	-9.53682e-07	1.52589e-05	1.23978e-05	78.69
213.2528	8.006	5.34104278e-11	-9.53682e-07	9.5368e-06	8.58313e-06	147.528
215.0127	8.01	5.343711299999999e-11	2.00273e-05	0.0	2.19346e-05	10.956
216.5168	8.014	5.346379819999999e-11	5.72208e-06	1.90736e-06	5.72208e-06	77.004
218.0201	8.018	5.34904834e-11	-3.81473e-06	3.81473e-06	5.72208e-06	32.472
219.5548	8.022	5.35171686e-11	-1.71663e-05	2.19346e-05	3.24252e-05	149.034
221.058	8.026	5.35438538e-11	-2.47956e-05	1.62126e-05	2.57493e-05	141.84
222.5461	8.03	5.357053899999999e-11	-1.71663e-05	-1.33515e-05	2.0981e-05	-151.698
224.048	8.034	5.35972242e-11	9.53682e-07	-9.5368e-06	8.58313e-06	-85.914
225.8079	8.038	5.36239094e-11	2.86104e-06	8.58313e-06	1.23978e-05	83.16
227.2961	8.042	5.36505946e-11	-1.62126e-05	-3.05178e-05	3.52862e-05	-127.092
228.7826	8.046	5.3677279799999996e-11	-9.5368e-06	-4.48229e-05	4.38693e-05	-98.748
230.271	8.05	5.3703965e-11	-1.81199e-05	1.33515e-05	1.90736e-05	120.966
231.7576	8.054	5.37306502e-11	-2.3842e-05	3.71935e-05	4.29156e-05	109.248
233.5176	8.058	5.37573354e-11	-2.6703e-05	3.71935e-05	4.57766e-05	135.0
235.0212	8.062	5.3784020599999995e-11	2.0981e-05	-2.6703e-05	3.52862e-05	-51.84
236.5244	8.066	5.38107058e-11	-7.62945e-06	4.38693e-05	4.76839e-05	107.448
238.0119	8.07	5.3837391e-11	2.19346e-05	1.52589e-05	2.19346e-05	43.728
239.5144	8.074	5.3864076199999996e-11	3.24252e-05	1.33515e-05	3.52862e-05	30.966
241.2737	8.078	5.3890761399999994e-11	-6.67575e-06	-2.9564e-05	3.33788e-05	-115.146
242.7775	8.082	5.39174466e-11	3.91009e-05	-3.05178e-05	4.95913e-05	-36.252
244.2653	8.086	5.39441318e-11	2.19346e-05	3.52862e-05	4.19619e-05	65.772
246.0076	8.09	5.3970816999999995e-11	2.57493e-05	-2.6703e-05	4.10082e-05	-38.106
247.4949	8.094	5.3997502199999994e-11	2.19346e-05	-1.81199e-05	2.57493e-05	-32.826
248.9826	8.098	5.4024187400000005e-11	0.0	1.52589e-05	1.52589e-05	113.502
250.4706	8.102	5.4050872599999997e-11	2.9564e-05	5.72208e-06	2.3842e-05	29.538
251.9889	8.106	5.4077557799999995e-11	-1.90736e-05	1.90736e-06	3.14715e-05	168.276
253.7492	8.11	5.410424299999999e-11	-1.90736e-05	0.0	1.52589e-05	-177.396
255.2515	8.114	5.4130928200000004e-11	9.5368e-06	-7.62945e-06	1.04905e-05	-50.196
256.7399	8.118	5.41576134e-11	1.71663e-05	-1.81199e-05	2.9564e-05	-41.532
258.2426	8.122	5.4184298599999994e-11	2.76567e-05	-1.43052e-05	3.14715e-05	-13.494
259.7307	8.126	5.421098379999999e-11	0.0	2.19346e-05	2.00273e-05	98.748
261.2176	8.13	5.4237669000000003e-11	3.05178e-05	-4.00546e-05	5.0545e-05	-41.184
262.7373	8.134	5.42643542e-11	-1.14442e-05	-3.05178e-05	3.52862e-05	-97.596
264.4967	8.138	5.42910394e-11	-1.14442e-05	-1.81199e-05	1.71663e-05	-118.812
266.032	8.142	5.431772459999999e-11	2.86104e-06	2.86104e-06	8.58313e-06	73.608
267.5342	8.146	5.43444098e-11	1.90736e-06	7.62945e-06	1.23978e-05	41.424
269.0378	8.15	5.4371095e-11	-7.62945e-06	-7.62945e-06	1.62126e-05	-148.392
270.5423	8.154	5.43977802e-11	-8.58313e-06	-2.0981e-05	1.62126e-05	-108.432
272.3014	8.158	5.442446539999999e-11	2.0981e-05	4.19619e-05	4.76839e-05	62.358
273.7877	8.162	5.44511506e-11	-1.81199e-05	1.23978e-05	1.90736e-05	114.906
275.2924	8.166	5.44778358e-11	6.67575e-06	-9.53682e-07	1.90736e-06	-175.914
277.0666	8.17	5.4504521e-11	-1.33515e-05	3.81473e-06	2.86104e-06	12.996
278.57	8.174	5.4531206199999996e-11	-1.90736e-05	8.58313e-06	2.57493e-05	157.482
280.0742	8.178	5.45578914e-11	4.00546e-05	1.81199e-05	4.19619e-05	22.332
281.5616	8.182	5.45845766e-11	4.38693e-05	5.6267e-05	7.24797e-05	53.13
283.0474	8.186	5.46112618e-11	1.62126e-05	-3.05178e-05	2.9564e-05	-64.056
284.7906	8.19	5.4637946999999996e-11	2.9564e-05	3.62399e-05	4.86376e-05	51.582
286.2796	8.194	5.46646322e-11	0.0	2.6703e-05	2.76567e-05	72.408
287.7827	8.198	5.46913174e-11	-2.0981e-05	2.28883e-05	3.43325e-05	140.478
289.2863	8.202	5.4718002599999997e-11	4.7684e-06	-4.7684e-06	5.72208e-06	-126.87
290.7727	8.206	5.4744687799999995e-11	8.58313e-06	-1.43052e-05	1.23978e-05	-93.576
292.261	8.21	5.4771373000000006e-11	-1.23978e-05	1.23978e-05	1.52589e-05	147.096
293.7638	8.214	5.47980582e-11	1.04905e-05	-2.28883e-05	2.19346e-05	-59.034
295.5227	8.218	5.4824743399999996e-11	-2.19346e-05	1.52589e-05	2.57493e-05	135.0
297.0269	8.222	5.4851428599999994e-11	2.6703e-05	3.81473e-06	2.3842e-05	25.02
298.5139	8.226	5.4878113800000005e-11	-5.72208e-06	-7.62945e-06	3.81473e-06	149.034
300.0018	8.23	5.4904799e-11	1.71663e-05	-6.67575e-06	1.23978e-05	-7.596
301.5052	8.234	5.4931484199999995e-11	1.52589e-05	-2.0981e-05	3.14715e-05	-55.434
303.2645	8.238	5.4958169399999993e-11	8.58313e-06	2.3842e-05	2.6703e-05	61.506
304.7826	8.242	5.4984854600000005e-11	1.71663e-05	-1.62126e-05	2.3842e-05	-45.0
306.2712	8.246	5.50115398e-11	-2.86103e-05	3.81473e-06	2.19346e-05	151.824
308.0464	8.25	5.5038224999999995e-11	2.86104e-06	2.19346e-05	2.3842e-05	79.284
309.5488	8.254	5.506491019999999e-11	-1.04905e-05	2.3842e-05	2.19346e-05	91.734
311.0524	8.258	5.509159539999999e-11	3.52862e-05	1.23978e-05	4.48229e-05	18.192
312.5564	8.262	5.51182806e-11	3.91009e-05	-1.52589e-05	3.52862e-05	-10.842
314.0429	8.266	5.51449658e-11	-1.81199e-05	-2.9564e-05	3.14715e-05	-106.584
315.5312	8.27	5.517165099999999e-11	-2.6703e-05	3.24252e-05	4.19619e-05	126.156
317.0342	8.274	5.519833619999999e-11	2.19346e-05	2.3842e-05	3.91009e-05	39.228
318.554	8.278	5.52250214e-11	3.81473e-06	-5.72208e-06	1.04905e-05	-51.84
320.3128	8.282	5.52517066e-11	-2.28883e-05	1.33515e-05	2.0981e-05	147.996
321.8326	8.286	5.527839179999999e-11	3.52862e-05	-2.86104e-06	3.62399e-05	3.24
323.336	8.29	5.530507699999999e-11	1.04905e-05	-3.14715e-05	3.05178e-05	-66.162
324.8226	8.294	5.53317622e-11	-1.62126e-05	-1.14442e-05	2.00273e-05	-140.442
326.5655	8.298	5.53584474e-11	-4.7684e-06	3.05178e-05	3.24252e-05	85.518
328.0685	8.302	5.53851326e-11	1.04905e-05	-3.24252e-05	3.52862e-05	-63.438
329.5727	8.306	5.541181779999999e-11	-3.33788e-05	1.71663e-05	3.62399e-05	159.192
331.0608	8.31	5.5438503e-11	4.7684e-06	8.58313e-06	8.58313e-06	60.948
332.5475	8.314	5.54651882e-11	-1.62126e-05	-1.33515e-05	1.90736e-05	-136.332
334.3074	8.318	5.5491873399999996e-11	-1.04905e-05	-8.58313e-06	1.23978e-05	-173.988
335.7939	8.322	5.5518558599999994e-11	-3.24252e-05	2.86104e-06	3.33788e-05	-173.418
337.2824	8.326	5.55452438e-11	-2.6703e-05	3.33788e-05	4.76839e-05	127.746
339.0575	8.33	5.5571929e-11	3.81473e-06	1.90736e-05	2.0981e-05	64.23
340.5449	8.334	5.5598614199999995e-11	1.90736e-06	-1.71663e-05	1.71663e-05	-99.78
342.0476	8.338	5.5625299399999994e-11	-2.86104e-06	-9.53682e-07	2.86104e-06	-12.528
343.5341	8.342	5.56519846e-11	5.72208e-06	9.5368e-06	1.71663e-05	17.352
345.0216	8.346	5.5678669799999997e-11	-4.57766e-05	-1.04905e-05	4.48229e-05	-165.126
346.7821	8.35	5.5705354999999995e-11	8.58313e-06	-3.14715e-05	3.24252e-05	-72.3
348.2856	8.354	5.573204019999999e-11	1.23978e-05	5.72208e-06	2.0981e-05	-14.034
349.8199	8.358	5.57587254e-11	-2.86104e-06	-4.7684e-06	5.72208e-06	-60.948
351.3076	8.362	5.5785410599999996e-11	-9.53682e-07	-2.76567e-05	2.3842e-05	-90.0
352.7958	8.366	5.5812095799999994e-11	2.0981e-05	0.0	1.04905e-05	15.252
354.2828	8.37	5.583878099999999e-11	-2.86104e-06	2.19346e-05	1.90736e-05	83.658
355.769	8.374	5.5865466200000003e-11	-1.71663e-05	-6.67575e-06	1.81199e-05	-162.756
357.5458	8.378	5.5892151399999995e-11	-3.81473e-06	-4.7684e-06	8.58313e-06	-125.538
359.0491	8.382	5.5918836599999993e-11	-9.53682e-07	2.3842e-05	2.57493e-05	91.434
360.5349	8.386	5.594552179999999e-11	1.62126e-05	-1.43052e-05	2.19346e-05	-34.158
362.0226	8.39	5.5972207e-11	9.5368e-06	4.10082e-05	4.38693e-05	78.858
363.4945	8.394	5.59988922e-11	-1.33515e-05	1.23978e-05	1.52589e-05	122.274
365.2705	8.398	5.602557739999999e-11	-3.62399e-05	-2.86104e-06	2.86103e-05	178.566
366.7731	8.402	5.605226259999999e-11	-2.00273e-05	2.57493e-05	3.05178e-05	126.12
368.2925	8.406	5.60789478e-11	1.23978e-05	8.58313e-06	1.23978e-05	34.506
370.0839	8.41	5.6105633e-11	-3.24252e-05	1.52589e-05	4.29156e-05	160.788
371.5876	8.414	5.61323182e-11	-3.71935e-05	-1.62126e-05	3.81472e-05	-163.782
373.0913	8.418	5.615900339999999e-11	2.86104e-06	4.29156e-05	4.29156e-05	81.996
374.5946	8.422	5.61856886e-11	0.0	-1.90736e-06	1.90736e-06	149.034
376.0976	8.426	5.62123738e-11	1.04905e-05	-6.67575e-06	1.52589e-05	-28.608
377.5854	8.43	5.6239059e-11	-1.04905e-05	-5.72208e-06	1.33515e-05	-165.966
379.1039	8.434	5.626574419999999e-11	-1.33515e-05	-4.7684e-06	9.53682e-07	26.562
380.6076	8.438	5.62924294e-11	-9.5368e-06	-6.67575e-06	5.72208e-06	-71.568
382.3827	8.442	5.63191146e-11	-1.33515e-05	3.91009e-05	4.19619e-05	106.074
383.8867	8.446	5.6345799799999997e-11	-3.05178e-05	-1.04905e-05	3.24252e-05	-156.948
385.3902	8.45	5.6372484999999995e-11	9.5368e-06	1.04905e-05	2.47956e-05	39.288
386.8776	8.454	5.63991702e-11	-2.86104e-06	3.24252e-05	3.14715e-05	73.884
388.6368	8.458	5.64258554e-11	2.86103e-05	9.5368e-06	2.57493e-05	38.418
390.1402	8.462	5.6452540599999996e-11	-6.67575e-06	2.57493e-05	2.86103e-05	95.946
391.6426	8.466	5.6479225799999994e-11	-9.53682e-07	-1.14442e-05	1.23978e-05	-79.992
393.1468	8.47	5.6505911e-11	-2.6703e-05	-2.86104e-06	2.6703e-05	-174.558
394.6342	8.474	5.65325962e-11	1.90736e-06	-1.43052e-05	1.62126e-05	-88.026
396.3926	8.478	5.6559281399999995e-11	-4.57766e-05	-8.58313e-06	3.91009e-05	-166.218
397.8801	8.482	5.6585966599999993e-11	2.00273e-05	-9.5368e-06	1.71663e-05	-23.202
399.3843	8.486	5.6612651800000005e-11	9.53682e-07	3.24252e-05	3.24252e-05	87.756
401.1593	8.49	5.6639336999999996e-11	1.62126e-05	2.28883e-05	1.71663e-05	57.096
402.6619	8.494	5.6666022199999995e-11	2.28883e-05	6.67575e-06	1.90736e-05	27.756
404.1484	8.498	5.669270739999999e-11	-1.04905e-05	2.00273e-05	2.57493e-05	133.092
405.6527	8.502	5.6719392600000004e-11	-2.3842e-05	-1.71663e-05	3.24252e-05	-137.49
407.1411	8.506	5.6746077799999996e-11	-4.7684e-06	3.43325e-05	3.43325e-05	127.506
408.9003	8.51	5.6772762999999994e-11	2.19346e-05	-1.33515e-05	2.47956e-05	-23.202
410.3876	8.514	5.679944819999999e-11	9.5368e-06	-3.81473e-06	1.52589e-05	-15.642
411.8911	8.518	5.68261334e-11	-1.52589e-05	-1.14442e-05	1.81199e-05	-124.212
413.3772	8.522	5.68528186e-11	-4.76839e-05	-2.57493e-05	5.72207e-05	-144.39
414.8817	8.526	5.687950379999999e-11	-4.7684e-06	2.6703e-05	2.9564e-05	119.898
416.3851	8.53	5.690618899999999e-11	-9.53682e-07	-1.81199e-05	1.71663e-05	-87.612
417.9043	8.534	5.69328742e-11	-1.33515e-05	-9.5368e-06	1.43052e-05	-126.384
419.6795	8.538	5.69595594e-11	4.19619e-05	2.6703e-05	4.19619e-05	40.062
421.167	8.542	5.69862446e-11	3.14715e-05	-5.72208e-06	3.43325e-05	-9.27
422.6699	8.546	5.701292979999999e-11	2.19346e-05	1.04905e-05	2.86103e-05	22.716
424.1726	8.55	5.7039615e-11	2.3842e-05	7.62945e-06	2.57493e-05	4.398
425.6772	8.554	5.70663002e-11	2.28883e-05	-1.62126e-05	1.90736e-05	-25.464
427.4356	8.558	5.70929854e-11	9.5368e-06	4.19619e-05	4.67303e-05	81.03
428.9397	8.562	5.711967059999999e-11	3.81473e-06	9.5368e-06	8.58313e-06	18.432
430.4427	8.566	5.71463558e-11	-2.86104e-06	1.90736e-05	2.19346e-05	96.168
431.9459	8.57	5.7173041e-11	-4.7684e-06	2.9564e-05	3.24252e-05	109.884
433.4497	8.574	5.71997262e-11	-1.04905e-05	2.28883e-05	2.3842e-05	108.432
435.2399	8.578	5.7226411399999995e-11	-1.33515e-05	-2.86104e-06	8.58313e-06	144.462
436.7427	8.582	5.72530966e-11	4.48229e-05	1.62126e-05	5.14986e-05	33.084
438.2298	8.586	5.72797818e-11	-1.04905e-05	-2.47956e-05	2.6703e-05	-114.678
439.9909	8.59	5.7306466999999997e-11	-9.5368e-06	5.0545e-05	4.86376e-05	86.82
441.4773	8.594	5.7333152199999995e-11	1.62126e-05	0.0	2.00273e-05	-13.134
442.9812	8.598	5.73598374e-11	-4.67303e-05	-6.67575e-06	4.76839e-05	-173.574
444.4691	8.602	5.73865226e-11	-5.72208e-06	1.23978e-05	1.23978e-05	71.568
445.9724	8.606	5.7413207799999996e-11	-1.71663e-05	3.81473e-06	1.90736e-05	-178.152
447.7308	8.61	5.7439892999999994e-11	-1.43052e-05	-2.28883e-05	2.76567e-05	-135.972
449.2191	8.614	5.7466578200000005e-11	3.81473e-06	-3.91009e-05	4.10082e-05	-85.392
450.7065	8.618	5.74932634e-11	-2.00273e-05	-2.57493e-05	2.9564e-05	-119.43
452.1927	8.622	5.7519948599999995e-11	-5.24523e-05	-2.19346e-05	6.19893e-05	-157.974
453.6964	8.626	5.7546633799999993e-11	1.71663e-05	2.3842e-05	3.24252e-05	59.742
455.1839	8.63	5.7573319000000004e-11	-3.81473e-06	2.47956e-05	2.57493e-05	110.724
456.6719	8.634	5.7600004199999996e-11	-3.81473e-06	-1.43052e-05	1.62126e-05	-100.494
458.4312	8.638	5.7626689399999994e-11	-1.71663e-05	2.3842e-05	3.05178e-05	124.698
459.9176	8.642	5.765337459999999e-11	-9.5368e-06	2.00273e-05	2.00273e-05	91.908
461.4217	8.646	5.7680059800000004e-11	2.86104e-06	7.62945e-06	7.62945e-06	90.0
462.9252	8.65	5.7706745e-11	7.62945e-06	2.86104e-06	1.43052e-05	14.622
464.4275	8.654	5.7733430199999994e-11	8.58313e-06	4.19619e-05	4.19619e-05	76.866
466.2026	8.658	5.776011539999999e-11	1.04905e-05	3.62399e-05	4.29156e-05	69.252
467.7073	8.662	5.77868006e-11	8.58313e-06	-7.62945e-06	1.04905e-05	-50.712
469.2426	8.666	5.78134858e-11	-1.33515e-05	7.62945e-06	5.72208e-06	2.724
471.0016	8.67	5.7840171e-11	2.57493e-05	-1.43052e-05	2.86103e-05	-13.704
472.5212	8.674	5.786685619999999e-11	7.62945e-06	2.86103e-05	3.05178e-05	45.882
473.9925	8.678	5.78935414e-11	1.23978e-05	-6.67575e-06	2.00273e-05	-22.752
475.4799	8.682	5.79202266e-11	1.23978e-05	1.81199e-05	2.00273e-05	74.58
476.9992	8.686	5.79469118e-11	8.58313e-06	-2.86104e-06	1.04905e-05	21.252
478.7576	8.69	5.7973596999999997e-11	5.72208e-06	-1.43052e-05	1.52589e-05	-61.188
480.2776	8.694	5.80002822e-11	2.86104e-06	-2.19346e-05	1.81199e-05	-124.992
481.7972	8.698	5.80269674e-11	8.58313e-06	-4.7684e-06	1.33515e-05	-60.252
483.3005	8.702	5.80536526e-11	-1.14442e-05	3.81473e-06	1.04905e-05	157.62
484.8198	8.706	5.8080337799999996e-11	-9.53682e-07	3.52862e-05	3.71935e-05	115.74
486.3227	8.71	5.8107023e-11	-3.33788e-05	-4.29156e-05	6.00817e-05	-130.734
487.8106	8.714	5.81337082e-11	1.52589e-05	-2.76567e-05	3.43325e-05	-53.748
489.5859	8.718	5.81603934e-11	1.90736e-06	2.86104e-06	3.81473e-06	-135.0
491.0884	8.722	5.8187078599999995e-11	-4.48229e-05	2.86104e-06	4.19619e-05	162.426
492.5765	8.726	5.82137638e-11	0.0	1.90736e-05	1.62126e-05	87.276
494.0629	8.73	5.8240449e-11	2.19346e-05	0.0	2.00273e-05	-1.974
495.5673	8.734	5.82671342e-11	-2.57493e-05	1.81199e-05	3.43325e-05	157.308
497.3255	8.738	5.829381939999999e-11	1.04905e-05	-1.14442e-05	1.33515e-05	-25.2
498.8127	8.742	5.83205046e-11	2.6703e-05	4.48229e-05	5.43597e-05	60.678
500.3012	8.746	5.83471898e-11	-1.90736e-06	1.33515e-05	1.23978e-05	69.774
502.0603	8.75	5.8373875e-11	2.86104e-06	-2.0981e-05	1.71663e-05	-107.652
503.5627	8.754	5.84005602e-11	-4.76839e-05	-2.86104e-06	5.9128e-05	-171.87
505.0513	8.758	5.842724539999999e-11	-1.90736e-05	2.00273e-05	2.47956e-05	132.612
506.5367	8.762	5.84539306e-11	-1.62126e-05	4.86376e-05	4.48229e-05	92.682
508.0417	8.766	5.84806158e-11	-1.81199e-05	2.6703e-05	2.9564e-05	110.094
509.8013	8.77	5.8507301e-11	0.0	8.58313e-06	6.67575e-06	108.432
511.2876	8.774	5.853398619999998e-11	1.90736e-06	3.05178e-05	3.24252e-05	99.636
512.807	8.778	5.85606714e-11	-9.53682e-07	-1.23978e-05	1.04905e-05	-140.712
514.2939	8.782	5.85873566e-11	2.00273e-05	4.19619e-05	4.00546e-05	64.854
515.7976	8.786	5.861404179999999e-11	5.72208e-06	3.91009e-05	3.91009e-05	88.092
517.3019	8.79	5.864072699999999e-11	-2.86104e-06	1.23978e-05	1.23978e-05	81.468
518.805	8.794	5.86674122e-11	1.52589e-05	-5.72208e-06	1.14442e-05	-40.602
520.5638	8.798	5.86940974e-11	1.90736e-06	-1.04905e-05	1.52589e-05	-110.322
522.052	8.802	5.87207826e-11	-3.71935e-05	0.0	3.24252e-05	176.184
523.5534	8.806	5.87474678e-11	-2.86104e-06	2.86103e-05	2.9564e-05	109.23
525.0577	8.81	5.8774153e-11	5.72208e-06	-9.53682e-07	1.33515e-05	-21.372
526.5621	8.814	5.880083819999999e-11	-5.43597e-05	-2.3842e-05	5.6267e-05	-154.686
528.3213	8.818	5.882752339999999e-11	-1.81199e-05	1.52589e-05	2.19346e-05	141.63
529.8075	8.822	5.885420859999999e-11	-2.47956e-05	-4.29156e-05	5.0545e-05	-128.658
531.2954	8.826	5.88808938e-11	6.48503e-05	-1.71663e-05	7.1526e-05	-17.292
533.0549	8.83	5.8907579e-11	1.90736e-06	2.3842e-05	2.57493e-05	64.722
534.5427	8.834	5.89342642e-11	7.62945e-06	-2.00273e-05	1.81199e-05	-77.736
536.0612	8.838	5.89609494e-11	0.0	-1.62126e-05	1.04905e-05	-140.712
537.5654	8.842	5.89876346e-11	2.57493e-05	8.58313e-06	2.3842e-05	17.448
539.0525	8.846	5.901431979999999e-11	-1.90736e-06	-9.5368e-06	1.52589e-05	-157.068
540.8441	8.85	5.904100499999999e-11	1.33515e-05	-6.67575e-06	1.04905e-05	-8.748
542.3309	8.854	5.906769019999999e-11	-6.67575e-06	-2.6703e-05	2.76567e-05	-99.462
543.8338	8.858	5.90943754e-11	-2.28883e-05	1.90736e-06	1.81199e-05	180.0
545.3372	8.862	5.91210606e-11	3.81473e-06	-6.67575e-06	9.5368e-06	-72.648
546.8255	8.866	5.91477458e-11	-1.62126e-05	9.5368e-06	1.33515e-05	115.2
548.3282	8.87	5.917443099999999e-11	-4.7684e-06	-2.47956e-05	2.19346e-05	-60.948
549.8476	8.874	5.92011162e-11	1.90736e-05	-6.67575e-06	1.90736e-05	17.244
551.5915	8.878	5.92278014e-11	1.90736e-06	2.28883e-05	2.47956e-05	88.668
553.078	8.882	5.92544866e-11	-5.72208e-06	-9.53682e-07	5.72208e-06	155.556
554.5824	8.886	5.928117179999999e-11	-2.19346e-05	-1.04905e-05	1.90736e-05	-153.438
556.0846	8.89	5.9307857e-11	2.3842e-05	-2.28883e-05	3.24252e-05	-43.362
557.5883	8.894	5.93345422e-11	6.67575e-06	-9.53682e-07	9.5368e-06	23.964
559.3475	8.898	5.93612274e-11	1.04905e-05	-5.72208e-06	8.58313e-06	8.13
560.8191	8.902	5.938791259999999e-11	3.81473e-06	-1.33515e-05	1.23978e-05	-117.9
562.3226	8.906	5.94145978e-11	-8.58313e-06	2.57493e-05	2.57493e-05	114.444
564.0655	8.91	5.9441283e-11	-9.5368e-06	-9.5368e-06	4.7684e-06	-135.0
565.5527	8.914	5.94679682e-11	2.0981e-05	2.0981e-05	2.86103e-05	50.904
567.0391	8.918	5.94946534e-11	-3.81472e-05	2.9564e-05	4.76839e-05	144.09
568.543	8.922	5.95213386e-11	-4.7684e-06	9.5368e-06	8.58313e-06	135.0
570.0474	8.926	5.95480238e-11	-2.6703e-05	-3.71935e-05	4.10082e-05	-108.432
571.8377	8.93	5.957470899999999e-11	-2.00273e-05	-4.57766e-05	4.86376e-05	-91.53
573.3572	8.934	5.960139419999999e-11	5.72208e-06	-1.14442e-05	1.23978e-05	-82.566
574.8603	8.938	5.96280794e-11	-2.6703e-05	-3.62399e-05	3.91009e-05	-124.566
576.3638	8.942	5.96547646e-11	-2.28883e-05	2.3842e-05	3.24252e-05	130.854
577.8513	8.946	5.96814498e-11	3.81473e-06	-3.81473e-06	1.23978e-05	-46.548
579.3544	8.95	5.9708135e-11	8.58313e-06	6.67575e-06	1.04905e-05	98.13
580.859	8.954	5.973482020000001e-11	1.90736e-05	1.04905e-05	1.43052e-05	55.494
582.6176	8.958	5.976150539999999e-11	3.81473e-06	2.76567e-05	3.24252e-05	67.62
584.1044	8.962	5.978819059999999e-11	3.81473e-06	3.05178e-05	3.52862e-05	60.852
585.5916	8.966	5.981487579999999e-11	-3.43325e-05	-2.6703e-05	4.38693e-05	-145.362
587.0954	8.97	5.9841561e-11	-1.23978e-05	-1.43052e-05	1.81199e-05	-146.31
588.5996	8.974	5.98682462e-11	-1.04905e-05	5.72208e-06	2.19346e-05	163.008
590.3908	8.978	5.98949314e-11	3.81473e-06	1.04905e-05	8.58313e-06	38.658
591.8775	8.982	5.99216166e-11	3.81473e-06	2.86104e-06	8.58313e-06	43.026
593.3816	8.986	5.99483018e-11	-1.81199e-05	-4.7684e-06	1.52589e-05	180.0
595.1408	8.99	5.9974987e-11	6.67575e-06	-2.47956e-05	3.05178e-05	-70.116
596.6274	8.994	6.000167219999999e-11	2.6703e-05	-2.47956e-05	3.62399e-05	-32.124
598.0995	8.998	6.002835739999999e-11	-1.14442e-05	-2.3842e-05	2.19346e-05	-116.562
599.6027	9.002	6.00550426e-11	-2.86104e-06	2.57493e-05	2.57493e-05	105.126
601.0742	9.006	6.00817278e-11	-2.0981e-05	-9.53682e-07	1.62126e-05	-177.51
602.5927	9.01	6.0108413e-11	-4.00546e-05	2.00273e-05	4.57766e-05	152.28
604.0811	9.014	6.013509819999999e-11	-2.0981e-05	6.67575e-06	1.71663e-05	154.656
605.5675	9.018	6.01617834e-11	-2.47956e-05	-6.67575e-06	1.90736e-05	-147.528
607.0397	9.022	6.01884686e-11	2.0981e-05	-1.33515e-05	2.47956e-05	-39.804
608.5588	9.026	6.02151538e-11	-1.04905e-05	1.62126e-05	1.90736e-05	117.756
610.0465	9.03	6.0241839e-11	1.90736e-06	2.86103e-05	2.9564e-05	103.734
611.5331	9.034	6.02685242e-11	-2.76567e-05	-2.28883e-05	3.52862e-05	-139.512
613.0214	9.038	6.02952094e-11	-4.00546e-05	9.5368e-06	3.62399e-05	162.582
614.5247	9.042	6.032189459999999e-11	-2.47956e-05	0.0	2.0981e-05	-175.914
616.012	9.046	6.034857979999999e-11	1.23978e-05	4.86376e-05	5.53133e-05	71.16
617.5144	9.05	6.0375265e-11	-3.62399e-05	3.81473e-06	3.24252e-05	161.94
619.0026	9.054	6.04019502e-11	-5.81744e-05	-4.86376e-05	7.91554e-05	-144.852
620.7776	9.058	6.04286354e-11	2.86104e-06	2.57493e-05	2.86103e-05	54.606
622.2807	9.062	6.04553206e-11	5.72208e-06	2.86103e-05	2.86103e-05	62.178
623.768	9.066	6.04820058e-11	-1.14442e-05	1.71663e-05	1.90736e-05	107.82
625.2723	9.07	6.0508691e-11	-1.81199e-05	-6.67575e-06	1.62126e-05	160.56
626.8076	9.074	6.053537619999999e-11	-1.62126e-05	-2.00273e-05	3.71935e-05	-141.042
628.5508	9.078	6.056206139999999e-11	-2.6703e-05	-6.67575e-06	2.3842e-05	-147.264
630.0694	9.082	6.05887466e-11	-1.81199e-05	-3.33788e-05	3.52862e-05	-104.298
631.5567	9.086	6.06154318e-11	-6.67575e-06	1.81199e-05	1.81199e-05	84.096
633.0609	9.09	6.0642117e-11	-4.48229e-05	8.58313e-06	3.62399e-05	167.094
634.5634	9.094	6.06688022e-11	-6.67575e-06	-2.19346e-05	2.47956e-05	-137.046
636.0509	9.098	6.069548740000001e-11	-5.81744e-05	3.62399e-05	7.43871e-05	150.504
637.5374	9.102	6.07221726e-11	-6.67575e-06	8.58313e-06	8.58313e-06	129.288
639.0424	9.106	6.074885779999999e-11	-2.57493e-05	-2.28883e-05	3.52862e-05	-125.31
640.8015	9.11	6.077554299999999e-11	-2.3842e-05	-1.43052e-05	2.0981e-05	-133.602
642.3039	9.114	6.08022282e-11	-4.7684e-06	-1.62126e-05	1.81199e-05	-95.196
643.7906	9.118	6.08289134e-11	-3.14715e-05	-1.62126e-05	3.91009e-05	-157.518
645.2957	9.122	6.08555986e-11	-1.90736e-05	-7.62945e-06	3.52862e-05	-156.666
646.7825	9.126	6.08822838e-11	4.19619e-05	-1.14442e-05	4.19619e-05	-19.59
648.2705	9.13	6.0908969e-11	2.57493e-05	-1.81199e-05	3.24252e-05	-27.072
649.741	9.134	6.09356542e-11	-1.62126e-05	-9.5368e-06	1.62126e-05	-148.242
651.5012	9.138	6.09623394e-11	-2.28883e-05	2.0981e-05	3.43325e-05	146.31
653.0045	9.142	6.098902459999999e-11	9.5368e-06	1.90736e-05	2.19346e-05	81.384
654.5226	9.146	6.10157098e-11	-1.62126e-05	-1.81199e-05	2.57493e-05	-136.788
656.0098	9.15	6.1042395e-11	-2.76567e-05	1.90736e-05	3.24252e-05	146.634
657.4966	9.154	6.10690802e-11	-4.19619e-05	-1.33515e-05	4.29156e-05	-161.286
659.2729	9.158	6.109576539999999e-11	-4.00546e-05	-1.90736e-06	3.52862e-05	-162.978
660.7612	9.162	6.11224506e-11	-1.90736e-05	-2.76567e-05	2.9564e-05	-132.954
662.2481	9.166	6.11491358e-11	-3.62399e-05	-1.62126e-05	3.43325e-05	-155.058
663.7511	9.17	6.1175821e-11	-2.0981e-05	-1.62126e-05	2.19346e-05	-145.788
665.2553	9.174	6.12025062e-11	2.57493e-05	-1.62126e-05	3.14715e-05	-45.828
666.7266	9.178	6.12291914e-11	-1.62126e-05	-5.53133e-05	5.43597e-05	-100.884
668.2301	9.182	6.12558766e-11	-3.81473e-06	9.53682e-07	3.81473e-06	161.568
669.7327	9.186	6.128256179999999e-11	-1.81199e-05	4.38693e-05	4.48229e-05	90.87
671.4767	9.19	6.130924699999999e-11	-2.76567e-05	-2.47956e-05	3.71935e-05	-138.45
672.9961	9.194	6.13359322e-11	1.14442e-05	-9.53682e-07	1.04905e-05	20.556
674.4827	9.198	6.13626174e-11	-6.48503e-05	-4.48229e-05	7.53407e-05	-143.334
675.9868	9.202	6.13893026e-11	-1.33515e-05	-3.43325e-05	4.10082e-05	-116.562
677.489	9.206	6.14159878e-11	-2.57493e-05	2.00273e-05	3.52862e-05	156.798
678.9613	9.21	6.144267300000001e-11	-1.43052e-05	-2.6703e-05	2.86103e-05	-122.274
680.481	9.214	6.146935819999999e-11	-5.14986e-05	3.24252e-05	5.72207e-05	154.62
682.2393	9.218	6.149604339999999e-11	-7.05724e-05	-1.81199e-05	7.91554e-05	-165.966
683.7275	9.222	6.152272859999999e-11	-5.3406e-05	3.81473e-06	4.86376e-05	172.878
685.2149	9.226	6.15494138e-11	-3.71935e-05	2.3842e-05	3.52862e-05	131.634
686.7023	9.23	6.1576099e-11	-5.72207e-05	-2.00273e-05	5.3406e-05	-159.444
688.2216	9.234	6.16027842e-11	-3.33788e-05	-3.05178e-05	3.91009e-05	-129.936
689.7401	9.238	6.16294694e-11	-2.86104e-06	-7.62945e-06	8.58313e-06	-118.074
691.2427	9.242	6.165615460000001e-11	-3.33788e-05	-3.62399e-05	4.86376e-05	-139.992
692.7308	9.246	6.16828398e-11	-6.67575e-06	-2.76567e-05	3.05178e-05	-103.17
694.2179	9.25	6.1709525e-11	-2.86104e-06	-1.90736e-06	6.67575e-06	-151.698
695.7056	9.254	6.173621019999999e-11	-5.24523e-05	9.53682e-07	5.43597e-05	-177.174
697.2257	9.258	6.176289539999999e-11	-5.53133e-05	-1.04905e-05	5.81744e-05	-168.438
698.7439	9.262	6.17895806e-11	-3.05178e-05	-3.81473e-06	2.6703e-05	-156.612
700.247	9.266	6.18162658e-11	-1.71663e-05	2.86104e-06	2.0981e-05	163.608
701.7676	9.27	6.1842951e-11	-4.95913e-05	-3.91009e-05	5.72207e-05	-141.342
703.2703	9.274	6.186963619999999e-11	-3.81472e-05	-1.62126e-05	4.19619e-05	-158.838
704.7575	9.278	6.18963214e-11	-4.29156e-05	-2.0981e-05	3.52862e-05	-150.252
706.2776	9.282	6.19230066e-11	-2.86103e-05	-5.72207e-05	6.19893e-05	-112.248
707.7653	9.286	6.19496918e-11	-3.05178e-05	9.53682e-07	2.47956e-05	-170.79
709.2844	9.29	6.197637699999999e-11	-1.33515e-05	-7.62945e-06	1.62126e-05	-147.528
710.772	9.294	6.20030622e-11	-3.43325e-05	-2.47956e-05	4.38693e-05	-156.468
712.547	9.298	6.20297474e-11	-2.0981e-05	-1.81199e-05	3.33788e-05	-145.302
714.066	9.302	6.205643259999999e-11	-7.1526e-05	-1.04905e-05	7.24797e-05	-176.934
715.57	9.306	6.208311779999999e-11	-3.62399e-05	-6.5804e-05	7.24797e-05	-113.478
717.0727	9.31	6.2109803e-11	-6.2943e-05	7.62945e-06	6.19893e-05	170.538
718.5917	9.314	6.21364882e-11	-2.28883e-05	-4.67303e-05	5.24523e-05	-119.658
720.3516	9.318	6.21631734e-11	-6.19893e-05	-1.23978e-05	5.72207e-05	-170.88
721.8392	9.322	6.21898586e-11	-1.43052e-05	-1.62126e-05	2.00273e-05	-106.86
723.3266	9.326	6.22165438e-11	-6.8665e-05	-2.28883e-05	6.8665e-05	-162.102
725.1169	9.33	6.224322899999999e-11	-4.00546e-05	-3.81472e-05	4.76839e-05	-141.744
726.6053	9.334	6.226991419999999e-11	-1.43052e-05	-3.62399e-05	3.91009e-05	-108.714
728.1076	9.338	6.229659939999999e-11	-2.57493e-05	-3.33788e-05	4.38693e-05	-121.83
729.5959	9.342	6.23232846e-11	-4.10082e-05	-9.53682e-07	4.38693e-05	-174.288
731.0827	9.346	6.23499698e-11	-5.24523e-05	-5.24523e-05	7.05724e-05	-128.748
732.8265	9.35	6.2376655e-11	-1.04905e-05	-5.9128e-05	6.19893e-05	-91.716
734.33	9.354	6.24033402e-11	-1.81199e-05	-3.81472e-05	4.19619e-05	-115.74
735.8494	9.358	6.24300254e-11	-1.81199e-05	-3.62399e-05	3.91009e-05	-122.55
737.3527	9.362	6.245671059999999e-11	-4.86376e-05	-2.86104e-06	4.86376e-05	-175.974
738.856	9.366	6.248339579999999e-11	0.0	-7.62945e-06	1.14442e-05	-109.98
740.3426	9.37	6.251008099999999e-11	-6.00817e-05	-7.62945e-06	5.9128e-05	-172.626
741.8467	9.374	6.25367662e-11	-1.62126e-05	-1.71663e-05	2.28883e-05	-131.496
743.6061	9.378	6.25634514e-11	-3.05178e-05	2.19346e-05	3.52862e-05	138.012
745.0926	9.382	6.25901366e-11	-9.5368e-06	-4.7684e-06	1.23978e-05	174.558
746.5808	9.386	6.261682179999999e-11	2.86103e-05	-2.00273e-05	3.71935e-05	-32.322
748.1002	9.39	6.2643507e-11	5.43597e-05	-9.5368e-06	5.6267e-05	-14.706
749.6195	9.394	6.26701922e-11	2.6703e-05	1.52589e-05	3.43325e-05	34.566
751.1389	9.398	6.26968774e-11	4.57766e-05	8.58313e-06	4.38693e-05	15.336
752.6575	9.402	6.272356259999999e-11	5.72207e-05	-9.5368e-06	5.24523e-05	-12.042
754.1771	9.406	6.27502478e-11	0.000107766	4.19619e-05	0.000113488	20.07
755.9203	9.41	6.2776933e-11	0.000139237	8.77385e-05	0.000159265	33.822
757.4399	9.414	6.28036182e-11	0.000170709	4.57766e-05	0.000183106	12.906
758.9427	9.418	6.283030339999999e-11	0.00020218	7.05724e-05	0.000209809	19.254
760.4778	9.422	6.28569886e-11	0.000217439	5.43597e-05	0.000227929	15.486
761.9975	9.426	6.28836738e-11	0.000269892	8.96459e-05	0.000280382	19.176
763.7555	9.43	6.2910359e-11	0.000289919	9.72752e-05	0.000300409	19.284
765.261	9.434	6.29370442e-11	0.000298502	9.25069e-05	0.000320436	17.256
766.7643	9.438	6.29637294e-11	0.000374796	0.000121117	0.00038624	18.78
768.2826	9.442	6.29904146e-11	0.000420572	0.000167848	0.000438692	23.028
769.7539	9.446	6.301709979999999e-11	0.000424387	0.000169755	0.000460627	21.846
771.2424	9.45	6.304378499999999e-11	0.000435831	0.000223161	0.000490192	26.598
772.7131	9.454	6.30704702e-11	0.0004921	0.000226022	0.000539783	24.816
774.5052	9.458	6.30971554e-11	0.000462534	0.000219346	0.000512127	26.196
775.9925	9.462	6.31238406e-11	0.000477793	0.000247957	0.00053883	27.45
777.4958	9.466	6.31505258e-11	0.000472071	0.000249865	0.000530247	28.146
779.0152	9.47	6.317721100000001e-11	0.000481607	0.000263216	0.000533108	29.502
780.5176	9.474	6.320389619999999e-11	0.000417711	0.000262262	0.000501636	31.626
782.2775	9.478	6.323058139999999e-11	0.00035	0.000284197	0.000444414	39.708
783.7812	9.482	6.325726659999999e-11	0.000291826	0.000267031	0.000394823	42.33
785.2844	9.486	6.32839518e-11	0.000236512	0.000262262	0.00035	47.856
786.7718	9.49	6.3310637e-11	0.000104905	0.000192643	0.000216485	62.724
788.2427	9.494	6.33373222e-11	1.43052e-05	0.000168801	0.000169755	82.566
789.7306	9.498	6.33640074e-11	-0.000121117	0.000125886	0.000171662	134.37
791.2173	9.502	6.33906926e-11	-0.000180245	5.81744e-05	0.000190736	162.636
792.7213	9.506	6.34173778e-11	-0.000270845	1.04905e-05	0.000277521	178.218
794.4806	9.51	6.344406299999999e-11	-0.000302317	-4.67303e-05	0.000306131	-171.744
795.9829	9.514	6.347074819999999e-11	-0.000393869	-6.77113e-05	0.000402452	-170.166
797.4873	9.518	6.34974334e-11	-0.000402452	-0.000109673	0.000413897	-163.902
798.9907	9.522	6.35241186e-11	-0.000411035	-0.00017357	0.00043297	-155.52
800.5093	9.526	6.35508038e-11	-0.000420572	-0.000250818	0.000485422	-149.568
802.0127	9.53	6.357748899999999e-11	-0.000384333	-0.000206948	0.000441553	-151.968
803.5327	9.534	6.36041742e-11	-0.000272753	-0.000215531	0.00035763	-143.862
805.323	9.538	6.36308594e-11	-0.00027466	-0.000226022	0.00035	-140.49
806.8426	9.542	6.36575446e-11	-0.000180245	-0.000232697	0.000291826	-128.412
808.3467	9.546	6.368422979999999e-11	-0.000124932	-0.000190736	0.000229836	-125.46
809.8502	9.55	6.3710915e-11	-8.01091e-05	-0.000210763	0.000221253	-110.676
811.3527	9.554	6.37376002e-11	-5.81744e-05	-0.000164987	0.000174523	-110.658
813.1442	9.558	6.37642854e-11	2.3842e-05	-0.00013733	0.000136376	-81.234
814.6321	9.562	6.379097059999999e-11	4.38693e-05	-8.67848e-05	9.34605e-05	-66.75
816.1356	9.566	6.38176558e-11	5.14986e-05	-3.81472e-05	6.67577e-05	-42.648
817.6069	9.57	6.3844341e-11	5.72207e-05	9.5368e-06	5.81744e-05	16.392
819.0924	9.574	6.38710262e-11	4.19619e-05	4.29156e-05	5.81744e-05	46.848
820.8846	9.578	6.38977114e-11	-8.58313e-06	1.62126e-05	2.00273e-05	137.604
822.3889	9.582	6.39243966e-11	0.0	3.52862e-05	3.71935e-05	83.454
823.8907	9.586	6.39510818e-11	2.0981e-05	3.05178e-05	3.33788e-05	72.648
825.651	9.59	6.397776699999999e-11	-3.62399e-05	7.53407e-05	8.39238e-05	119.862
827.1389	9.594	6.400445219999999e-11	-9.53682e-07	3.24252e-05	3.24252e-05	90.0
828.6413	9.598	6.40311374e-11	-1.81199e-05	2.00273e-05	2.86103e-05	125.094
830.1127	9.602	6.40578226e-11	8.58313e-06	0.0	6.67575e-06	45.0
831.6327	9.606	6.40845078e-11	-2.86104e-06	5.72208e-06	8.58313e-06	118.074
833.3921	9.61	6.4111193e-11	-2.28883e-05	-3.05178e-05	3.33788e-05	-103.494
834.8955	9.614	6.413787820000001e-11	8.58313e-06	-3.14715e-05	3.14715e-05	-62.88
836.4138	9.618	6.416456339999999e-11	1.33515e-05	-1.04905e-05	6.67575e-06	7.122
837.9176	9.622	6.419124859999999e-11	-3.14715e-05	-4.29156e-05	5.9128e-05	-122.658
839.4056	9.626	6.421793379999999e-11	5.43597e-05	-3.33788e-05	6.19893e-05	-33.18
840.9089	9.63	6.4244619e-11	3.71935e-05	-3.33788e-05	5.0545e-05	-37.164
842.4124	9.634	6.42713042e-11	-1.33515e-05	9.5368e-06	1.71663e-05	135.0
843.8997	9.638	6.42979894e-11	7.62945e-06	4.48229e-05	4.86376e-05	74.682
845.3873	9.642	6.43246746e-11	-3.33788e-05	2.3842e-05	3.24252e-05	128.088
846.9056	9.646	6.43513598e-11	-4.86376e-05	-1.04905e-05	4.95913e-05	-164.052
848.3927	9.65	6.4378045e-11	-3.71935e-05	3.05178e-05	4.76839e-05	140.094
849.8972	9.654	6.44047302e-11	-0.00012684	-3.14715e-05	0.000121117	-164.052
851.6565	9.658	6.443141539999999e-11	-5.81744e-05	5.72208e-06	5.6267e-05	168.288
853.1588	9.662	6.44581006e-11	-7.1526e-05	1.52589e-05	7.05724e-05	168.366
854.6627	9.666	6.44847858e-11	-6.2943e-05	-4.7684e-06	5.9128e-05	178.668
856.4224	9.67	6.4511471e-11	-1.81199e-05	9.5368e-06	2.00273e-05	147.804
857.9417	9.674	6.453815619999999e-11	-1.90736e-05	-3.81472e-05	4.38693e-05	-113.202
859.4279	9.678	6.45648414e-11	-2.19346e-05	1.90736e-06	2.28883e-05	-176.904
860.9319	9.682	6.45915266e-11	5.72208e-06	-3.62399e-05	3.52862e-05	-95.196
862.4198	9.686	6.46182118e-11	-2.86104e-06	5.72208e-06	2.86104e-06	-11.31
864.1787	9.69	6.4644897e-11	2.6703e-05	-3.81473e-06	2.57493e-05	-18.432
865.6824	9.694	6.46715822e-11	4.19619e-05	-6.67575e-06	3.91009e-05	-3.012
867.1858	9.698	6.46982674e-11	1.52589e-05	1.04905e-05	1.23978e-05	68.196
868.6727	9.702	6.472495259999999e-11	-1.81199e-05	2.9564e-05	3.71935e-05	116.13
870.1916	9.706	6.475163779999999e-11	-5.3406e-05	1.90736e-05	5.81744e-05	154.902
871.6958	9.71	6.4778323e-11	-3.33788e-05	2.19346e-05	4.57766e-05	159.252
873.1985	9.714	6.48050082e-11	-8.20165e-05	1.04905e-05	7.24797e-05	169.344
874.9576	9.718	6.48316934e-11	-9.53679e-05	2.0981e-05	9.72752e-05	165.78
876.4459	9.722	6.48583786e-11	-0.000128747	1.62126e-05	0.000132562	170.586
877.9492	9.726	6.488506380000001e-11	-0.000117302	9.53682e-07	0.000108719	177.498
879.4197	9.73	6.4911749e-11	-9.63216e-05	-1.90736e-05	9.05995e-05	-164.52
880.9076	9.734	6.493843419999999e-11	-5.6267e-05	-3.43325e-05	6.19893e-05	-148.194
882.6673	9.738	6.496511939999999e-11	-9.25069e-05	-4.48229e-05	0.000100136	-155.49
884.1696	9.742	6.49918046e-11	-6.77113e-05	-5.6267e-05	8.39238e-05	-141.126
885.6901	9.746	6.50184898e-11	-3.52862e-05	-4.86376e-05	5.43597e-05	-128.322
887.4494	9.75	6.5045175e-11	-2.86104e-06	-4.86376e-05	4.76839e-05	-85.098
888.9678	9.754	6.50718602e-11	1.14442e-05	-1.90736e-05	2.86103e-05	-37.566
890.4717	9.758	6.50985454e-11	3.81472e-05	-4.10082e-05	5.53133e-05	-40.278
891.9915	9.762	6.51252306e-11	4.10082e-05	-9.53682e-07	4.86376e-05	8.856
893.4948	9.766	6.515191579999999e-11	2.47956e-05	-1.71663e-05	3.52862e-05	-26.112
895.2373	9.77	6.517860099999999e-11	4.38693e-05	-1.14442e-05	4.95913e-05	-10.44
896.7416	9.774	6.520528619999999e-11	7.05724e-05	1.23978e-05	7.1526e-05	14.034
898.2282	9.778	6.52319714e-11	6.77113e-05	4.48229e-05	8.86922e-05	30.258
899.7324	9.782	6.52586566e-11	5.14986e-05	2.76567e-05	6.38966e-05	23.664
901.235	9.786	6.52853418e-11	8.67848e-05	5.9128e-05	9.82289e-05	38.784
902.707	9.79	6.531202699999999e-11	7.91554e-05	4.19619e-05	8.67848e-05	26.766
904.21	9.794	6.53387122e-11	1.14442e-05	5.72207e-05	5.72207e-05	76.956
905.9526	9.798	6.53653974e-11	1.52589e-05	6.48503e-05	6.5804e-05	79.026
907.4572	9.802	6.53920826e-11	-2.47956e-05	1.90736e-05	3.14715e-05	130.236
908.9605	9.806	6.541876779999999e-11	-2.9564e-05	7.1526e-05	7.82018e-05	110.106
910.4624	9.81	6.5445453e-11	-3.52862e-05	3.33788e-05	4.67303e-05	137.292
911.9349	9.814	6.54721382e-11	-4.67303e-05	4.7684e-06	4.57766e-05	173.478
913.6945	9.818	6.549882339999999e-11	-6.48503e-05	2.47956e-05	6.48503e-05	163.476
915.165	9.822	6.552550859999999e-11	-4.67303e-05	2.19346e-05	5.0545e-05	153.78
916.6683	9.826	6.55521938e-11	-5.43597e-05	-9.53682e-07	6.10356e-05	-175.788
918.4275	9.83	6.5578879e-11	-2.0981e-05	-3.05178e-05	3.52862e-05	-124.902
919.9318	9.834	6.56055642e-11	-2.86103e-05	-3.62399e-05	4.86376e-05	-127.662
921.4352	9.838	6.56322494e-11	-4.10082e-05	-1.62126e-05	3.52862e-05	-158.196
922.9375	9.842	6.56589346e-11	-2.28883e-05	-1.71663e-05	2.86103e-05	-141.546
924.426	9.846	6.568561979999999e-11	-3.33788e-05	-1.33515e-05	3.05178e-05	-165.648
926.185	9.85	6.571230499999999e-11	2.86104e-06	-6.67577e-05	6.5804e-05	-83.784
927.6876	9.854	6.573899019999999e-11	3.81473e-06	-2.28883e-05	2.19346e-05	-101.976
929.1755	9.858	6.57656754e-11	2.28883e-05	-2.9564e-05	3.24252e-05	-49.398
930.6627	9.862	6.57923606e-11	3.24252e-05	-4.57766e-05	5.53133e-05	-57.06
932.1665	9.866	6.58190458e-11	5.72208e-06	-1.43052e-05	1.52589e-05	-66.798
933.6688	9.87	6.5845731e-11	4.00546e-05	-3.81473e-06	4.57766e-05	0.798
935.1571	9.874	6.58724162e-11	1.52589e-05	3.91009e-05	3.91009e-05	71.244
936.9168	9.878	6.589910139999999e-11	-2.3842e-05	1.62126e-05	2.6703e-05	138.942
938.4026	9.882	6.592578659999999e-11	1.33515e-05	9.53682e-07	1.71663e-05	-5.904
939.907	9.886	6.595247179999999e-11	0.0	3.91009e-05	3.91009e-05	85.074
941.3788	9.89	6.5979157e-11	-4.7684e-06	3.52862e-05	3.24252e-05	70.77
942.8662	9.894	6.60058422e-11	-2.0981e-05	-9.53682e-07	2.0981e-05	-170.838
944.6236	9.898	6.60325274e-11	-2.86104e-06	4.48229e-05	4.19619e-05	98.82
946.1121	9.902	6.60592126e-11	3.81473e-06	-4.38693e-05	4.19619e-05	-76.188
947.5996	9.906	6.60858978e-11	-1.71663e-05	4.95913e-05	5.53133e-05	115.692
949.3427	9.91	6.6112583e-11	5.72207e-05	2.6703e-05	6.19893e-05	25.71
950.831	9.914	6.613926819999999e-11	-1.43052e-05	-2.9564e-05	2.9564e-05	-109.29
952.3175	9.918	6.616595339999999e-11	-1.23978e-05	-1.81199e-05	2.86103e-05	-131.634
953.7897	9.922	6.61926386e-11	-1.33515e-05	1.52589e-05	1.90736e-05	136.47
955.276	9.926	6.62193238e-11	2.86104e-06	4.29156e-05	4.38693e-05	88.236
957.0523	9.93	6.6246009e-11	3.14715e-05	1.90736e-05	4.38693e-05	23.532
958.5555	9.934	6.627269419999999e-11	5.0545e-05	1.04905e-05	3.71935e-05	18.822
960.0747	9.938	6.62993794e-11	1.33515e-05	4.76839e-05	5.0545e-05	86.424
961.5611	9.942	6.63260646e-11	0.000112534	7.62945e-06	0.000107766	5.49
963.0481	9.946	6.63527498e-11	1.14442e-05	4.67303e-05	4.86376e-05	74.814
964.5369	9.95	6.6379435e-11	-2.00273e-05	2.19346e-05	2.0981e-05	120.582
966.0239	9.954	6.64061202e-11	1.04905e-05	5.9128e-05	5.9128e-05	88.71
967.7991	9.958	6.64328054e-11	-3.14715e-05	7.62945e-06	2.86103e-05	161.994
969.2863	9.962	6.645949059999999e-11	-9.53682e-07	1.14442e-05	1.23978e-05	107.526
970.7743	9.966	6.648617579999999e-11	7.62945e-06	2.9564e-05	2.9564e-05	91.302
972.2618	9.97	6.6512861e-11	-1.90736e-06	-1.81199e-05	1.62126e-05	-121.428
973.7492	9.974	6.65395462e-11	-4.86376e-05	0.0	4.19619e-05	173.232
975.5235	9.978	6.65662314e-11	-2.47956e-05	2.28883e-05	3.62399e-05	141.498
977.0427	9.982	6.65929166e-11	-5.24523e-05	2.86103e-05	6.19893e-05	158.43
978.5311	9.986	6.66196018e-11	-4.67303e-05	1.23978e-05	4.10082e-05	160.944
980.2904	9.99	6.664628699999999e-11	-4.00546e-05	0.0	3.91009e-05	-176.31
981.8097	9.994	6.667297219999999e-11	-1.23978e-05	1.62126e-05	2.19346e-05	133.728
983.2973	9.998	6.669965739999999e-11	-5.3406e-05	1.90736e-06	5.14986e-05	173.502
984.8005	10.002	6.67263426e-11	-1.62126e-05	-7.1526e-05	7.62944e-05	-105.696
986.3192	10.006	6.67530278e-11	-3.43325e-05	-4.95913e-05	5.53133e-05	-135.0
988.0621	10.01	6.6779713e-11	-4.00546e-05	-2.00273e-05	3.71935e-05	-155.922
989.5506	10.014	6.68063982e-11	-4.95913e-05	-4.48229e-05	6.77113e-05	-140.052
991.0529	10.018	6.68330834e-11	-2.0981e-05	-6.67575e-06	2.6703e-05	-170.958
992.5406	10.022	6.68597686e-11	-1.04905e-05	-2.00273e-05	2.47956e-05	-137.046
994.0446	10.026	6.688645379999999e-11	1.62126e-05	1.23978e-05	2.19346e-05	37.878
995.5476	10.03	6.691313899999999e-11	2.19346e-05	-1.33515e-05	2.00273e-05	-27.474
997.0513	10.034	6.69398242e-11	1.43052e-05	-9.5368e-06	2.00273e-05	-16.698
998.8098	10.038	6.69665094e-11	4.10082e-05	-2.28883e-05	5.0545e-05	-23.298
1000.2973	10.042	6.69931946e-11	5.72207e-05	2.9564e-05	5.53133e-05	27.528
1001.8011	10.046	6.70198798e-11	4.76839e-05	2.57493e-05	5.24523e-05	22.728
1003.2866	10.05	6.7046565e-11	9.91826e-05	-1.81199e-05	0.000105858	-11.166
1004.7742	10.054	6.70732502e-11	6.19893e-05	2.76567e-05	7.05724e-05	26.328
1006.5352	10.058	6.70999354e-11	5.9128e-05	8.58313e-06	5.53133e-05	3.534
1008.0225	10.062	6.712662059999999e-11	4.29156e-05	8.58313e-06	4.29156e-05	19.536
1009.5099	10.066	6.71533058e-11	3.81472e-05	3.05178e-05	5.43597e-05	35.778
1011.0127	10.07	6.7179991e-11	5.72208e-06	3.52862e-05	3.91009e-05	66.912
1012.5007	10.074	6.72066762e-11	3.52862e-05	2.86103e-05	4.19619e-05	53.496
1014.2759	10.078	6.723336139999999e-11	-1.04905e-05	4.48229e-05	4.57766e-05	90.798
1015.7619	10.082	6.72600466e-11	-2.00273e-05	2.19346e-05	3.14715e-05	128.832
1017.2345	10.086	6.72867318e-11	-3.91009e-05	2.00273e-05	3.71935e-05	143.808
1018.9926	10.09	6.7313417e-11	-8.67848e-05	-2.86104e-06	8.77385e-05	-172.77
1020.4805	10.094	6.73401022e-11	-5.0545e-05	-2.86104e-06	5.3406e-05	-173.13
1021.9676	10.098	6.73667874e-11	-8.20165e-05	0.0	7.91554e-05	175.674
1023.4401	10.102	6.73934726e-11	-7.62944e-05	-4.29156e-05	8.96459e-05	-146.766
1024.9426	10.106	6.742015779999999e-11	-5.53133e-05	-6.2943e-05	8.10628e-05	-130.704
1026.7176	10.11	6.744684299999999e-11	-2.0981e-05	-5.81744e-05	6.19893e-05	-116.016
1028.206	10.114	6.74735282e-11	-3.33788e-05	-5.3406e-05	5.81744e-05	-116.262
1029.6927	10.118	6.75002134e-11	2.57493e-05	-1.71663e-05	2.28883e-05	-51.954
1031.1959	10.122	6.75268986e-11	2.3842e-05	-3.14715e-05	4.00546e-05	-41.55
1032.6841	10.126	6.75535838e-11	3.71935e-05	-2.19346e-05	4.00546e-05	-30.114
1034.1876	10.13	6.758026900000001e-11	2.9564e-05	-3.43325e-05	4.67303e-05	-45.57
1035.6749	10.134	6.760695419999999e-11	4.57766e-05	-3.14715e-05	5.14986e-05	-45.516
1037.4339	10.138	6.763363939999999e-11	2.57493e-05	-2.28883e-05	3.71935e-05	-37.452
1038.9215	10.142	6.766032459999999e-11	3.91009e-05	-6.67575e-06	4.57766e-05	-16.698
1040.408	10.146	6.76870098e-11	1.52589e-05	6.96187e-05	7.34334e-05	71.73
1041.8963	10.15	6.7713695e-11	4.19619e-05	1.52589e-05	4.19619e-05	24.06
1043.3996	10.154	6.77403802e-11	8.58313e-06	5.24523e-05	6.10356e-05	77.664
1045.1589	10.158	6.77670654e-11	1.52589e-05	5.81744e-05	6.10356e-05	73.302
1046.6609	10.162	6.77937506e-11	1.90736e-06	1.71663e-05	1.81199e-05	117.474
1048.1327	10.166	6.78204358e-11	-2.86103e-05	2.00273e-05	3.05178e-05	145.224
1049.8921	10.17	6.7847121e-11	-6.67575e-06	4.38693e-05	4.86376e-05	95.064
1051.4122	10.174	6.787380619999999e-11	-7.62945e-06	4.76839e-05	4.76839e-05	98.454
1052.9157	10.178	6.79004914e-11	-2.86103e-05	2.76567e-05	4.29156e-05	155.034
1054.4191	10.182	6.79271766e-11	-4.48229e-05	4.7684e-06	4.38693e-05	-177.36
1055.9224	10.186	6.79538618e-11	2.86104e-06	6.00817e-05	5.9128e-05	78.426
1057.6648	10.19	6.798054699999999e-11	-2.47956e-05	2.00273e-05	3.91009e-05	150.138
1059.1527	10.194	6.80072322e-11	-8.58313e-06	-1.90736e-06	1.62126e-05	174.096
1060.6392	10.198	6.80339174e-11	-1.62126e-05	2.86104e-06	2.00273e-05	166.374
1062.1422	10.202	6.80606026e-11	-4.7684e-06	-2.86104e-06	5.72208e-06	167.904
1063.6131	10.206	6.80872878e-11	-1.33515e-05	5.72208e-06	1.71663e-05	-174.288
1065.0851	10.21	6.8113973e-11	1.62126e-05	-2.76567e-05	2.86103e-05	-59.034
1066.5727	10.214	6.81406582e-11	8.58313e-06	-3.24252e-05	3.52862e-05	-65.724
1068.3324	10.218	6.81673434e-11	-1.14442e-05	-8.58313e-06	1.52589e-05	180.0
1069.8677	10.222	6.819402859999999e-11	6.67575e-06	-2.76567e-05	2.47956e-05	-105.522
1071.3868	10.226	6.82207138e-11	-2.47956e-05	-3.62399e-05	4.57766e-05	-136.146
1072.891	10.23	6.8247399e-11	-7.62945e-06	4.7684e-06	6.67575e-06	98.748
1074.3939	10.234	6.82740842e-11	-2.19346e-05	0.0	2.57493e-05	178.668
1076.1526	10.238	6.83007694e-11	2.6703e-05	-3.14715e-05	3.91009e-05	-49.086
1077.6564	10.242	6.832745460000001e-11	-1.71663e-05	3.52862e-05	4.57766e-05	133.332
1079.1439	10.246	6.83541398e-11	-3.14715e-05	2.3842e-05	3.91009e-05	137.07
1080.9027	10.25	6.838082499999999e-11	-2.47956e-05	1.52589e-05	3.24252e-05	150.948
1082.4227	10.254	6.840751019999999e-11	-2.28883e-05	3.91009e-05	4.48229e-05	127.206
1083.9096	10.258	6.843419539999999e-11	-2.6703e-05	6.67575e-06	2.28883e-05	-165.582
1085.4296	10.262	6.84608806e-11	-2.9564e-05	-4.29156e-05	4.57766e-05	-112.62
1086.9327	10.266	6.84875658e-11	1.90736e-05	1.90736e-05	3.14715e-05	37.092
1088.7074	10.27	6.8514251e-11	1.71663e-05	1.23978e-05	2.57493e-05	38.886
1090.2115	10.274	6.85409362e-11	1.52589e-05	-2.9564e-05	3.05178e-05	-71.148
1091.6989	10.278	6.85676214e-11	-9.5368e-06	-2.00273e-05	1.71663e-05	-109.176
1093.1855	10.282	6.859430659999999e-11	-2.00273e-05	-2.86104e-06	2.00273e-05	168.024
1094.6726	10.286	6.862099179999999e-11	0.0	1.43052e-05	1.23978e-05	90.0
1096.161	10.29	6.864767699999999e-11	9.5368e-06	-3.33788e-05	3.24252e-05	-88.83
1097.6475	10.294	6.86743622e-11	1.81199e-05	-2.6703e-05	3.71935e-05	-35.538
1099.4062	10.298	6.87010474e-11	1.52589e-05	2.19346e-05	2.47956e-05	64.134
1100.9265	10.302	6.87277326e-11	1.04905e-05	-5.72208e-06	1.04905e-05	-77.472
1102.4145	10.306	6.875441779999999e-11	5.72208e-06	-2.47956e-05	2.57493e-05	-94.398
1103.9176	10.31	6.8781103e-11	-3.81473e-06	1.90736e-06	9.53682e-07	-45.0
1105.4213	10.314	6.88077882e-11	-3.43325e-05	-3.81473e-06	3.52862e-05	-173.418
1107.1805	10.318	6.883447339999999e-11	-1.62126e-05	-3.05178e-05	2.57493e-05	-98.364
1108.6676	10.322	6.886115859999999e-11	2.57493e-05	1.23978e-05	3.24252e-05	35.538
1110.1873	10.326	6.88878438e-11	4.38693e-05	0.0	4.48229e-05	1.764
1111.9623	10.33	6.8914529e-11	8.58313e-06	3.91009e-05	4.00546e-05	84.384
1113.4498	10.334	6.894121419999999e-11	4.10082e-05	-4.7684e-06	3.52862e-05	-12.408
1114.9363	10.338	6.896789939999999e-11	2.3842e-05	4.57766e-05	5.24523e-05	60.876
1116.4239	10.342	6.89945846e-11	-4.76839e-05	2.28883e-05	5.24523e-05	147.918
1117.9118	10.346	6.90212698e-11	-2.86104e-06	-2.0981e-05	1.43052e-05	-77.904
1119.6708	10.35	6.9047955e-11	1.62126e-05	3.05178e-05	3.33788e-05	49.026
1121.1896	10.354	6.90746402e-11	-2.00273e-05	4.38693e-05	4.57766e-05	111.642
1122.6931	10.358	6.91013254e-11	4.7684e-06	2.86104e-06	1.14442e-05	-9.864
1124.1959	10.362	6.912801059999999e-11	-1.14442e-05	1.71663e-05	2.76567e-05	140.964
1125.6681	10.366	6.915469579999999e-11	4.76839e-05	3.33788e-05	5.6267e-05	35.052
1127.156	10.37	6.918138099999999e-11	-7.62945e-06	-2.86104e-06	1.14442e-05	-144.78
1128.6582	10.374	6.92080662e-11	-6.67575e-06	-2.86104e-06	1.23978e-05	-170.538
1130.4177	10.378	6.92347514e-11	3.14715e-05	8.58313e-06	3.43325e-05	7.524
1131.9372	10.382	6.92614366e-11	0.0	-3.81472e-05	3.52862e-05	-74.652
1133.4251	10.386	6.92881218e-11	9.53682e-07	2.28883e-05	2.57493e-05	62.244
1134.9275	10.39	6.9314807e-11	-4.7684e-06	-2.28883e-05	2.57493e-05	-105.75
1136.3998	10.394	6.934149219999999e-11	3.05178e-05	-1.81199e-05	3.62399e-05	-24.18
1138.1426	10.398	6.936817739999999e-11	-9.5368e-06	1.90736e-06	1.33515e-05	172.566
1139.6304	10.402	6.939486259999999e-11	-1.33515e-05	-1.14442e-05	3.33788e-05	-147.678
1141.1169	10.406	6.94215478e-11	2.28883e-05	-1.33515e-05	2.9564e-05	-33.366
1142.909	10.41	6.9448233e-11	-4.57766e-05	-1.62126e-05	5.3406e-05	-164.556
1144.4125	10.414	6.94749182e-11	-7.62945e-06	-2.28883e-05	2.57493e-05	-127.146
1145.9159	10.418	6.95016034e-11	-2.57493e-05	8.58313e-06	3.33788e-05	-174.402
1147.4353	10.422	6.95282886e-11	-3.05178e-05	1.43052e-05	3.52862e-05	137.418
1148.9375	10.426	6.95549738e-11	-4.67303e-05	-3.81473e-06	4.48229e-05	-163.938
1150.6817	10.43	6.958165899999999e-11	-3.33788e-05	3.24252e-05	4.57766e-05	140.946
1152.1681	10.434	6.960834419999999e-11	-2.76567e-05	-1.14442e-05	3.24252e-05	-160.2
1153.6566	10.438	6.96350294e-11	-4.67303e-05	-2.6703e-05	5.14986e-05	-146.106
1155.1432	10.442	6.96617146e-11	3.05178e-05	1.90736e-05	3.24252e-05	36.432
1156.6305	10.446	6.96883998e-11	-1.14442e-05	-2.76567e-05	3.05178e-05	-97.818
1158.1178	10.45	6.971508499999999e-11	3.81473e-06	1.52589e-05	1.52589e-05	63.438
1159.5901	10.454	6.97417702e-11	0.0	-9.53682e-07	7.62945e-06	3.18
1161.3653	10.458	6.97684554e-11	2.19346e-05	5.72208e-06	2.86103e-05	6.984
1162.8514	10.462	6.97951406e-11	1.71663e-05	9.5368e-06	1.81199e-05	50.442
1164.3391	10.466	6.982182579999999e-11	2.19346e-05	1.23978e-05	2.00273e-05	36.468
1165.8267	10.47	6.9848511e-11	1.90736e-05	-1.33515e-05	2.3842e-05	-33.276
1167.3307	10.474	6.98751962e-11	3.43325e-05	8.58313e-06	3.62399e-05	-0.99
1169.0901	10.478	6.990188139999999e-11	9.5368e-06	-1.33515e-05	1.52589e-05	-50.526
1170.5919	10.482	6.992856659999999e-11	2.19346e-05	3.81473e-06	1.43052e-05	17.352
1172.0797	10.486	6.99552518e-11	1.23978e-05	1.71663e-05	1.90736e-05	52.596
1173.872	10.49	6.9981937e-11	6.67575e-06	8.58313e-06	4.7684e-06	169.692
1175.3594	10.494	7.00086222e-11	3.62399e-05	5.72208e-06	3.52862e-05	1.062
1176.8468	10.498	7.00353074e-11	-7.62945e-06	2.6703e-05	2.9564e-05	111.57
1178.3339	10.502	7.00619926e-11	2.19346e-05	-4.7684e-06	2.57493e-05	-16.554
1179.8196	10.506	7.008867779999999e-11	-4.19619e-05	8.58313e-06	4.19619e-05	168.156
1181.5808	10.51	7.011536299999999e-11	-3.14715e-05	2.6703e-05	3.91009e-05	135.0
1183.0676	10.514	7.014204819999999e-11	-8.29701e-05	-1.71663e-05	7.82018e-05	-162.648
1184.5541	10.518	7.01687334e-11	-9.5368e-06	1.23978e-05	1.52589e-05	111.372
1186.0738	10.522	7.01954186e-11	-8.58313e-06	-9.5368e-06	1.23978e-05	-177.138
1187.5776	10.526	7.02221038e-11	-1.04905e-05	-2.3842e-05	2.57493e-05	-113.55
1189.0816	10.53	7.0248789e-11	-2.47956e-05	-4.57766e-05	4.86376e-05	-116.916
1190.5849	10.534	7.027547420000001e-11	-9.5368e-06	9.53682e-07	1.23978e-05	-152.358
1192.3425	10.538	7.030215939999999e-11	2.57493e-05	-7.62945e-06	2.9564e-05	-6.204
1193.8314	10.542	7.032884459999999e-11	1.62126e-05	0.0	1.90736e-05	-1.848
1195.3341	10.546	7.035552979999999e-11	1.62126e-05	-6.67575e-06	1.33515e-05	-21.252
1196.8223	10.55	7.0382215e-11	-1.62126e-05	1.90736e-06	1.90736e-05	158.55
1198.3095	10.554	7.04089002e-11	2.6703e-05	4.38693e-05	5.14986e-05	61.8
1200.0839	10.558	7.04355854e-11	8.58313e-06	8.58313e-06	1.62126e-05	-9.78
1201.5721	10.562	7.04622706e-11	-2.3842e-05	-4.00546e-05	4.48229e-05	-125.64
1203.0595	10.566	7.04889558e-11	3.05178e-05	-1.90736e-06	2.6703e-05	3.012
1204.5468	10.57	7.0515641e-11	-4.7684e-06	2.19346e-05	2.57493e-05	117.15
1206.0339	10.574	7.05423262e-11	1.52589e-05	-1.33515e-05	2.6703e-05	-27.696
1207.8091	10.578	7.056901139999999e-11	3.24252e-05	4.57766e-05	5.3406e-05	56.526
1209.2959	10.582	7.05956966e-11	1.52589e-05	-3.81473e-06	1.71663e-05	-32.622
1210.7839	10.586	7.06223818e-11	1.62126e-05	1.90736e-06	1.52589e-05	-9.864
1212.5754	10.59	7.0649067e-11	9.53682e-07	-4.7684e-06	8.58313e-06	-64.656
1214.0778	10.594	7.067575219999999e-11	-1.81199e-05	3.91009e-05	3.81472e-05	114.624
1215.5662	10.598	7.07024374e-11	2.19346e-05	2.6703e-05	3.33788e-05	54.21
1217.0527	10.602	7.07291226e-11	1.33515e-05	-1.33515e-05	1.62126e-05	-78.69
1218.556	10.606	7.07558078e-11	9.53682e-07	7.62945e-06	9.5368e-06	101.886
1220.3306	10.61	7.0782493e-11	5.72208e-06	1.23978e-05	1.23978e-05	63.438
1221.8195	10.614	7.08091782e-11	1.04905e-05	1.90736e-06	4.7684e-06	-18.432
1223.3068	10.618	7.08358634e-11	-3.81473e-06	2.86104e-06	3.81473e-06	60.252
1224.7942	10.622	7.086254859999999e-11	1.33515e-05	2.47956e-05	3.05178e-05	61.296
1226.2816	10.626	7.088923379999999e-11	1.23978e-05	9.5368e-06	1.04905e-05	101.31
1227.7676	10.63	7.0915919e-11	-2.00273e-05	-4.7684e-06	2.0981e-05	169.38
1229.2388	10.634	7.09426042e-11	-5.72207e-05	-4.7684e-06	5.6267e-05	-176.55
1230.9996	10.638	7.09692894e-11	6.67575e-06	1.71663e-05	1.90736e-05	101.976
1232.5026	10.642	7.09959746e-11	-3.52862e-05	4.95913e-05	5.53133e-05	123.894
1233.9904	10.646	7.102265980000001e-11	-1.04905e-05	4.19619e-05	4.38693e-05	109.98
1235.4926	10.65	7.104934499999999e-11	3.62399e-05	2.57493e-05	4.38693e-05	28.608
1236.9801	10.654	7.107603019999999e-11	2.76567e-05	4.7684e-06	3.33788e-05	0.0
1238.7563	10.658	7.110271539999999e-11	-2.0981e-05	-2.9564e-05	3.24252e-05	-123.69
1240.2597	10.662	7.11294006e-11	-1.33515e-05	-1.81199e-05	1.23978e-05	-109.98
1241.7791	10.666	7.11560858e-11	-9.53682e-07	-5.72208e-06	1.04905e-05	-138.816
1243.5529	10.67	7.1182771e-11	-1.43052e-05	-2.6703e-05	2.76567e-05	-90.0
1245.0576	10.674	7.12094562e-11	-1.33515e-05	1.81199e-05	1.90736e-05	110.556
1246.5598	10.678	7.12361414e-11	8.58313e-06	2.19346e-05	2.57493e-05	86.1
1248.0325	10.682	7.12628266e-11	0.0	-2.86104e-06	4.7684e-06	-33.69
1249.5359	10.686	7.128951179999999e-11	-2.57493e-05	-3.14715e-05	4.29156e-05	-128.796
1251.3106	10.69	7.131619699999999e-11	3.71935e-05	1.90736e-06	3.05178e-05	12.996
1252.7977	10.694	7.13428822e-11	2.0981e-05	3.33788e-05	4.19619e-05	65.772
1254.2693	10.698	7.13695674e-11	2.3842e-05	-4.7684e-06	1.71663e-05	-11.31
1255.772	10.702	7.13962526e-11	8.58313e-06	3.52862e-05	3.71935e-05	68.586
1257.2766	10.706	7.14229378e-11	-9.53682e-07	1.52589e-05	2.19346e-05	90.0
1258.78	10.71	7.1449623e-11	-1.90736e-06	2.57493e-05	2.57493e-05	80.076
1260.2827	10.714	7.14763082e-11	3.81473e-06	0.0	7.62945e-06	-143.748
1262.0266	10.718	7.15029934e-11	-4.7684e-06	-7.62945e-06	5.72208e-06	-49.398
1263.5452	10.722	7.15296786e-11	-2.00273e-05	1.23978e-05	1.90736e-05	123.69
1265.0494	10.726	7.15563638e-11	-3.62399e-05	2.19346e-05	4.19619e-05	140.772
1266.5367	10.73	7.1583049e-11	-2.0981e-05	4.7684e-06	1.71663e-05	136.47
1268.0401	10.734	7.16097342e-11	-2.0981e-05	9.53682e-07	2.00273e-05	167.274
1269.8153	10.738	7.163641939999999e-11	9.53682e-07	-1.33515e-05	1.23978e-05	-98.97
1271.3347	10.742	7.16631046e-11	-2.3842e-05	-1.14442e-05	2.3842e-05	-142.524
1272.806	10.746	7.16897898e-11	7.62945e-06	8.58313e-06	1.43052e-05	38.292
1274.5813	10.75	7.1716475e-11	-3.81473e-06	1.62126e-05	2.3842e-05	81.162
1276.0677	10.754	7.17431602e-11	1.14442e-05	1.52589e-05	1.71663e-05	61.56
1277.572	10.758	7.17698454e-11	4.7684e-06	-2.3842e-05	2.47956e-05	-75.966
1279.0594	10.762	7.17965306e-11	5.0545e-05	1.04905e-05	4.86376e-05	15.612
1280.5612	10.766	7.182321579999999e-11	4.86376e-05	4.00546e-05	5.9128e-05	38.658
1282.3698	10.77	7.184990099999999e-11	5.43597e-05	-5.72208e-06	5.6267e-05	-9.006
1283.8727	10.774	7.187658619999999e-11	3.52862e-05	2.28883e-05	3.43325e-05	45.0
1285.3599	10.778	7.19032714e-11	2.57493e-05	4.19619e-05	5.43597e-05	51.546
1286.8638	10.782	7.19299566e-11	2.86104e-06	-2.86104e-06	9.5368e-06	-59.934
1288.3674	10.786	7.19566418e-11	-3.81473e-06	5.72208e-06	1.04905e-05	144.462
1289.8698	10.79	7.1983327e-11	-1.14442e-05	1.52589e-05	2.00273e-05	130.428
1291.3576	10.794	7.20100122e-11	-2.9564e-05	-1.33515e-05	3.52862e-05	-160.56
1293.1175	10.798	7.203669739999999e-11	-3.14715e-05	-3.91009e-05	4.57766e-05	-124.92
1294.6038	10.802	7.206338259999999e-11	-5.3406e-05	5.43597e-05	7.72481e-05	132.954
1296.0915	10.806	7.209006779999999e-11	-5.14986e-05	3.91009e-05	6.2943e-05	140.196
1297.5793	10.81	7.2116753e-11	-2.86104e-06	2.19346e-05	1.81199e-05	92.604
1299.0818	10.814	7.21434382e-11	-5.6267e-05	0.0	5.24523e-05	-176.376
1300.8409	10.818	7.21701234e-11	1.90736e-05	-1.23978e-05	1.81199e-05	-56.886
1302.3131	10.822	7.219680859999999e-11	-5.3406e-05	-2.9564e-05	5.53133e-05	-153.768
1303.7995	10.826	7.22234938e-11	2.86104e-06	-1.14442e-05	1.23978e-05	-27.9
1305.56	10.83	7.2250179e-11	3.81473e-06	-6.00817e-05	5.72207e-05	-85.236
1307.0475	10.834	7.227686419999999e-11	-4.00546e-05	-1.04905e-05	4.86376e-05	-169.284
1308.5345	10.838	7.230354939999999e-11	-3.24252e-05	-3.62399e-05	4.38693e-05	-135.66
1310.0376	10.842	7.23302346e-11	-9.5368e-06	-5.72208e-06	1.71663e-05	-117.348
1311.5416	10.846	7.23569198e-11	2.86103e-05	-2.6703e-05	3.52862e-05	-53.13
1313.3168	10.85	7.238360499999999e-11	2.86104e-06	-1.71663e-05	1.52589e-05	-111.372
1314.8039	10.854	7.241029019999999e-11	1.52589e-05	-4.29156e-05	4.38693e-05	-71.286
1316.3061	10.858	7.24369754e-11	2.28883e-05	-7.62945e-06	2.00273e-05	-24.144
1317.8261	10.862	7.24636606e-11	-3.43325e-05	-3.81473e-06	3.62399e-05	-168.486
1319.3139	10.866	7.24903458e-11	9.53682e-07	-1.33515e-05	1.23978e-05	-80.538
1320.8171	10.87	7.2517031e-11	1.04905e-05	2.19346e-05	2.57493e-05	43.998
1322.3041	10.874	7.25437162e-11	-8.58313e-06	-2.86104e-06	6.67575e-06	-173.658
1324.0803	10.878	7.25704014e-11	8.58313e-06	-4.00546e-05	4.19619e-05	-71.004
1325.5676	10.882	7.259708659999999e-11	3.24252e-05	-1.23978e-05	3.91009e-05	-16.074
1327.0711	10.886	7.262377179999999e-11	1.04905e-05	3.81473e-06	1.23978e-05	2.604
1328.5577	10.89	7.2650457e-11	3.71935e-05	0.0	3.71935e-05	2.118
1330.0618	10.894	7.26771422e-11	4.95913e-05	-9.5368e-06	4.76839e-05	-1.59
1331.8371	10.898	7.27038274e-11	5.53133e-05	-1.90736e-06	5.24523e-05	3.666
1333.3245	10.902	7.27305126e-11	6.8665e-05	4.76839e-05	8.10628e-05	37.836
1334.8112	10.906	7.27571978e-11	2.3842e-05	1.90736e-05	3.24252e-05	43.362
1336.5871	10.91	7.278388299999999e-11	2.3842e-05	2.3842e-05	2.76567e-05	64.134
1338.0739	10.914	7.281056819999999e-11	6.77113e-05	6.67575e-06	5.9128e-05	4.134
1339.545	10.918	7.283725339999999e-11	9.5368e-06	2.86103e-05	3.24252e-05	62.952
1341.0327	10.922	7.28639386e-11	3.14715e-05	3.05178e-05	4.29156e-05	51.204
1342.5196	10.926	7.28906238e-11	-1.14442e-05	1.90736e-06	1.62126e-05	149.034
1344.2959	10.93	7.2917309e-11	-1.04905e-05	8.58313e-06	1.52589e-05	125.838
1345.7827	10.934	7.29439942e-11	-4.7684e-06	2.28883e-05	2.19346e-05	84.474
1347.286	10.938	7.29706794e-11	-2.86104e-06	2.28883e-05	2.3842e-05	124.992
1348.7739	10.942	7.29973646e-11	-4.29156e-05	-2.9564e-05	4.57766e-05	-137.436
1350.2614	10.946	7.302404979999999e-11	2.47956e-05	1.52589e-05	3.05178e-05	29.292
1351.7478	10.95	7.305073499999999e-11	9.5368e-06	-5.6267e-05	5.43597e-05	-84.996
1353.2517	10.954	7.30774202e-11	-1.90736e-05	1.71663e-05	2.19346e-05	120.966
1355.0267	10.958	7.31041054e-11	-1.33515e-05	-7.62945e-06	1.90736e-05	-157.008
1356.4989	10.962	7.31307906e-11	1.23978e-05	-5.3406e-05	5.43597e-05	-77.166
1357.9863	10.966	7.315747579999999e-11	0.0	2.9564e-05	3.05178e-05	81.528
1359.4727	10.97	7.3184161e-11	2.3842e-05	-1.62126e-05	3.14715e-05	-30.762
1360.9763	10.974	7.32108462e-11	4.00546e-05	-6.67575e-06	3.62399e-05	-4.314
1362.7524	10.978	7.32375314e-11	2.86104e-06	-2.47956e-05	2.86103e-05	-75.966
1364.2545	10.982	7.326421659999999e-11	-1.04905e-05	1.71663e-05	2.57493e-05	136.908
1365.7584	10.986	7.32909018e-11	2.28883e-05	3.81473e-06	2.00273e-05	29.052
1367.5175	10.99	7.3317587e-11	1.90736e-06	-1.43052e-05	1.43052e-05	-53.616
1369.0377	10.994	7.334427219999999e-11	9.53682e-07	1.23978e-05	8.58313e-06	96.342
1370.5573	10.998	7.337095739999999e-11	-1.62126e-05	1.04905e-05	2.28883e-05	-163.446
1372.0605	11.002	7.33976426e-11	-2.47956e-05	2.76567e-05	4.10082e-05	131.1
1373.5627	11.006	7.34243278e-11	-3.24252e-05	-7.62945e-06	3.33788e-05	-175.332
1375.0498	11.01	7.3451013e-11	-1.33515e-05	-3.81473e-06	1.90736e-05	-165.966
1376.5699	11.014	7.34776982e-11	1.62126e-05	-2.76567e-05	3.24252e-05	-41.73
1378.0412	11.018	7.35043834e-11	-2.86103e-05	-2.28883e-05	2.57493e-05	-118.176
1379.5282	11.022	7.35310686e-11	1.71663e-05	-4.7684e-06	1.62126e-05	-8.748
1381.0326	11.026	7.355775379999999e-11	5.72208e-06	-1.04905e-05	8.58313e-06	-74.748
1382.552	11.03	7.358443899999999e-11	3.81473e-06	2.86104e-06	5.72208e-06	0.0
1384.0554	11.034	7.36111242e-11	2.57493e-05	-1.33515e-05	2.6703e-05	-35.706
1385.5422	11.038	7.36378094e-11	1.04905e-05	-9.5368e-06	1.52589e-05	-23.202
1387.0298	11.042	7.36644946e-11	3.05178e-05	6.67575e-06	3.24252e-05	10.008
1388.5326	11.046	7.36911798e-11	-8.58313e-06	2.86103e-05	3.24252e-05	144.462
1390.0047	11.05	7.371786500000001e-11	4.48229e-05	9.5368e-06	4.76839e-05	17.718
1391.492	11.054	7.374455019999999e-11	-9.53682e-07	1.62126e-05	1.71663e-05	74.934
1393.2513	11.058	7.377123539999999e-11	-1.62126e-05	1.33515e-05	1.62126e-05	125.838
1394.7369	11.062	7.379792059999999e-11	1.90736e-05	3.81473e-06	1.71663e-05	23.202
1396.2261	11.066	7.38246058e-11	4.7684e-06	5.43597e-05	5.53133e-05	79.632
1397.7288	11.07	7.3851291e-11	-3.33788e-05	3.81473e-06	4.19619e-05	175.914
1399.2477	11.074	7.38779762e-11	-2.86104e-06	-2.86104e-06	4.7684e-06	-172.878
1401.0226	11.078	7.39046614e-11	-2.76567e-05	1.33515e-05	2.57493e-05	148.17
1402.5104	11.082	7.39313466e-11	9.5368e-06	5.3406e-05	6.10356e-05	60.252
1404.0301	11.086	7.39580318e-11	9.53682e-07	-9.5368e-06	1.04905e-05	-19.656
1405.79	11.09	7.398471699999999e-11	2.3842e-05	1.62126e-05	2.3842e-05	49.968
1407.276	11.094	7.401140219999999e-11	-4.7684e-06	9.5368e-06	1.04905e-05	86.634
1408.747	11.098	7.40380874e-11	-4.57766e-05	-1.62126e-05	4.38693e-05	-170.982
1410.252	11.102	7.40647726e-11	-2.28883e-05	-4.00546e-05	4.76839e-05	-134.454
1411.7395	11.106	7.40914578e-11	-4.7684e-06	-2.00273e-05	1.90736e-05	-100.494
1413.497	11.11	7.411814299999999e-11	-7.62945e-06	1.04905e-05	1.23978e-05	115.2
1414.9861	11.114	7.41448282e-11	-3.52862e-05	1.71663e-05	3.91009e-05	161.262
1416.4726	11.118	7.41715134e-11	1.33515e-05	-1.90736e-06	1.81199e-05	3.576
1417.9608	11.122	7.41981986e-11	-6.00817e-05	-4.7684e-06	6.38966e-05	-175.788
1419.4475	11.126	7.42248838e-11	-3.05178e-05	2.00273e-05	3.71935e-05	136.974
1420.9356	11.13	7.4251569e-11	-3.81472e-05	2.19346e-05	4.10082e-05	147.6
1422.4227	11.134	7.42782542e-11	-2.00273e-05	4.7684e-06	2.19346e-05	169.692
1424.181	11.138	7.430493939999999e-11	-3.14715e-05	5.0545e-05	6.19893e-05	124.032
1425.7004	11.142	7.433162459999999e-11	-7.62945e-06	1.33515e-05	1.62126e-05	114.444
1427.205	11.146	7.43583098e-11	-7.82018e-05	-3.81473e-06	8.58312e-05	176.988
1428.7077	11.15	7.4384995e-11	-6.67575e-06	1.90736e-05	2.19346e-05	124.212
1430.1797	11.154	7.44116802e-11	-2.47956e-05	-8.58313e-06	3.05178e-05	-164.538
1431.9389	11.158	7.44383654e-11	-2.28883e-05	-2.6703e-05	3.43325e-05	-119.052
1433.4424	11.162	7.44650506e-11	-2.28883e-05	-5.0545e-05	5.6267e-05	-115.38
1434.9296	11.166	7.449173579999999e-11	-3.33788e-05	4.19619e-05	5.24523e-05	128.076
1436.6879	11.17	7.451842099999999e-11	1.33515e-05	1.23978e-05	2.0981e-05	24.144
1438.1763	11.174	7.454510619999999e-11	2.57493e-05	1.90736e-05	3.33788e-05	31.158
1439.6634	11.178	7.45717914e-11	-7.62945e-06	1.71663e-05	1.90736e-05	91.734
1441.1667	11.182	7.45984766e-11	-9.5368e-06	1.52589e-05	2.0981e-05	123.234
1442.6544	11.186	7.46251618e-11	3.81473e-06	2.00273e-05	2.0981e-05	77.664
1444.4297	11.19	7.4651847e-11	1.71663e-05	5.72208e-06	8.58313e-06	100.308
1445.917	11.194	7.467853220000001e-11	2.28883e-05	1.71663e-05	2.47956e-05	60.462
1447.4039	11.198	7.47052174e-11	2.86104e-06	0.0	1.33515e-05	-4.236
1448.8909	11.202	7.473190259999999e-11	4.38693e-05	3.62399e-05	5.6267e-05	41.688
1450.3788	11.206	7.475858779999999e-11	7.91554e-05	4.19619e-05	9.44142e-05	25.854
1451.8664	11.21	7.4785273e-11	2.76567e-05	5.24523e-05	6.38966e-05	57.264
1453.3698	11.214	7.48119582e-11	5.53133e-05	8.58313e-06	6.19893e-05	1.788
1455.129	11.218	7.48386434e-11	6.67575e-06	2.19346e-05	2.47956e-05	57.528
1456.6161	11.222	7.48653286e-11	0.0	3.71935e-05	3.71935e-05	88.98
1458.1198	11.226	7.48920138e-11	5.72208e-06	9.53682e-07	7.62945e-06	135.0
1459.6227	11.23	7.4918699e-11	4.86376e-05	6.96187e-05	8.67848e-05	56.796
1461.125	11.234	7.49453842e-11	3.14715e-05	9.5368e-06	4.19619e-05	14.034
1462.8699	11.238	7.497206939999999e-11	1.23978e-05	2.3842e-05	2.3842e-05	63.438
1464.3572	11.242	7.49987546e-11	-2.86103e-05	5.14986e-05	5.6267e-05	111.036
1465.8606	11.246	7.50254398e-11	2.28883e-05	-1.04905e-05	3.33788e-05	-12.654
1467.3632	11.25	7.5052125e-11	-1.14442e-05	6.67577e-05	7.05724e-05	101.31
1468.8827	11.254	7.507881019999999e-11	-2.00273e-05	3.62399e-05	4.19619e-05	112.62
1470.3708	11.258	7.510549539999999e-11	-3.52862e-05	-9.53682e-07	3.24252e-05	158.43
1471.8741	11.262	7.51321806e-11	1.04905e-05	1.52589e-05	1.71663e-05	19.176
1473.3927	11.266	7.51588658e-11	-1.14442e-05	-2.86104e-06	5.72208e-06	-168.69
1475.1366	11.27	7.5185551e-11	-1.14442e-05	-1.90736e-06	1.62126e-05	180.0
1476.656	11.274	7.52122362e-11	-4.19619e-05	-6.67575e-06	3.33788e-05	178.752
1478.1426	11.278	7.52389214e-11	-5.14986e-05	-6.67575e-06	5.14986e-05	-171.762
1479.6299	11.282	7.526560659999999e-11	-4.19619e-05	-7.62945e-06	3.71935e-05	-174.984
1481.1342	11.286	7.529229179999999e-11	1.04905e-05	-2.28883e-05	2.0981e-05	-81.87
1482.6376	11.29	7.531897699999999e-11	-2.28883e-05	-2.86104e-06	2.76567e-05	-170.754
1484.1235	11.294	7.53456622e-11	4.38693e-05	1.23978e-05	4.86376e-05	20.112
1485.8841	11.298	7.53723474e-11	3.33788e-05	-8.58313e-06	3.91009e-05	-15.822
1487.3715	11.302	7.53990326e-11	4.67303e-05	-3.71935e-05	5.9128e-05	-44.544
1488.8572	11.306	7.54257178e-11	2.28883e-05	3.81473e-06	2.9564e-05	0.0
1490.3621	11.31	7.545240299999999e-11	1.23978e-05	3.05178e-05	3.91009e-05	55.008
1491.8815	11.314	7.547908819999999e-11	4.19619e-05	-2.86104e-06	4.76839e-05	-3.762
1493.6562	11.318	7.550577339999999e-11	5.14986e-05	4.19619e-05	6.8665e-05	36.432
1495.1437	11.322	7.553245859999999e-11	1.52589e-05	2.28883e-05	2.19346e-05	64.29
1496.6304	11.326	7.55591438e-11	-9.53682e-07	2.57493e-05	2.86103e-05	78.93
1498.4066	11.33	7.5585829e-11	8.58313e-06	-1.62126e-05	1.23978e-05	-79.38
1499.8941	11.334	7.56125142e-11	1.04905e-05	1.52589e-05	1.62126e-05	59.934
1501.3815	11.338	7.563919939999999e-11	1.62126e-05	4.10082e-05	4.38693e-05	57.528
1502.8682	11.342	7.56658846e-11	6.67575e-06	1.71663e-05	2.00273e-05	51.342
1504.3724	11.346	7.56925698e-11	1.52589e-05	8.58313e-06	2.57493e-05	24.444
1506.146	11.35	7.571925499999999e-11	-2.86104e-06	3.24252e-05	4.10082e-05	96.912
1507.6342	11.354	7.574594019999999e-11	2.57493e-05	-1.62126e-05	2.47956e-05	-39.402
1509.1224	11.358	7.57726254e-11	1.90736e-06	2.47956e-05	2.57493e-05	87.066
1510.6093	11.362	7.57993106e-11	2.76567e-05	-1.71663e-05	3.05178e-05	-20.856
1512.129	11.366	7.58259958e-11	9.53682e-07	-3.81473e-06	8.58313e-06	-17.526
1513.6321	11.37	7.585268099999999e-11	-3.62399e-05	-2.47956e-05	4.38693e-05	-142.044
1515.1198	11.374	7.58793662e-11	-3.62399e-05	1.23978e-05	3.71935e-05	162.216
1516.8951	11.378	7.59060514e-11	-2.28883e-05	-1.14442e-05	1.71663e-05	-148.572
1518.3816	11.382	7.59327366e-11	-4.95913e-05	-1.14442e-05	5.24523e-05	-167.856
1519.8527	11.386	7.595942179999998e-11	-6.67575e-06	3.43325e-05	3.52862e-05	102.174
1521.3399	11.39	7.5986107e-11	-3.81472e-05	-1.62126e-05	3.91009e-05	-154.32
1522.8439	11.394	7.60127922e-11	-2.6703e-05	-4.7684e-06	2.57493e-05	169.824
1524.6198	11.398	7.603947739999999e-11	-6.67575e-06	-4.7684e-06	5.72208e-06	-130.602
1526.1072	11.402	7.606616259999999e-11	-9.5368e-06	-9.5368e-06	1.14442e-05	-126.252
1527.5776	11.406	7.60928478e-11	3.71935e-05	1.71663e-05	4.10082e-05	28.686
1529.3526	11.41	7.6119533e-11	-4.7684e-06	1.33515e-05	9.5368e-06	54.462
1530.8405	11.414	7.61462182e-11	-2.6703e-05	1.71663e-05	3.24252e-05	150.708
1532.3277	11.418	7.61729034e-11	4.38693e-05	-1.04905e-05	4.76839e-05	-13.65
1533.8159	11.422	7.61995886e-11	1.33515e-05	-2.9564e-05	3.05178e-05	-62.88
1535.3192	11.426	7.622627379999999e-11	5.0545e-05	2.9564e-05	5.53133e-05	32.31
1537.0776	11.43	7.625295899999999e-11	6.67575e-06	1.71663e-05	1.71663e-05	83.16
1538.5657	11.434	7.627964419999999e-11	2.3842e-05	2.19346e-05	3.52862e-05	43.566
1540.0526	11.438	7.63063294e-11	1.90736e-05	6.67575e-06	2.19346e-05	31.506
1541.5403	11.442	7.63330146e-11	2.19346e-05	5.53133e-05	6.10356e-05	69.444
1543.0594	11.446	7.63596998e-11	2.19346e-05	3.24252e-05	4.29156e-05	45.582
1544.5622	11.45	7.6386385e-11	4.67303e-05	3.52862e-05	6.38966e-05	38.22
1546.0489	11.454	7.64130702e-11	-1.90736e-06	4.95913e-05	5.24523e-05	83.37
1547.8102	11.458	7.643975539999999e-11	-1.33515e-05	4.86376e-05	4.86376e-05	104.034