Time (s) 	 Position (mm) 	 Delay (s) 	 X 	 Y 	 R 	 theta 
#Without Preamplifier,Fluence with Filter (NE07A-B), ZnTe detector angle 40deg, Chopper 230Hz, time constant=0.1s 18dB, waiting time= 0.9s, sensitivity=20mV
1.9628	7.85	5.2369704999999994e-11	-2.47956e-05	-4.29156e-05	5.0545e-05	-128.538
3.4982	7.854	5.23963902e-11	4.7684e-06	1.43052e-05	2.19346e-05	71.112
5.2421	7.858	5.2423075399999997e-11	3.52862e-05	3.05178e-05	4.48229e-05	37.044
6.7456	7.862	5.2449760599999995e-11	-2.76567e-05	1.90736e-05	2.86103e-05	137.046
8.2489	7.866	5.247644579999999e-11	5.72208e-06	-1.23978e-05	1.23978e-05	-59.742
9.7202	7.87	5.2503131e-11	-4.67303e-05	-8.58313e-06	4.19619e-05	-169.608
11.2236	7.874	5.2529816199999996e-11	2.00273e-05	-1.90736e-06	1.90736e-05	11.31
12.7101	7.878	5.25565014e-11	0.0	1.52589e-05	1.90736e-05	109.98
14.1971	7.882	5.258318659999999e-11	1.71663e-05	1.90736e-06	1.14442e-05	-18.432
15.6851	7.886	5.26098718e-11	-5.3406e-05	-2.0981e-05	5.3406e-05	-155.07
17.445	7.89	5.2636556999999995e-11	1.90736e-06	-6.67575e-06	4.7684e-06	-81.87
18.9471	7.894	5.26632422e-11	-6.67575e-06	3.81473e-06	7.62945e-06	155.556
20.7066	7.898	5.26899274e-11	4.19619e-05	-2.00273e-05	4.76839e-05	-25.842
22.1949	7.902	5.2716612599999996e-11	6.38966e-05	-6.67575e-06	6.19893e-05	-4.5
23.6976	7.906	5.2743297799999994e-11	5.72208e-06	7.62945e-06	1.04905e-05	60.642
25.2003	7.91	5.2769983e-11	3.52862e-05	-2.28883e-05	2.9564e-05	-39.804
26.7046	7.914	5.27966682e-11	-2.86104e-06	1.33515e-05	1.04905e-05	111.036
28.1914	7.918	5.2823353399999995e-11	2.86104e-06	7.62945e-06	5.72208e-06	53.13
29.6793	7.922	5.2850038599999994e-11	5.72208e-06	3.71935e-05	3.71935e-05	95.292
31.1814	7.926	5.28767238e-11	1.90736e-05	2.6703e-05	2.86103e-05	66.57
32.9259	7.93	5.2903408999999996e-11	-3.14715e-05	-4.7684e-06	2.86103e-05	-168.96
34.4299	7.934	5.29300942e-11	8.58313e-06	5.72208e-06	1.04905e-05	28.302
36.1883	7.938	5.295677939999999e-11	3.33788e-05	5.72208e-06	3.24252e-05	20.958
37.6605	7.942	5.29834646e-11	-2.86104e-06	2.57493e-05	2.6703e-05	86.01
39.1472	7.946	5.3010149799999996e-11	-6.67575e-06	3.52862e-05	3.71935e-05	94.926
40.6353	7.95	5.3036835e-11	1.71663e-05	-1.33515e-05	2.6703e-05	-24.678
42.1059	7.954	5.30635202e-11	3.81473e-06	9.5368e-06	1.04905e-05	45.0
43.5941	7.958	5.3090205399999997e-11	9.53682e-07	2.3842e-05	2.57493e-05	70.644
45.0647	7.962	5.3116890599999995e-11	1.04905e-05	1.90736e-06	1.04905e-05	12.096
46.5689	7.966	5.31435758e-11	-9.53682e-07	-9.5368e-06	1.23978e-05	-29.748
48.3265	7.97	5.3170261e-11	1.90736e-06	2.47956e-05	2.6703e-05	88.698
49.8313	7.974	5.3196946199999996e-11	-1.62126e-05	1.62126e-05	2.28883e-05	120.696
51.5745	7.978	5.3223631399999994e-11	-7.62945e-06	-1.90736e-05	1.71663e-05	-110.856
53.0601	7.982	5.32503166e-11	9.53682e-07	-3.81473e-06	5.72208e-06	0.0
54.5486	7.986	5.32770018e-11	2.00273e-05	-6.67575e-06	2.86103e-05	1.218
56.0359	7.99	5.3303687e-11	-2.86104e-06	1.71663e-05	1.71663e-05	88.026
57.5391	7.994	5.3330372199999993e-11	2.9564e-05	-6.67575e-06	2.6703e-05	1.548
59.0099	7.998	5.33570574e-11	3.81473e-06	-1.23978e-05	1.43052e-05	-95.904
60.4828	8.002	5.33837426e-11	0.0	1.23978e-05	1.23978e-05	92.49
61.9697	8.006	5.34104278e-11	-3.33788e-05	3.24252e-05	4.95913e-05	123.492
63.7283	8.01	5.343711299999999e-11	3.05178e-05	-1.90736e-05	3.33788e-05	-43.41
65.233	8.014	5.346379819999999e-11	-2.9564e-05	2.47956e-05	3.62399e-05	131.184
66.7359	8.018	5.34904834e-11	3.81473e-06	1.04905e-05	1.62126e-05	49.398
68.2238	8.022	5.35171686e-11	9.5368e-06	-1.14442e-05	7.62945e-06	-116.562
69.7104	8.026	5.35438538e-11	1.90736e-06	-1.90736e-06	7.62945e-06	-19.44
71.1815	8.03	5.357053899999999e-11	5.72207e-05	-2.0981e-05	5.9128e-05	-13.722
72.7007	8.034	5.35972242e-11	-4.57766e-05	1.14442e-05	3.91009e-05	160.278
74.4608	8.038	5.36239094e-11	-3.05178e-05	1.90736e-06	3.24252e-05	-176.76
75.9486	8.042	5.36505946e-11	-4.95913e-05	3.62399e-05	5.6267e-05	136.47
77.4509	8.046	5.3677279799999996e-11	9.53682e-07	2.86103e-05	3.05178e-05	82.878
78.9552	8.05	5.3703965e-11	3.52862e-05	1.33515e-05	4.00546e-05	15.822
80.4587	8.054	5.37306502e-11	1.71663e-05	1.04905e-05	2.86103e-05	45.0
82.2499	8.058	5.37573354e-11	9.5368e-06	1.23978e-05	2.19346e-05	36.528
83.7363	8.062	5.3784020599999995e-11	3.33788e-05	-4.19619e-05	5.0545e-05	-55.884
85.2246	8.066	5.38107058e-11	1.52589e-05	1.14442e-05	1.71663e-05	66.498
86.711	8.07	5.3837391e-11	-7.62945e-06	-2.00273e-05	1.62126e-05	-92.604
88.1984	8.074	5.3864076199999996e-11	3.52862e-05	8.58313e-06	3.52862e-05	20.43
89.9741	8.078	5.3890761399999994e-11	2.86104e-06	5.0545e-05	4.76839e-05	80.688
91.4608	8.082	5.39174466e-11	-2.00273e-05	-1.33515e-05	2.0981e-05	-139.188
92.9493	8.086	5.39441318e-11	5.0545e-05	1.71663e-05	6.00817e-05	15.522
94.7077	8.09	5.3970816999999995e-11	-1.71663e-05	2.86103e-05	3.52862e-05	123.69
96.1798	8.094	5.3997502199999994e-11	5.72208e-06	8.58313e-06	8.58313e-06	35.538
97.6832	8.098	5.4024187400000005e-11	-1.62126e-05	-1.62126e-05	1.81199e-05	-141.708
99.1546	8.102	5.4050872599999997e-11	1.52589e-05	1.14442e-05	1.90736e-05	34.212
100.6571	8.106	5.4077557799999995e-11	5.14986e-05	-2.28883e-05	4.38693e-05	-43.566
102.433	8.11	5.410424299999999e-11	-9.5368e-06	-2.19346e-05	2.47956e-05	-97.494
103.9041	8.114	5.4130928200000004e-11	6.67575e-06	2.00273e-05	2.3842e-05	57.996
105.408	8.118	5.41576134e-11	-2.00273e-05	-1.62126e-05	2.28883e-05	-104.742
106.8944	8.122	5.4184298599999994e-11	2.86104e-06	0.0	1.90736e-06	-168.69
108.3976	8.126	5.421098379999999e-11	5.0545e-05	4.19619e-05	6.77113e-05	37.092
109.901	8.13	5.4237669000000003e-11	3.81473e-06	4.7684e-06	7.62945e-06	0.0
111.4053	8.134	5.42643542e-11	-2.86104e-06	-9.5368e-06	9.5368e-06	-158.748
113.1793	8.138	5.42910394e-11	2.6703e-05	1.52589e-05	3.33788e-05	30.174
114.6681	8.142	5.431772459999999e-11	-2.0981e-05	-1.23978e-05	2.3842e-05	-145.41
116.1541	8.146	5.43444098e-11	-3.91009e-05	-1.90736e-06	3.43325e-05	-177.666
117.642	8.15	5.4371095e-11	-1.33515e-05	1.33515e-05	1.81199e-05	112.482
119.1622	8.154	5.43977802e-11	-2.86103e-05	4.7684e-06	2.6703e-05	-173.37
120.9374	8.158	5.442446539999999e-11	-7.62945e-06	-4.10082e-05	4.00546e-05	-83.346
122.4248	8.162	5.44511506e-11	-8.58313e-06	-4.29156e-05	4.38693e-05	-116.562
123.9442	8.166	5.44778358e-11	-6.67577e-05	-9.53682e-07	6.48503e-05	-173.328
125.7035	8.17	5.4504521e-11	-4.7684e-06	2.19346e-05	2.6703e-05	119.604
127.1908	8.174	5.4531206199999996e-11	2.6703e-05	1.04905e-05	2.19346e-05	21.45
128.6773	8.178	5.45578914e-11	-4.7684e-06	-9.53682e-07	4.7684e-06	-94.398
130.1808	8.182	5.45845766e-11	2.0981e-05	1.71663e-05	2.57493e-05	28.74
131.6841	8.186	5.46112618e-11	-2.76567e-05	-9.5368e-06	2.86103e-05	-155.322
133.4441	8.19	5.4637946999999996e-11	-1.90736e-06	5.72208e-06	1.04905e-05	22.38
134.9308	8.194	5.46646322e-11	-1.04905e-05	1.33515e-05	1.23978e-05	138.012
136.4189	8.198	5.46913174e-11	2.19346e-05	3.05178e-05	3.71935e-05	58.464
137.8902	8.202	5.4718002599999997e-11	-9.5368e-06	0.0	1.62126e-05	-174.096
139.3775	8.206	5.4744687799999995e-11	2.28883e-05	-3.33788e-05	4.00546e-05	-60.138
140.8808	8.21	5.4771373000000006e-11	-1.52589e-05	-1.81199e-05	3.05178e-05	-151.926
142.3682	8.214	5.47980582e-11	-2.76567e-05	-1.04905e-05	2.86103e-05	-156.972
144.1434	8.218	5.4824743399999996e-11	-1.52589e-05	0.0	1.90736e-05	-168.69
145.6307	8.222	5.4851428599999994e-11	3.81473e-06	-4.7684e-06	3.81473e-06	-111.804
147.1342	8.226	5.4878113800000005e-11	3.05178e-05	-2.00273e-05	3.71935e-05	-36.672
148.6207	8.23	5.4904799e-11	1.90736e-05	-1.14442e-05	2.47956e-05	-33.276
150.109	8.234	5.4931484199999995e-11	2.47956e-05	1.04905e-05	2.3842e-05	30.378
151.5952	8.238	5.4958169399999993e-11	5.81744e-05	1.90736e-05	5.81744e-05	14.706
153.0837	8.242	5.4984854600000005e-11	5.72208e-06	-9.5368e-06	1.04905e-05	-50.712
154.5859	8.246	5.50115398e-11	-2.00273e-05	-2.86104e-06	1.71663e-05	-152.448
156.0894	8.25	5.5038224999999995e-11	-6.67575e-06	-2.86104e-06	7.62945e-06	-167.472
157.5935	8.254	5.506491019999999e-11	-1.33515e-05	-3.14715e-05	3.52862e-05	-106.506
159.1131	8.258	5.509159539999999e-11	1.52589e-05	-1.81199e-05	1.62126e-05	-105.642
160.6325	8.262	5.51182806e-11	2.3842e-05	1.90736e-06	3.05178e-05	17.7
162.1198	8.266	5.51449658e-11	-5.72208e-06	-9.53682e-07	9.5368e-06	172.878
163.8782	8.27	5.517165099999999e-11	1.90736e-05	-9.53682e-07	2.19346e-05	-1.686
165.3658	8.274	5.519833619999999e-11	6.67575e-06	2.57493e-05	2.47956e-05	54.462
166.8696	8.278	5.52250214e-11	-3.81473e-06	2.57493e-05	2.6703e-05	112.62
168.373	8.282	5.52517066e-11	-1.33515e-05	-1.52589e-05	1.90736e-05	-141.954
169.844	8.286	5.527839179999999e-11	-4.7684e-06	-4.7684e-06	8.58313e-06	-165.066
171.3461	8.29	5.530507699999999e-11	-1.33515e-05	6.67575e-06	1.62126e-05	177.708
172.8499	8.294	5.53317622e-11	-3.33788e-05	-2.47956e-05	3.24252e-05	-125.538
174.6251	8.298	5.53584474e-11	-2.86104e-06	-1.14442e-05	8.58313e-06	-173.658
176.0978	8.302	5.53851326e-11	2.19346e-05	-3.52862e-05	4.00546e-05	-65.556
177.5842	8.306	5.541181779999999e-11	1.71663e-05	1.04905e-05	2.3842e-05	19.356
179.1045	8.31	5.5438503e-11	-2.28883e-05	-1.90736e-06	1.90736e-05	160.974
180.5909	8.314	5.54651882e-11	-4.95913e-05	-2.0981e-05	5.6267e-05	-163.686
182.3825	8.318	5.5491873399999996e-11	9.53682e-07	-8.58313e-06	8.58313e-06	-100.62
183.8859	8.322	5.5518558599999994e-11	-2.47956e-05	5.72208e-06	2.76567e-05	173.046
185.374	8.326	5.55452438e-11	-2.19346e-05	1.33515e-05	2.57493e-05	151.506
187.1493	8.33	5.5571929e-11	4.38693e-05	-1.04905e-05	5.14986e-05	-16.632
188.6358	8.334	5.5598614199999995e-11	4.57766e-05	3.43325e-05	5.53133e-05	35.052
190.1241	8.338	5.5625299399999994e-11	-5.72208e-06	-2.0981e-05	2.00273e-05	-88.266
191.6101	8.342	5.56519846e-11	-3.24252e-05	1.33515e-05	2.86103e-05	145.56
193.1147	8.346	5.5678669799999997e-11	1.23978e-05	-4.7684e-06	5.72208e-06	-90.0
194.8741	8.35	5.5705354999999995e-11	0.0	-6.67577e-05	6.38966e-05	-96.816
196.3773	8.354	5.573204019999999e-11	6.67575e-06	1.23978e-05	1.04905e-05	45.0
197.8808	8.358	5.57587254e-11	1.90736e-06	-4.7684e-06	5.72208e-06	-42.276
199.3681	8.362	5.5785410599999996e-11	2.3842e-05	1.43052e-05	2.6703e-05	41.31
200.8708	8.366	5.5812095799999994e-11	-1.23978e-05	1.81199e-05	2.28883e-05	85.488
202.3588	8.37	5.583878099999999e-11	-4.57766e-05	3.81473e-06	4.29156e-05	178.152
203.8458	8.374	5.5865466200000003e-11	9.5368e-06	8.58313e-06	1.43052e-05	6.84
205.6208	8.378	5.5892151399999995e-11	0.0	3.71935e-05	3.52862e-05	93.816
207.1081	8.382	5.5918836599999993e-11	4.67303e-05	4.7684e-06	4.67303e-05	10.824
208.5802	8.386	5.594552179999999e-11	-9.5368e-06	2.00273e-05	2.3842e-05	99.924
210.0671	8.39	5.5972207e-11	3.81473e-06	1.33515e-05	1.43052e-05	87.612
211.5859	8.394	5.59988922e-11	-3.81473e-06	-2.86104e-06	1.23978e-05	-150.522
213.3622	8.398	5.602557739999999e-11	9.53682e-07	-2.86104e-06	6.67575e-06	-3.012
214.8494	8.402	5.605226259999999e-11	1.90736e-05	2.9564e-05	3.05178e-05	50.196
216.3689	8.406	5.60789478e-11	-4.7684e-06	1.04905e-05	8.58313e-06	70.02
218.144	8.41	5.6105633e-11	-7.62945e-06	2.9564e-05	3.33788e-05	89.01
219.6471	8.414	5.61323182e-11	1.90736e-05	1.71663e-05	2.76567e-05	40.158
221.1502	8.418	5.615900339999999e-11	-7.62945e-06	0.0	8.58313e-06	-176.634
222.6215	8.422	5.61856886e-11	3.05178e-05	-1.43052e-05	3.05178e-05	-31.866
224.1096	8.426	5.62123738e-11	5.72208e-06	-1.14442e-05	1.23978e-05	-59.034
225.8689	8.43	5.6239059e-11	0.0	1.71663e-05	2.00273e-05	90.0
227.3559	8.434	5.626574419999999e-11	3.52862e-05	-9.53682e-07	3.33788e-05	-5.598
228.8586	8.438	5.62924294e-11	-2.3842e-05	-9.5368e-06	2.76567e-05	-168.96
230.3456	8.442	5.63191146e-11	1.23978e-05	-2.0981e-05	2.19346e-05	-61.56
231.8175	8.446	5.6345799799999997e-11	2.19346e-05	1.90736e-06	1.71663e-05	22.248
233.3047	8.45	5.6372484999999995e-11	1.52589e-05	1.52589e-05	1.71663e-05	62.244
234.8251	8.454	5.63991702e-11	3.81473e-06	-2.28883e-05	1.90736e-05	-74.358
236.5843	8.458	5.64258554e-11	5.0545e-05	-4.86376e-05	7.24797e-05	-36.654
238.0708	8.462	5.6452540599999996e-11	3.33788e-05	-9.5368e-06	3.81472e-05	-9.618
239.5591	8.466	5.6479225799999994e-11	2.00273e-05	-2.47956e-05	3.43325e-05	-42.768
241.0785	8.47	5.6505911e-11	-1.33515e-05	1.04905e-05	1.71663e-05	157.83
242.5979	8.474	5.65325962e-11	-1.33515e-05	-2.19346e-05	2.19346e-05	-114.906
244.3891	8.478	5.6559281399999995e-11	1.62126e-05	1.90736e-06	1.04905e-05	21.036
245.9082	8.482	5.6585966599999993e-11	-1.04905e-05	6.67575e-06	1.14442e-05	139.086
247.379	8.486	5.6612651800000005e-11	1.71663e-05	-1.62126e-05	2.47956e-05	-19.356
249.1391	8.49	5.6639336999999996e-11	-2.86104e-06	1.90736e-06	3.81473e-06	172.878
250.6102	8.494	5.6666022199999995e-11	1.43052e-05	6.67575e-06	2.0981e-05	38.418
252.0979	8.498	5.669270739999999e-11	-1.62126e-05	-6.67575e-06	2.6703e-05	-176.496
253.5846	8.502	5.6719392600000004e-11	-6.67575e-06	-2.86104e-06	1.14442e-05	-165.966
255.0725	8.506	5.6746077799999996e-11	4.7684e-06	5.72208e-06	5.72208e-06	84.288
256.8302	8.51	5.6772762999999994e-11	-2.86104e-06	1.90736e-06	5.72208e-06	156.036
258.3032	8.514	5.679944819999999e-11	1.23978e-05	3.52862e-05	3.62399e-05	76.704
259.8059	8.518	5.68261334e-11	1.23978e-05	5.72208e-06	1.71663e-05	15.066
261.3101	8.522	5.68528186e-11	-9.5368e-06	1.90736e-05	2.19346e-05	94.512
262.7961	8.526	5.687950379999999e-11	1.04905e-05	1.71663e-05	1.62126e-05	57.096
264.3007	8.53	5.690618899999999e-11	-2.00273e-05	1.62126e-05	2.57493e-05	135.972
265.7881	8.534	5.69328742e-11	1.23978e-05	9.53682e-07	8.58313e-06	9.462
267.5468	8.538	5.69595594e-11	-2.86104e-06	-1.04905e-05	1.23978e-05	-83.418
269.0346	8.542	5.69862446e-11	5.72208e-06	1.33515e-05	1.62126e-05	65.376
270.5048	8.546	5.701292979999999e-11	-5.72208e-06	0.0	1.90736e-06	-90.0
272.0095	8.55	5.7039615e-11	-3.81473e-06	-1.33515e-05	1.52589e-05	-145.62
273.512	8.554	5.70663002e-11	-4.7684e-06	3.71935e-05	3.71935e-05	82.998
275.2707	8.558	5.70929854e-11	-4.7684e-06	3.14715e-05	2.9564e-05	88.668
276.7742	8.562	5.711967059999999e-11	-4.7684e-06	-3.33788e-05	3.24252e-05	-94.866
278.2629	8.566	5.71463558e-11	2.86103e-05	-6.67575e-06	2.57493e-05	-4.638
279.7502	8.57	5.7173041e-11	2.86104e-06	4.00546e-05	4.00546e-05	77.772
281.2695	8.574	5.71997262e-11	1.62126e-05	-1.23978e-05	1.23978e-05	-86.988
283.0129	8.578	5.7226411399999995e-11	4.57766e-05	1.90736e-06	4.95913e-05	1.47
284.5156	8.582	5.72530966e-11	-1.81199e-05	-2.28883e-05	2.3842e-05	-137.388
286.0036	8.586	5.72797818e-11	1.04905e-05	1.14442e-05	1.23978e-05	61.926
287.7623	8.59	5.7306466999999997e-11	3.81473e-06	-1.04905e-05	8.58313e-06	-112.62
289.2492	8.594	5.7333152199999995e-11	-1.14442e-05	2.57493e-05	2.86103e-05	115.974
290.7531	8.598	5.73598374e-11	-4.7684e-06	3.62399e-05	3.62399e-05	94.314
292.2563	8.602	5.73865226e-11	1.90736e-06	-9.5368e-06	9.5368e-06	-129.804
293.7265	8.606	5.7413207799999996e-11	9.53682e-07	-1.62126e-05	1.52589e-05	-87.396
295.5035	8.61	5.7439892999999994e-11	1.90736e-05	1.52589e-05	2.28883e-05	41.496
296.9908	8.614	5.7466578200000005e-11	-2.19346e-05	2.0981e-05	2.57493e-05	122.346
298.5101	8.618	5.74932634e-11	-1.71663e-05	-1.81199e-05	2.3842e-05	-138.366
299.9967	8.622	5.7519948599999995e-11	1.04905e-05	4.7684e-06	1.23978e-05	21.252
301.5009	8.626	5.7546633799999993e-11	-9.5368e-06	2.86104e-06	1.52589e-05	-173.418
302.9883	8.63	5.7573319000000004e-11	-7.62945e-06	8.58313e-06	1.04905e-05	123.69
304.4757	8.634	5.7600004199999996e-11	-9.5368e-06	-6.67575e-06	1.04905e-05	-149.034
306.2349	8.638	5.7626689399999994e-11	-7.62945e-06	-3.62399e-05	3.71935e-05	-83.346
307.7215	8.642	5.765337459999999e-11	8.58313e-06	3.24252e-05	3.62399e-05	66.426
309.2096	8.646	5.7680059800000004e-11	2.19346e-05	2.00273e-05	2.9564e-05	60.102
310.7292	8.65	5.7706745e-11	-9.5368e-06	3.81473e-06	4.7684e-06	45.0
312.2005	8.654	5.7733430199999994e-11	1.90736e-06	8.58313e-06	5.72208e-06	66.798
313.9597	8.658	5.776011539999999e-11	1.90736e-05	-9.53682e-07	1.90736e-05	-6.342
315.4632	8.662	5.77868006e-11	1.52589e-05	-2.9564e-05	3.33788e-05	-50.478
316.9505	8.666	5.78134858e-11	1.90736e-06	2.19346e-05	2.19346e-05	86.31
318.7408	8.67	5.7840171e-11	-4.48229e-05	-5.53133e-05	6.10356e-05	-109.32
320.2292	8.674	5.786685619999999e-11	-4.7684e-06	-1.62126e-05	1.90736e-05	-122.196
321.7325	8.678	5.78935414e-11	9.5368e-06	3.52862e-05	3.62399e-05	64.356
323.2199	8.682	5.79202266e-11	9.5368e-06	0.0	1.14442e-05	3.576
324.7391	8.686	5.79469118e-11	-2.0981e-05	-1.43052e-05	2.57493e-05	-151.506
326.5147	8.69	5.7973596999999997e-11	2.86104e-06	-1.23978e-05	1.71663e-05	-104.418
328.017	8.694	5.80002822e-11	-1.04905e-05	-1.33515e-05	1.52589e-05	-138.366
329.5053	8.698	5.80269674e-11	1.71663e-05	2.3842e-05	2.86103e-05	25.908
330.9916	8.702	5.80536526e-11	1.23978e-05	1.04905e-05	1.71663e-05	64.356
332.4799	8.706	5.8080337799999996e-11	-2.0981e-05	-3.81473e-06	1.52589e-05	177.138
333.982	8.71	5.8107023e-11	2.3842e-05	1.23978e-05	3.52862e-05	35.88
335.4858	8.714	5.81337082e-11	1.33515e-05	5.14986e-05	5.53133e-05	71.352
337.2772	8.718	5.81603934e-11	-2.86104e-06	-1.14442e-05	1.23978e-05	-92.292
338.7808	8.722	5.8187078599999995e-11	-1.71663e-05	3.24252e-05	3.62399e-05	109.98
340.2847	8.726	5.82137638e-11	8.58313e-06	1.71663e-05	1.71663e-05	78.234
341.7722	8.73	5.8240449e-11	-3.52862e-05	1.33515e-05	3.91009e-05	152.202
343.2596	8.734	5.82671342e-11	4.57766e-05	6.67575e-06	5.0545e-05	12.204
345.0347	8.738	5.829381939999999e-11	2.19346e-05	9.5368e-06	2.47956e-05	23.202
346.5542	8.742	5.83205046e-11	-3.81473e-06	-4.7684e-06	1.04905e-05	-165.966
348.0407	8.746	5.83471898e-11	3.52862e-05	-1.62126e-05	3.62399e-05	-28.008
349.8008	8.75	5.8373875e-11	1.23978e-05	0.0	1.23978e-05	0.0
351.3043	8.754	5.84005602e-11	-3.52862e-05	-7.62945e-06	2.86103e-05	-167.004
352.8055	8.758	5.842724539999999e-11	3.05178e-05	-7.62945e-06	3.52862e-05	-6.012
354.3093	8.762	5.84539306e-11	1.04905e-05	1.04905e-05	1.81199e-05	59.622
355.8139	8.766	5.84806158e-11	-2.28883e-05	1.52589e-05	2.3842e-05	148.734
357.5889	8.77	5.8507301e-11	1.23978e-05	2.86104e-06	2.6703e-05	-22.89
359.0758	8.774	5.853398619999998e-11	3.05178e-05	-9.5368e-06	3.43325e-05	-25.146
360.5645	8.778	5.85606714e-11	0.0	-2.76567e-05	2.9564e-05	-81.348
362.0678	8.782	5.85873566e-11	1.71663e-05	1.04905e-05	2.57493e-05	35.538
363.5545	8.786	5.861404179999999e-11	9.5368e-06	7.62945e-06	1.23978e-05	45.0
365.0426	8.79	5.864072699999999e-11	-3.81473e-06	2.19346e-05	2.76567e-05	135.0
366.5608	8.794	5.86674122e-11	2.6703e-05	-2.86104e-06	1.71663e-05	12.264
368.0482	8.798	5.86940974e-11	3.43325e-05	1.33515e-05	3.52862e-05	25.2
369.5527	8.802	5.87207826e-11	0.0	3.05178e-05	3.43325e-05	89.058
371.024	8.806	5.87474678e-11	8.58313e-06	-1.23978e-05	1.52589e-05	-65.772
372.5102	8.81	5.8774153e-11	-1.33515e-05	-1.33515e-05	1.71663e-05	-153.438
373.9985	8.814	5.880083819999999e-11	4.00546e-05	4.7684e-06	3.81472e-05	-1.02
375.7411	8.818	5.882752339999999e-11	-1.52589e-05	-2.6703e-05	3.43325e-05	-135.744
377.2282	8.822	5.885420859999999e-11	-2.00273e-05	2.76567e-05	3.05178e-05	111.57
378.7648	8.826	5.88808938e-11	-2.6703e-05	2.19346e-05	3.71935e-05	135.672
380.5241	8.83	5.8907579e-11	2.76567e-05	3.71935e-05	4.76839e-05	46.734
382.0432	8.834	5.89342642e-11	-4.67303e-05	5.72208e-06	4.48229e-05	170.394
383.5306	8.838	5.89609494e-11	-1.81199e-05	0.0	1.81199e-05	162.18
385.018	8.842	5.89876346e-11	-1.33515e-05	2.86104e-06	1.04905e-05	180.0
386.5053	8.846	5.901431979999999e-11	-3.81472e-05	-1.14442e-05	3.52862e-05	-147.618
387.992	8.85	5.904100499999999e-11	2.86104e-06	-5.24523e-05	5.14986e-05	-80.292
389.4802	8.854	5.906769019999999e-11	-1.33515e-05	9.5368e-06	1.62126e-05	149.418
390.9835	8.858	5.90943754e-11	-4.7684e-06	2.0981e-05	2.28883e-05	99.462
392.4702	8.862	5.91210606e-11	-1.33515e-05	1.23978e-05	1.71663e-05	110.322
393.9574	8.866	5.91477458e-11	8.58313e-06	-9.5368e-06	1.71663e-05	-12.726
395.4456	8.87	5.917443099999999e-11	-9.53682e-07	1.23978e-05	1.23978e-05	104.742
396.9489	8.874	5.92011162e-11	-2.9564e-05	1.52589e-05	3.62399e-05	152.988
398.7081	8.878	5.92278014e-11	8.58313e-06	5.72208e-06	8.58313e-06	15.252
400.1956	8.882	5.92544866e-11	2.28883e-05	-2.9564e-05	3.91009e-05	-50.904
401.6829	8.886	5.928117179999999e-11	5.72208e-06	-1.43052e-05	1.23978e-05	-86.184
403.1859	8.89	5.9307857e-11	-6.67575e-06	3.05178e-05	2.86103e-05	127.998
404.6896	8.894	5.93345422e-11	-1.23978e-05	-4.29156e-05	4.76839e-05	-113.406
406.432	8.898	5.93612274e-11	1.52589e-05	6.67575e-06	2.19346e-05	18.432
407.9193	8.902	5.938791259999999e-11	-4.29156e-05	0.0	4.76839e-05	-177.678
409.4061	8.906	5.94145978e-11	-2.86104e-06	6.67575e-06	7.62945e-06	151.698
411.1659	8.91	5.9441283e-11	2.76567e-05	8.58313e-06	3.71935e-05	6.882
412.6528	8.914	5.94679682e-11	-3.43325e-05	1.23978e-05	3.33788e-05	141.522
414.1564	8.918	5.94946534e-11	1.52589e-05	2.3842e-05	2.57493e-05	65.556
415.676	8.922	5.95213386e-11	1.71663e-05	-3.81473e-06	1.23978e-05	-70.824
417.1805	8.926	5.95480238e-11	-9.53682e-07	-1.04905e-05	6.67575e-06	-97.122
418.6658	8.93	5.957470899999999e-11	-1.14442e-05	4.57766e-05	4.57766e-05	97.542
420.1551	8.934	5.960139419999999e-11	2.19346e-05	-1.14442e-05	2.00273e-05	-43.728
421.6585	8.938	5.96280794e-11	-1.62126e-05	-6.96187e-05	7.1526e-05	-94.278
423.1608	8.942	5.96547646e-11	8.58313e-06	8.58313e-06	1.04905e-05	68.196
424.6807	8.946	5.96814498e-11	-3.81472e-05	-1.71663e-05	2.86103e-05	-146.31
426.1676	8.95	5.9708135e-11	1.23978e-05	1.71663e-05	2.3842e-05	32.826
427.6711	8.954	5.973482020000001e-11	-1.52589e-05	3.52862e-05	3.91009e-05	112.836
429.4473	8.958	5.976150539999999e-11	-1.14442e-05	-1.62126e-05	1.90736e-05	-119.982
430.9502	8.962	5.978819059999999e-11	-1.14442e-05	2.57493e-05	2.57493e-05	96.168
432.4202	8.966	5.981487579999999e-11	1.71663e-05	0.0	1.14442e-05	36.024
433.9239	8.97	5.9841561e-11	-5.72208e-06	-9.5368e-06	7.62945e-06	-105.948
435.4447	8.974	5.98682462e-11	-1.81199e-05	8.58313e-06	1.90736e-05	135.0
437.22	8.978	5.98949314e-11	0.0	6.67575e-06	8.58313e-06	53.13
438.7235	8.982	5.99216166e-11	1.43052e-05	2.3842e-05	2.00273e-05	28.302
440.2258	8.986	5.99483018e-11	1.90736e-06	9.5368e-06	1.90736e-05	61.26
442.0008	8.99	5.9974987e-11	-2.0981e-05	-1.62126e-05	2.19346e-05	-135.0
443.4724	8.994	6.000167219999999e-11	-3.71935e-05	-3.05178e-05	4.19619e-05	-140.442
444.9928	8.998	6.002835739999999e-11	-2.47956e-05	8.58313e-06	1.71663e-05	148.572
446.4959	9.002	6.00550426e-11	-3.43325e-05	-1.04905e-05	2.9564e-05	-148.134
447.9982	9.006	6.00817278e-11	-1.90736e-06	6.8665e-05	6.96187e-05	97.818
449.5025	9.01	6.0108413e-11	-2.6703e-05	-1.62126e-05	2.57493e-05	-118.74
450.9901	9.014	6.013509819999999e-11	-6.67575e-06	2.19346e-05	2.28883e-05	113.43
452.4925	9.018	6.01617834e-11	-4.7684e-06	-9.53682e-07	3.81473e-06	-105.252
453.9808	9.022	6.01884686e-11	2.86104e-06	3.81473e-06	5.72208e-06	29.748
455.4675	9.026	6.02151538e-11	-1.14442e-05	3.24252e-05	3.52862e-05	95.196
456.9709	9.03	6.0241839e-11	-3.91009e-05	-6.67575e-06	4.38693e-05	-178.362
458.459	9.034	6.02685242e-11	2.28883e-05	-5.72208e-06	2.3842e-05	-8.13
459.9459	9.038	6.02952094e-11	-1.04905e-05	-1.62126e-05	1.90736e-05	-124.212
461.4497	9.042	6.032189459999999e-11	3.81473e-06	1.71663e-05	1.62126e-05	112.248
462.9691	9.046	6.034857979999999e-11	4.95913e-05	-1.62126e-05	5.14986e-05	-6.756
464.4878	9.05	6.0375265e-11	-1.04905e-05	5.72208e-06	1.04905e-05	115.2
465.9758	9.054	6.04019502e-11	1.71663e-05	-1.90736e-05	2.0981e-05	-49.398
467.7663	9.058	6.04286354e-11	3.81473e-06	-3.62399e-05	3.52862e-05	-81.528
469.2545	9.062	6.04553206e-11	0.0	-2.86104e-06	1.04905e-05	172.878
470.7404	9.066	6.04820058e-11	1.90736e-05	-1.14442e-05	1.71663e-05	-58.242
472.2451	9.07	6.0508691e-11	-4.00546e-05	8.58313e-06	4.38693e-05	165.75
473.7153	9.074	6.053537619999999e-11	9.53682e-07	5.72208e-06	7.62945e-06	93.816
475.4759	9.078	6.056206139999999e-11	-2.6703e-05	-6.67575e-06	2.47956e-05	-164.478
476.9794	9.082	6.05887466e-11	-3.14715e-05	8.58313e-06	3.33788e-05	-178.878
478.4659	9.086	6.06154318e-11	-4.67303e-05	2.86104e-06	3.62399e-05	176.424
479.97	9.09	6.0642117e-11	1.62126e-05	1.04905e-05	2.57493e-05	7.122
481.473	9.094	6.06688022e-11	3.81473e-06	8.58313e-06	1.23978e-05	50.904
482.9759	9.098	6.069548740000001e-11	-9.5368e-06	3.52862e-05	3.52862e-05	92.082
484.4643	9.102	6.07221726e-11	-1.33515e-05	-1.33515e-05	8.58313e-06	-71.568
485.9672	9.106	6.074885779999999e-11	-2.86103e-05	6.67575e-06	2.6703e-05	162.9
487.7258	9.11	6.077554299999999e-11	-3.24252e-05	1.04905e-05	3.43325e-05	161.916
489.2303	9.114	6.08022282e-11	2.86103e-05	1.23978e-05	2.86103e-05	39.612
490.7168	9.118	6.08289134e-11	-9.5368e-06	1.90736e-05	2.19346e-05	94.902
492.2041	9.122	6.08555986e-11	2.00273e-05	-2.57493e-05	3.14715e-05	-45.0
493.6917	9.126	6.08822838e-11	2.86104e-06	-4.7684e-06	1.71663e-05	-23.808
495.1957	9.13	6.0908969e-11	2.00273e-05	-3.81473e-06	9.5368e-06	-41.634
496.6829	9.134	6.09356542e-11	3.81473e-06	-1.62126e-05	1.71663e-05	-75.468
498.4408	9.138	6.09623394e-11	-1.33515e-05	1.04905e-05	1.04905e-05	175.602
499.9296	9.142	6.098902459999999e-11	-9.5368e-06	3.71935e-05	3.33788e-05	90.0
501.4159	9.146	6.10157098e-11	-1.04905e-05	-4.7684e-06	1.90736e-05	-153.438
502.9359	9.15	6.1042395e-11	2.9564e-05	4.7684e-06	2.86103e-05	25.974
504.4397	9.154	6.10690802e-11	-4.7684e-06	3.81473e-06	5.72208e-06	150.252
506.2142	9.158	6.109576539999999e-11	-3.33788e-05	1.04905e-05	3.43325e-05	159.306
507.7024	9.162	6.11224506e-11	1.90736e-06	2.6703e-05	2.86103e-05	84.918
509.1897	9.166	6.11491358e-11	2.57493e-05	1.14442e-05	2.47956e-05	27.978
510.6931	9.17	6.1175821e-11	-2.6703e-05	6.67575e-06	2.19346e-05	159.228
512.1959	9.174	6.12025062e-11	3.05178e-05	-2.3842e-05	4.00546e-05	-25.254
513.7153	9.178	6.12291914e-11	2.86104e-06	-9.53682e-07	8.58313e-06	25.344
515.202	9.182	6.12558766e-11	1.62126e-05	-7.62945e-06	1.90736e-05	-14.532
516.6905	9.186	6.128256179999999e-11	3.05178e-05	2.57493e-05	4.19619e-05	40.398
518.4498	9.19	6.130924699999999e-11	-2.0981e-05	5.0545e-05	5.53133e-05	123.69
519.9359	9.194	6.13359322e-11	2.00273e-05	-5.24523e-05	5.72207e-05	-67.584
521.4391	9.198	6.13626174e-11	8.58313e-06	-9.5368e-06	8.58313e-06	-30.966
522.9271	9.202	6.13893026e-11	-2.86104e-06	-3.43325e-05	3.24252e-05	-109.572
524.4471	9.206	6.14159878e-11	1.04905e-05	2.57493e-05	3.14715e-05	45.804
525.9507	9.21	6.144267300000001e-11	-3.71935e-05	-2.28883e-05	3.91009e-05	-154.746
527.4849	9.214	6.146935819999999e-11	5.72208e-06	2.00273e-05	1.90736e-05	55.176
529.2294	9.218	6.149604339999999e-11	-2.86104e-06	2.76567e-05	2.3842e-05	88.092
530.7327	9.222	6.152272859999999e-11	-3.14715e-05	3.81473e-06	3.05178e-05	168.18
532.2508	9.226	6.15494138e-11	-3.81473e-06	-2.00273e-05	1.90736e-05	-95.904
533.7375	9.23	6.1576099e-11	-6.67575e-06	1.43052e-05	1.43052e-05	101.886
535.2414	9.234	6.16027842e-11	-1.14442e-05	2.6703e-05	3.05178e-05	108.036
536.7301	9.238	6.16294694e-11	-3.81473e-06	-6.67575e-06	8.58313e-06	-49.764
538.2175	9.242	6.165615460000001e-11	2.86104e-06	2.3842e-05	2.0981e-05	81.57
539.7208	9.246	6.16828398e-11	-1.71663e-05	2.86104e-06	2.57493e-05	162.804
541.2083	9.25	6.1709525e-11	2.86104e-06	-4.7684e-06	8.58313e-06	-11.886
542.7269	9.254	6.173621019999999e-11	-4.67303e-05	8.58313e-06	4.29156e-05	170.688
544.1981	9.258	6.176289539999999e-11	-1.52589e-05	3.52862e-05	4.19619e-05	124.92
545.6858	9.262	6.17895806e-11	-1.90736e-05	-2.28883e-05	2.86103e-05	-125.094
547.173	9.266	6.18162658e-11	-3.14715e-05	1.90736e-05	3.71935e-05	146.592
548.9329	9.27	6.1842951e-11	-9.5368e-06	8.58313e-06	1.52589e-05	143.532
550.4202	9.274	6.186963619999999e-11	-1.71663e-05	1.43052e-05	2.19346e-05	142.122
551.9226	9.278	6.18963214e-11	2.19346e-05	-3.81473e-06	2.3842e-05	-1.506
553.4259	9.282	6.19230066e-11	8.58313e-06	-2.9564e-05	2.6703e-05	-75.258
554.8983	9.286	6.19496918e-11	-4.7684e-06	1.14442e-05	1.81199e-05	131.346
556.3857	9.29	6.197637699999999e-11	-2.3842e-05	-3.81473e-06	2.3842e-05	-169.992
557.872	9.294	6.20030622e-11	4.29156e-05	-9.53682e-07	4.10082e-05	0.924
559.3924	9.298	6.20297474e-11	8.58313e-06	8.58313e-06	1.04905e-05	67.62
560.8958	9.302	6.205643259999999e-11	-2.28883e-05	-1.33515e-05	2.00273e-05	-162.18
562.3832	9.306	6.208311779999999e-11	-2.3842e-05	-2.00273e-05	3.05178e-05	-151.698
563.8706	9.31	6.2109803e-11	-5.72208e-06	-1.71663e-05	1.71663e-05	-101.31
565.3737	9.314	6.21364882e-11	-2.00273e-05	5.72208e-06	1.62126e-05	171.87
566.8932	9.318	6.21631734e-11	1.71663e-05	-1.04905e-05	2.57493e-05	-42.186
568.3959	9.322	6.21898586e-11	-2.3842e-05	5.72208e-06	2.3842e-05	178.452
569.884	9.326	6.22165438e-11	2.28883e-05	-2.86104e-06	2.00273e-05	-5.904
571.3874	9.33	6.224322899999999e-11	2.6703e-05	-5.3406e-05	5.53133e-05	-67.272
572.8903	9.334	6.226991419999999e-11	-1.04905e-05	7.62945e-06	1.52589e-05	150.252
574.3608	9.338	6.229659939999999e-11	-2.00273e-05	-3.24252e-05	3.81472e-05	-120.804
575.8656	9.342	6.23232846e-11	9.5368e-06	-2.76567e-05	2.6703e-05	-88.566
577.3513	9.346	6.23499698e-11	-1.71663e-05	-2.86104e-06	1.43052e-05	-159.774
579.111	9.35	6.2376655e-11	-1.81199e-05	0.0	1.52589e-05	-175.236
580.6145	9.354	6.24033402e-11	-7.1526e-05	-2.28883e-05	7.72481e-05	-159.726
582.1177	9.358	6.24300254e-11	-1.62126e-05	-1.23978e-05	2.19346e-05	-168.366
583.5894	9.362	6.245671059999999e-11	-7.53407e-05	0.0	7.72481e-05	177.534
585.0935	9.366	6.248339579999999e-11	1.52589e-05	-1.62126e-05	2.57493e-05	-23.388
586.5808	9.37	6.251008099999999e-11	-4.86376e-05	1.90736e-06	4.57766e-05	177.582
588.084	9.374	6.25367662e-11	-1.81199e-05	3.14715e-05	3.33788e-05	109.98
589.826	9.378	6.25634514e-11	-1.43052e-05	-1.71663e-05	2.19346e-05	-114.444
591.3459	9.382	6.25901366e-11	-2.00273e-05	1.04905e-05	9.5368e-06	135.0
592.8485	9.386	6.261682179999999e-11	-2.9564e-05	8.58313e-06	2.3842e-05	156.252
594.3358	9.39	6.2643507e-11	-7.62945e-06	1.71663e-05	1.71663e-05	117.642
595.8232	9.394	6.26701922e-11	-2.57493e-05	-2.28883e-05	2.57493e-05	-131.88
597.6001	9.398	6.26968774e-11	-2.47956e-05	-2.76567e-05	3.91009e-05	-146.574
599.1036	9.402	6.272356259999999e-11	2.28883e-05	-3.14715e-05	3.52862e-05	-60.708
600.5908	9.406	6.27502478e-11	-7.43871e-05	1.23978e-05	6.48503e-05	164.31
602.3332	9.41	6.2776933e-11	-2.86103e-05	4.7684e-06	3.43325e-05	168.054
603.8375	9.414	6.28036182e-11	-1.43052e-05	-7.62945e-06	1.23978e-05	-173.988
605.3249	9.418	6.283030339999999e-11	-2.00273e-05	3.43325e-05	4.29156e-05	127.206
606.8123	9.422	6.28569886e-11	-9.5368e-06	-2.00273e-05	2.28883e-05	-112.992
608.3151	9.426	6.28836738e-11	-2.3842e-05	-2.86103e-05	3.52862e-05	-131.904
610.0749	9.43	6.2910359e-11	6.67575e-06	3.81473e-06	5.72208e-06	74.052
611.5773	9.434	6.29370442e-11	-5.0545e-05	9.53682e-07	4.76839e-05	-177.546
613.0658	9.438	6.29637294e-11	-1.33515e-05	-3.81473e-06	1.52589e-05	-153.438
614.5691	9.442	6.29904146e-11	-1.62126e-05	1.90736e-05	2.76567e-05	142.65
616.0725	9.446	6.301709979999999e-11	-2.47956e-05	2.6703e-05	3.43325e-05	130.974
617.5758	9.45	6.304378499999999e-11	-6.67575e-06	-1.23978e-05	1.71663e-05	-126.468
619.063	9.454	6.30704702e-11	-2.6703e-05	-2.86104e-06	3.81472e-05	178.236
620.5505	9.458	6.30971554e-11	-4.7684e-06	8.58313e-06	1.14442e-05	112.836
622.0536	9.462	6.31238406e-11	-4.29156e-05	-5.6267e-05	7.43871e-05	-140.712
623.5408	9.466	6.31505258e-11	-4.00546e-05	-3.33788e-05	4.67303e-05	-132.564
625.0123	9.47	6.317721100000001e-11	1.90736e-06	2.86103e-05	2.76567e-05	94.29
626.531	9.474	6.320389619999999e-11	-7.62945e-06	-4.7684e-06	5.72208e-06	-171.87
628.2908	9.478	6.323058139999999e-11	-7.34334e-05	-1.62126e-05	6.96187e-05	-168.918
629.7939	9.482	6.325726659999999e-11	-1.81199e-05	-9.5368e-06	2.9564e-05	-158.628
631.2971	9.486	6.32839518e-11	-2.28883e-05	1.04905e-05	2.19346e-05	150.948
632.7853	9.49	6.3310637e-11	-3.33788e-05	-3.71935e-05	4.57766e-05	-124.854
634.3047	9.494	6.33373222e-11	-4.00546e-05	-2.47956e-05	4.86376e-05	-149.532
635.8081	9.498	6.33640074e-11	-2.9564e-05	-1.33515e-05	2.86103e-05	-153.438
637.2956	9.502	6.33906926e-11	-1.43052e-05	-3.05178e-05	2.6703e-05	-96.522
638.7989	9.506	6.34173778e-11	-2.9564e-05	1.90736e-05	2.6703e-05	144.294
640.5742	9.51	6.344406299999999e-11	-4.95913e-05	-3.81472e-05	5.53133e-05	-128.994
642.0608	9.514	6.347074819999999e-11	-4.95913e-05	3.14715e-05	5.6267e-05	152.208
643.5808	9.518	6.34974334e-11	-4.57766e-05	-3.43325e-05	5.43597e-05	-141.882
645.0682	9.522	6.35241186e-11	-3.33788e-05	-1.14442e-05	4.57766e-05	-164.874
646.5709	9.526	6.35508038e-11	-4.86376e-05	2.9564e-05	6.5804e-05	157.38
648.0739	9.53	6.357748899999999e-11	-2.9564e-05	-1.14442e-05	2.86103e-05	-154.026
649.5624	9.534	6.36041742e-11	-5.14986e-05	-2.28883e-05	5.0545e-05	-156.114
651.3044	9.538	6.36308594e-11	-6.2943e-05	-2.57493e-05	6.67577e-05	-153.69
652.8073	9.542	6.36575446e-11	-6.48503e-05	-2.47956e-05	6.19893e-05	-155.772
654.2785	9.546	6.368422979999999e-11	-3.14715e-05	-2.00273e-05	3.71935e-05	-151.632
655.7837	9.55	6.3710915e-11	-4.00546e-05	-4.86376e-05	6.48503e-05	-120.666
657.286	9.554	6.37376002e-11	-6.96187e-05	-6.67575e-06	5.6267e-05	-164.556
659.0623	9.558	6.37642854e-11	-2.28883e-05	-3.14715e-05	3.43325e-05	-122.124
660.5657	9.562	6.379097059999999e-11	-3.91009e-05	-5.0545e-05	6.38966e-05	-135.84
662.0531	9.566	6.38176558e-11	-1.52589e-05	1.52589e-05	3.05178e-05	146.592
663.5405	9.57	6.3844341e-11	-4.48229e-05	-3.24252e-05	5.72207e-05	-148.92
665.0271	9.574	6.38710262e-11	-3.33788e-05	4.57766e-05	5.6267e-05	123.876
666.8031	9.578	6.38977114e-11	-4.57766e-05	-3.05178e-05	5.72207e-05	-150.57
668.3224	9.582	6.39243966e-11	-6.5804e-05	-3.14715e-05	7.1526e-05	-159.696
669.8259	9.586	6.39510818e-11	-4.19619e-05	-1.04905e-05	3.91009e-05	-163.782
671.3607	9.59	6.397776699999999e-11	-8.96459e-05	-3.71935e-05	0.000105858	-158.598
672.8641	9.594	6.400445219999999e-11	-0.000100136	-4.86376e-05	0.000117302	-153.012
674.3679	9.598	6.40311374e-11	-7.82018e-05	-7.34334e-05	0.000100136	-129.174
675.8708	9.602	6.40578226e-11	-9.25069e-05	-9.15532e-05	0.000127793	-136.488
677.3746	9.606	6.40845078e-11	-7.82018e-05	-2.6703e-05	9.25069e-05	-157.536
679.1659	9.61	6.4111193e-11	-6.19893e-05	-1.14442e-05	6.48503e-05	-158.298
680.6681	9.614	6.413787820000001e-11	-0.00010109	-3.05178e-05	0.000105858	-162.954
682.1559	9.618	6.416456339999999e-11	-6.5804e-05	-3.43325e-05	7.91554e-05	-152.178
683.6282	9.622	6.419124859999999e-11	-5.6267e-05	-7.05724e-05	8.48775e-05	-122.928
685.1308	9.626	6.421793379999999e-11	-7.43871e-05	-3.43325e-05	8.58312e-05	-156.168
686.6348	9.63	6.4244619e-11	-6.96187e-05	-2.0981e-05	6.77113e-05	-167.904
688.1364	9.634	6.42713042e-11	-2.47956e-05	-3.33788e-05	3.91009e-05	-125.538
689.6575	9.638	6.42979894e-11	-6.19893e-05	-3.14715e-05	6.19893e-05	-151.134
691.1598	9.642	6.43246746e-11	-7.53407e-05	-4.29156e-05	8.48775e-05	-156.084
692.6644	9.646	6.43513598e-11	-0.000100136	-5.3406e-05	0.000112534	-154.656
694.1511	9.65	6.4378045e-11	-3.62399e-05	-1.43052e-05	3.91009e-05	-158.7
695.639	9.654	6.44047302e-11	-8.86922e-05	-1.33515e-05	8.29701e-05	-170.538
697.3983	9.658	6.443141539999999e-11	-6.5804e-05	-3.33788e-05	7.53407e-05	-152.1
698.917	9.662	6.44581006e-11	-7.82018e-05	-4.95913e-05	9.05995e-05	-144.366
700.4208	9.666	6.44847858e-11	-0.000130654	-5.53133e-05	0.000134469	-154.338
702.1631	9.67	6.4511471e-11	-8.01091e-05	-4.86376e-05	9.25069e-05	-150.102
703.6671	9.674	6.453815619999999e-11	-7.62944e-05	-6.48503e-05	9.91826e-05	-142.194
705.1707	9.678	6.45648414e-11	-7.62944e-05	-5.43597e-05	9.15532e-05	-141.984
706.6581	9.682	6.45915266e-11	-4.38693e-05	-7.72481e-05	8.77385e-05	-121.038
708.1764	9.686	6.46182118e-11	-8.29701e-05	-2.47956e-05	8.39238e-05	-161.994
709.9359	9.69	6.4644897e-11	-9.63216e-05	-7.43871e-05	0.000120163	-143.766
711.424	9.694	6.46715822e-11	-9.91826e-05	-6.38966e-05	0.000112534	-146.022
712.9108	9.698	6.46982674e-11	-9.34605e-05	-3.91009e-05	0.000102997	-159.228
714.3979	9.702	6.472495259999999e-11	-0.000117302	-3.62399e-05	0.000131608	-163.98
715.8859	9.706	6.475163779999999e-11	-9.53679e-05	-2.28883e-05	9.91826e-05	-165.042
717.3901	9.71	6.4778323e-11	-0.000106812	-3.91009e-05	0.00011921	-163.926
718.8935	9.714	6.48050082e-11	-0.000100136	-8.10628e-05	0.000131608	-144.162
720.6688	9.718	6.48316934e-11	-0.000120163	-7.53407e-05	0.000135423	-146.472
722.1559	9.722	6.48583786e-11	-0.000118256	-5.0545e-05	0.00011921	-152.85
723.6595	9.726	6.488506380000001e-11	-8.86922e-05	-8.48775e-05	0.000121117	-139.8
725.1458	9.73	6.4911749e-11	-0.000128747	-2.6703e-05	0.000134469	-169.416
726.6343	9.734	6.493843419999999e-11	-0.000123979	-7.53407e-05	0.000144006	-147.996
728.4095	9.738	6.496511939999999e-11	-0.000120163	-5.24523e-05	0.000125886	-160.344
729.9128	9.742	6.49918046e-11	-0.000141145	-5.81744e-05	0.000150681	-159.414
731.4001	9.746	6.50184898e-11	-0.000105858	-7.24797e-05	0.000125886	-144.288
733.175	9.75	6.5045175e-11	-9.44142e-05	-5.81744e-05	0.000107766	-147.078
734.6947	9.754	6.50718602e-11	-0.000166894	-7.1526e-05	0.000179292	-157.164
736.1971	9.758	6.50985454e-11	-9.53679e-05	-4.76839e-05	0.000112534	-157.23
737.6839	9.762	6.51252306e-11	-0.000106812	-7.1526e-05	0.000125886	-148.512
739.1729	9.766	6.515191579999999e-11	-0.000104905	-6.96187e-05	0.000123025	-149.088
740.9308	9.77	6.517860099999999e-11	-0.00010109	-6.77113e-05	0.000120163	-145.164
742.4195	9.774	6.520528619999999e-11	-9.91826e-05	-5.43597e-05	0.000112534	-154.332
743.9388	9.778	6.52319714e-11	-0.000113488	-4.95913e-05	0.000122071	-155.118
745.4578	9.782	6.52586566e-11	-8.96459e-05	-7.72481e-05	0.000109673	-132.012
746.9452	9.786	6.52853418e-11	-9.15532e-05	-5.14986e-05	0.000103951	-150.162
748.4329	9.79	6.531202699999999e-11	-7.05724e-05	-3.62399e-05	7.72481e-05	-152.562
749.9358	9.794	6.53387122e-11	-6.67577e-05	-1.62126e-05	7.05724e-05	-167.532
751.4557	9.798	6.53653974e-11	-2.9564e-05	-3.81472e-05	4.57766e-05	-124.38
752.9591	9.802	6.53920826e-11	-1.90736e-05	-4.48229e-05	4.86376e-05	-120.144
754.4776	9.806	6.541876779999999e-11	-2.47956e-05	-4.38693e-05	5.14986e-05	-124.284
755.9807	9.81	6.5445453e-11	7.62945e-06	-4.48229e-05	4.19619e-05	-89.046
757.4521	9.814	6.54721382e-11	1.71663e-05	-3.62399e-05	4.19619e-05	-49.494
759.2124	9.818	6.549882339999999e-11	9.05995e-05	1.90736e-05	9.44142e-05	10.764
760.7159	9.822	6.552550859999999e-11	0.000100136	3.14715e-05	0.000104905	18.66
762.203	9.826	6.55521938e-11	0.000123979	-1.81199e-05	0.000118256	-9.57
763.9785	9.83	6.5578879e-11	0.000167848	3.52862e-05	0.000169755	13.494
765.4658	9.834	6.56055642e-11	0.000219346	5.43597e-05	0.000225068	13.872
766.9692	9.838	6.56322494e-11	0.000254633	6.38966e-05	0.000267984	13.968
768.472	9.842	6.56589346e-11	0.000372889	0.000139237	0.000389101	20.43
769.9757	9.846	6.568561979999999e-11	0.000417711	0.000116349	0.000442507	16.986
771.7352	9.85	6.571230499999999e-11	0.000497822	0.000159265	0.000534061	17.826
773.2213	9.854	6.573899019999999e-11	0.000513081	0.000172616	0.000539783	18.078
774.7099	9.858	6.57656754e-11	0.000612263	0.000182153	0.000631336	16.554
776.2282	9.862	6.57923606e-11	0.000703815	0.000201226	0.00072575	17.25
777.6992	9.866	6.58190458e-11	0.000787739	0.000217439	0.000816349	15.546
779.2032	9.87	6.5845731e-11	0.00077248	0.000241281	0.000812534	17.442
780.7227	9.874	6.58724162e-11	0.000878338	0.000324251	0.000932697	21.414
782.2258	9.878	6.589910139999999e-11	0.000926975	0.000308039	0.000989921	18.024
783.713	9.882	6.592578659999999e-11	0.000907902	0.000382425	0.000986107	23.298
785.2158	9.886	6.595247179999999e-11	0.000949863	0.000342371	0.00101376	19.824
786.7048	9.89	6.5979157e-11	0.000909809	0.000364305	0.000980385	21.612
788.2072	9.894	6.60058422e-11	0.000877384	0.00036812	0.000957493	22.794
789.9671	9.898	6.60325274e-11	0.000777248	0.000415804	0.000881199	27.978
791.4548	9.902	6.60592126e-11	0.000686649	0.000424387	0.00080109	32.31
792.941	9.906	6.60858978e-11	0.000559811	0.000407221	0.000693325	35.736
794.7008	9.91	6.6112583e-11	0.000382425	0.000395777	0.000550274	46.128
796.2202	9.914	6.613926819999999e-11	0.000268938	0.000352861	0.000441553	52.728
797.7399	9.918	6.616595339999999e-11	4.38693e-05	0.000261309	0.000265123	77.904
799.2436	9.922	6.61926386e-11	-8.29701e-05	0.000234605	0.000248911	107.37
800.7458	9.926	6.62193238e-11	-0.000210763	0.000181199	0.000280382	139.812
802.5222	9.93	6.6246009e-11	-0.00035763	0.000106812	0.000373842	164.334
804.0256	9.934	6.627269419999999e-11	-0.000483515	2.19346e-05	0.000480654	177.204
805.5282	9.938	6.62993794e-11	-0.000537876	-5.6267e-05	0.0005312	-174.024
807.0321	9.942	6.63260646e-11	-0.00052071	-0.000113488	0.000532154	-168.228
808.5508	9.946	6.63527498e-11	-0.00054932	-0.000191689	0.000574116	-161.376
810.0549	9.95	6.6379435e-11	-0.000560764	-0.000271799	0.000613216	-153.828
811.5423	9.954	6.64061202e-11	-0.000507358	-0.00025654	0.00055695	-152.478
813.3176	9.958	6.64328054e-11	-0.000428202	-0.000330927	0.000530247	-141.372
814.8208	9.962	6.645949059999999e-11	-0.000343325	-0.000312807	0.00046921	-137.52
816.323	9.966	6.648617579999999e-11	-0.000257494	-0.00032139	0.000407221	-128.454
817.7956	9.97	6.6512861e-11	-0.000153542	-0.000279428	0.000313761	-117.282
819.299	9.974	6.65395462e-11	-3.81472e-05	-0.000209809	0.000215531	-99.864
821.0744	9.978	6.65662314e-11	-1.81199e-05	-0.000193597	0.000196458	-96.984
822.5766	9.982	6.65929166e-11	6.67577e-05	-0.000143052	0.000156404	-65.346
824.0808	9.986	6.66196018e-11	5.53133e-05	-0.000108719	0.000121117	-62.304
825.8558	9.99	6.664628699999999e-11	0.000115395	-3.43325e-05	0.000116349	-24.498
827.3585	9.994	6.667297219999999e-11	6.48503e-05	-1.04905e-05	8.01091e-05	-14.256
828.8458	9.998	6.669965739999999e-11	9.72752e-05	2.00273e-05	9.44142e-05	14.442
830.3343	10.002	6.67263426e-11	2.3842e-05	6.67575e-06	2.00273e-05	29.25
831.8208	10.006	6.67530278e-11	-2.6703e-05	1.52589e-05	3.62399e-05	159.102
833.563	10.01	6.6779713e-11	-9.5368e-06	6.8665e-05	7.1526e-05	91.536
835.0523	10.014	6.68063982e-11	-4.00546e-05	4.86376e-05	6.19893e-05	135.438
836.5387	10.018	6.68330834e-11	-4.86376e-05	0.0	5.24523e-05	-171.498
838.0413	10.022	6.68597686e-11	-2.47956e-05	1.52589e-05	2.9564e-05	154.536
839.562	10.026	6.688645379999999e-11	-2.28883e-05	-2.86104e-06	1.90736e-05	-175.764
841.0659	10.03	6.691313899999999e-11	5.72208e-06	1.71663e-05	1.33515e-05	128.16
842.5533	10.034	6.69398242e-11	1.90736e-06	-2.47956e-05	2.47956e-05	-90.0
844.3284	10.038	6.69665094e-11	5.72207e-05	-4.10082e-05	7.43871e-05	-30.258
845.8157	10.042	6.69931946e-11	7.24797e-05	-4.38693e-05	8.77385e-05	-28.848
847.3193	10.046	6.70198798e-11	3.14715e-05	-5.72208e-06	3.33788e-05	-4.314
848.8386	10.05	6.7046565e-11	6.48503e-05	2.86104e-06	6.10356e-05	5.712
850.3251	10.054	6.70732502e-11	4.76839e-05	-2.47956e-05	6.5804e-05	-17.604
852.1006	10.058	6.70999354e-11	2.6703e-05	2.19346e-05	3.14715e-05	42.186
853.5716	10.062	6.712662059999999e-11	-3.62399e-05	5.81744e-05	7.1526e-05	131.286
855.0599	10.066	6.71533058e-11	-3.91009e-05	4.76839e-05	5.9128e-05	125.838
856.5633	10.07	6.7179991e-11	-5.81744e-05	2.6703e-05	6.00817e-05	149.472
858.066	10.074	6.72066762e-11	-5.9128e-05	1.52589e-05	5.72207e-05	167.256
859.8579	10.078	6.723336139999999e-11	-8.67848e-05	1.90736e-06	8.77385e-05	176.61
861.3758	10.082	6.72600466e-11	-6.00817e-05	-9.5368e-06	6.77113e-05	-175.404
862.8639	10.086	6.72867318e-11	-5.9128e-05	-3.71935e-05	6.38966e-05	-143.25
864.6394	10.09	6.7313417e-11	-3.81472e-05	-2.9564e-05	4.19619e-05	-147.894
866.1271	10.094	6.73401022e-11	-5.24523e-05	-1.62126e-05	5.0545e-05	-154.158
867.6147	10.098	6.73667874e-11	-1.62126e-05	-4.86376e-05	4.95913e-05	-107.214
869.1012	10.102	6.73934726e-11	3.91009e-05	-5.6267e-05	6.77113e-05	-57.822
870.5894	10.106	6.742015779999999e-11	5.43597e-05	-4.48229e-05	7.05724e-05	-43.452
872.3477	10.11	6.744684299999999e-11	1.33515e-05	-3.14715e-05	3.71935e-05	-70.464
873.8521	10.114	6.74735282e-11	4.57766e-05	-2.00273e-05	5.53133e-05	-16.392
875.3556	10.118	6.75002134e-11	4.48229e-05	-2.76567e-05	5.9128e-05	-31.806
876.8587	10.122	6.75268986e-11	1.43052e-05	-2.86104e-06	1.81199e-05	-25.71
878.3459	10.126	6.75535838e-11	-1.90736e-06	0.0	5.72208e-06	-11.31
879.8496	10.13	6.758026900000001e-11	-2.9564e-05	4.38693e-05	5.53133e-05	125.052
881.3359	10.134	6.760695419999999e-11	-9.34605e-05	2.86103e-05	9.91826e-05	165.78
883.112	10.138	6.763363939999999e-11	-0.00011158	-4.7684e-06	0.000103951	-175.836
884.5995	10.142	6.766032459999999e-11	-0.000153542	-2.86104e-06	0.000154496	177.78
886.1015	10.146	6.76870098e-11	-0.000175477	-3.62399e-05	0.000172616	-166.668
887.6058	10.15	6.7713695e-11	-0.00013733	-2.00273e-05	0.000135423	-172.98
889.0936	10.154	6.77403802e-11	-0.000160218	-4.29156e-05	0.000163079	-164.436
890.8519	10.158	6.77670654e-11	-0.000166894	-6.8665e-05	0.000174523	-156.216
892.3559	10.162	6.77937506e-11	-0.000110627	-6.48503e-05	0.000123979	-147.672
893.8582	10.166	6.78204358e-11	-0.000104905	-8.01091e-05	0.000139237	-145.338
895.6343	10.17	6.7847121e-11	-0.00011158	-8.01091e-05	0.000134469	-144.726
897.1215	10.174	6.787380619999999e-11	-6.00817e-05	-8.29701e-05	9.25069e-05	-123.456
898.6077	10.178	6.79004914e-11	-4.00546e-05	-0.000100136	0.000102997	-112.296
900.1129	10.182	6.79271766e-11	2.6703e-05	-5.6267e-05	6.77113e-05	-62.214
901.5992	10.186	6.79538618e-11	7.1526e-05	-1.90736e-05	7.43871e-05	-8.706
903.3594	10.19	6.798054699999999e-11	7.91554e-05	-1.90736e-05	7.43871e-05	-7.908
904.8464	10.194	6.80072322e-11	9.25069e-05	2.86103e-05	9.63216e-05	15.006
906.35	10.198	6.80339174e-11	0.000123025	-6.67575e-06	0.000123025	-3.126
907.8535	10.202	6.80606026e-11	0.000156404	1.14442e-05	0.000163079	3.216
909.3407	10.206	6.80872878e-11	0.000105858	3.71935e-05	0.000118256	16.698
910.8442	10.21	6.8113973e-11	0.000110627	6.77113e-05	0.000127793	31.068
912.3308	10.214	6.81406582e-11	7.1526e-05	6.38966e-05	9.25069e-05	45.588
914.0903	10.218	6.81673434e-11	7.53407e-05	7.34334e-05	0.000106812	47.958
915.5943	10.222	6.819402859999999e-11	1.52589e-05	4.67303e-05	5.14986e-05	66.99
917.0971	10.226	6.82207138e-11	-4.29156e-05	3.81473e-06	4.19619e-05	176.424
918.585	10.23	6.8247399e-11	-3.81472e-05	4.38693e-05	6.00817e-05	131.988
920.0559	10.234	6.82740842e-11	-7.1526e-05	4.29156e-05	8.20165e-05	146.058
921.8156	10.238	6.83007694e-11	-8.86922e-05	4.38693e-05	0.000105858	158.064
923.3181	10.242	6.832745460000001e-11	-6.48503e-05	-9.5368e-06	7.91554e-05	-169.734
924.8059	10.246	6.83541398e-11	-0.000133515	-2.76567e-05	0.000132562	-170.874
926.5657	10.25	6.838082499999999e-11	-0.000120163	-2.9564e-05	0.000125886	-166.038
928.052	10.254	6.840751019999999e-11	-0.000139237	-6.67577e-05	0.00014782	-157.806
929.5553	10.258	6.843419539999999e-11	-5.6267e-05	-6.00817e-05	8.39238e-05	-130.314
931.0581	10.262	6.84608806e-11	-8.86922e-05	-5.72207e-05	0.000102997	-146.208
932.5458	10.266	6.84875658e-11	-6.2943e-05	-4.86376e-05	8.20165e-05	-143.13
934.2905	10.27	6.8514251e-11	-5.9128e-05	-1.71663e-05	5.9128e-05	-165.648
935.7778	10.274	6.85409362e-11	-3.81472e-05	-2.47956e-05	4.95913e-05	-147.756
937.2651	10.278	6.85676214e-11	1.43052e-05	-5.14986e-05	5.24523e-05	-74.358
938.7523	10.282	6.859430659999999e-11	1.90736e-06	-1.52589e-05	1.23978e-05	-64.98
940.2392	10.286	6.862099179999999e-11	4.38693e-05	-4.00546e-05	5.72207e-05	-49.842
941.7107	10.29	6.864767699999999e-11	1.33515e-05	-9.5368e-06	1.71663e-05	-21.372
943.1986	10.294	6.86743622e-11	2.00273e-05	3.05178e-05	3.24252e-05	64.536
944.9738	10.298	6.87010474e-11	2.19346e-05	1.90736e-06	3.05178e-05	-3.3
946.4763	10.302	6.87277326e-11	9.5368e-06	5.43597e-05	5.6267e-05	94.548
947.9646	10.306	6.875441779999999e-11	-4.00546e-05	9.5368e-06	3.62399e-05	147.774
949.4678	10.31	6.8781103e-11	-4.76839e-05	3.52862e-05	5.72207e-05	148.152
950.954	10.314	6.88077882e-11	-2.0981e-05	-3.81473e-06	2.19346e-05	-178.266
952.7145	10.318	6.883447339999999e-11	-3.24252e-05	-1.43052e-05	3.71935e-05	-158.196
954.2009	10.322	6.886115859999999e-11	-4.57766e-05	1.90736e-05	4.86376e-05	161.568
955.7053	10.326	6.88878438e-11	-3.62399e-05	-2.9564e-05	4.57766e-05	-145.146
957.4797	10.33	6.8914529e-11	-8.58313e-06	-1.71663e-05	1.62126e-05	-129.804
958.9821	10.334	6.894121419999999e-11	8.58313e-06	-9.53682e-07	1.04905e-05	-6.012
960.4708	10.338	6.896789939999999e-11	-2.6703e-05	-2.0981e-05	3.62399e-05	-144.924
961.9906	10.342	6.89945846e-11	8.58313e-06	-1.04905e-05	2.0981e-05	-9.726
963.4771	10.346	6.90212698e-11	3.33788e-05	-4.67303e-05	6.10356e-05	-54.606
965.2362	10.35	6.9047955e-11	1.81199e-05	-9.5368e-06	1.62126e-05	-35.838
966.7246	10.354	6.90746402e-11	6.19893e-05	-2.00273e-05	5.6267e-05	-21.138
968.1959	10.358	6.91013254e-11	2.57493e-05	3.81473e-06	2.76567e-05	19.23
969.6832	10.362	6.912801059999999e-11	6.38966e-05	-1.71663e-05	6.96187e-05	-17.418
971.1858	10.366	6.915469579999999e-11	1.71663e-05	9.5368e-06	2.19346e-05	39.402
972.7058	10.37	6.918138099999999e-11	2.19346e-05	2.19346e-05	3.24252e-05	45.0
974.2252	10.374	6.92080662e-11	4.00546e-05	2.19346e-05	4.29156e-05	22.62
976.0006	10.378	6.92347514e-11	7.62945e-06	-2.86104e-06	1.23978e-05	-25.464
977.503	10.382	6.92614366e-11	3.81473e-06	-2.86103e-05	3.05178e-05	-61.782
979.0062	10.386	6.92881218e-11	-6.2943e-05	3.81472e-05	7.43871e-05	151.26
980.5258	10.39	6.9314807e-11	-4.7684e-06	-3.81473e-06	1.23978e-05	-171.57
982.0289	10.394	6.934149219999999e-11	-4.95913e-05	-7.62945e-06	5.24523e-05	-170.88
983.8052	10.398	6.936817739999999e-11	-6.2943e-05	-2.47956e-05	6.19893e-05	-159.906
985.2926	10.402	6.939486259999999e-11	-4.19619e-05	-2.86104e-06	4.48229e-05	-165.582
986.7792	10.406	6.94215478e-11	-2.47956e-05	-2.6703e-05	3.71935e-05	-129.426
988.5552	10.41	6.9448233e-11	-8.01091e-05	-1.62126e-05	7.43871e-05	-167.94
990.0582	10.414	6.94749182e-11	-0.000102044	-9.53682e-07	0.000106812	-178.224
991.5612	10.418	6.95016034e-11	-8.01091e-05	8.58313e-06	7.72481e-05	169.65
993.0482	10.422	6.95282886e-11	-6.38966e-05	3.05178e-05	7.05724e-05	155.112
994.5359	10.426	6.95549738e-11	-6.8665e-05	-1.71663e-05	5.9128e-05	-152.766
996.3116	10.43	6.958165899999999e-11	-0.000112534	-2.47956e-05	0.000106812	-165.33
997.8153	10.434	6.960834419999999e-11	-6.96187e-05	-3.81473e-06	6.77113e-05	176.076
999.3346	10.438	6.96350294e-11	-5.81744e-05	-2.6703e-05	6.38966e-05	-151.344
1000.8371	10.442	6.96617146e-11	-2.47956e-05	1.23978e-05	2.86103e-05	150.57
1002.3256	10.446	6.96883998e-11	-1.43052e-05	-4.76839e-05	5.0545e-05	-105.444
1003.8127	10.45	6.971508499999999e-11	1.90736e-06	-4.29156e-05	4.19619e-05	-83.946
1005.3159	10.454	6.97417702e-11	2.9564e-05	-2.28883e-05	3.71935e-05	-39.936
1007.0908	10.458	6.97684554e-11	5.72207e-05	-3.43325e-05	7.24797e-05	-27.018
1008.5941	10.462	6.97951406e-11	4.57766e-05	-4.86376e-05	7.05724e-05	-43.512
1010.0502	10.466	6.982182579999999e-11	7.91554e-05	-3.71935e-05	8.86922e-05	-26.946
1011.5536	10.47	6.9848511e-11	6.48503e-05	-7.62945e-06	6.2943e-05	-0.624
1013.0391	10.474	6.98751962e-11	7.62944e-05	4.38693e-05	9.25069e-05	32.172
1014.8002	10.478	6.990188139999999e-11	8.96459e-05	2.57493e-05	9.15532e-05	15.546
1016.3036	10.482	6.992856659999999e-11	6.19893e-05	4.19619e-05	7.72481e-05	34.506
1017.8059	10.486	6.99552518e-11	3.91009e-05	4.67303e-05	5.9128e-05	54.69
1019.5643	10.49	6.9981937e-11	1.23978e-05	2.86103e-05	2.86103e-05	82.404
1021.0531	10.494	7.00086222e-11	2.19346e-05	4.48229e-05	5.14986e-05	54.462
1022.573	10.498	7.00353074e-11	-6.67575e-06	3.33788e-05	3.81472e-05	114.588
1024.0759	10.502	7.00619926e-11	-3.71935e-05	7.05724e-05	8.01091e-05	117.408
1025.5638	10.506	7.008867779999999e-11	-3.81472e-05	4.19619e-05	6.5804e-05	141.006
1027.322	10.51	7.011536299999999e-11	-8.48775e-05	1.90736e-06	8.58312e-05	178.698
1028.8259	10.514	7.014204819999999e-11	-5.9128e-05	-1.43052e-05	5.72207e-05	-174.024
1030.3457	10.518	7.01687334e-11	-8.48775e-05	2.19346e-05	8.77385e-05	164.592
1031.8319	10.522	7.01954186e-11	-8.86922e-05	-3.62399e-05	9.63216e-05	-157.98
1033.3358	10.526	7.02221038e-11	-9.91826e-05	-2.47956e-05	9.91826e-05	-165.492
1034.8399	10.53	7.0248789e-11	-5.6267e-05	-7.34334e-05	9.05995e-05	-125.682
1036.3432	10.534	7.027547420000001e-11	-5.6267e-05	-7.1526e-05	8.77385e-05	-122.142
1038.1184	10.538	7.030215939999999e-11	-3.33788e-05	-3.05178e-05	4.76839e-05	-146.526
1039.605	10.542	7.032884459999999e-11	8.58313e-06	-2.86103e-05	2.9564e-05	-61.698
1041.1092	10.546	7.035552979999999e-11	1.43052e-05	4.7684e-06	1.14442e-05	25.02
1042.6285	10.55	7.0382215e-11	1.43052e-05	-4.00546e-05	4.48229e-05	-84.288
1044.1314	10.554	7.04089002e-11	8.29701e-05	-9.5368e-06	8.77385e-05	-4.692
1045.8908	10.558	7.04355854e-11	4.67303e-05	-1.90736e-05	5.9128e-05	-14.184
1047.3784	10.562	7.04622706e-11	7.91554e-05	-2.86104e-06	8.86922e-05	-5.382
1048.8658	10.566	7.04889558e-11	8.01091e-05	6.67575e-06	8.29701e-05	6.39
1050.3532	10.57	7.0515641e-11	9.25069e-05	-1.33515e-05	9.25069e-05	-6.294
1051.8559	10.574	7.05423262e-11	5.0545e-05	8.58313e-06	4.57766e-05	9.186
1053.6478	10.578	7.056901139999999e-11	6.77113e-05	8.39238e-05	0.000108719	46.938
1055.1351	10.582	7.05956966e-11	9.5368e-06	2.86103e-05	3.43325e-05	65.724
1056.6221	10.586	7.06223818e-11	-1.04905e-05	6.10356e-05	6.2943e-05	97.272
1058.3971	10.59	7.0649067e-11	9.53682e-07	3.62399e-05	3.71935e-05	96.444
1059.885	10.594	7.067575219999999e-11	-4.48229e-05	5.72208e-06	4.10082e-05	175.236
1061.4038	10.598	7.07024374e-11	-3.81472e-05	1.52589e-05	5.43597e-05	161.568
1062.9237	10.602	7.07291226e-11	2.86104e-06	2.86104e-06	1.04905e-05	60.948
1064.4432	10.606	7.07558078e-11	-4.29156e-05	3.33788e-05	5.3406e-05	142.668
1066.2174	10.61	7.0782493e-11	-3.81472e-05	1.90736e-05	3.71935e-05	140.856
1067.7208	10.614	7.08091782e-11	-6.2943e-05	1.52589e-05	7.05724e-05	164.934
1069.2092	10.618	7.08358634e-11	-4.57766e-05	9.53682e-07	4.19619e-05	177.228
1070.7125	10.622	7.086254859999999e-11	-3.33788e-05	-4.00546e-05	5.53133e-05	-125.382
1072.2159	10.626	7.088923379999999e-11	1.04905e-05	-9.53682e-07	1.04905e-05	25.02
1073.7015	10.63	7.0915919e-11	-1.04905e-05	-1.62126e-05	1.90736e-05	-91.59
1075.1906	10.634	7.09426042e-11	-2.57493e-05	1.52589e-05	3.05178e-05	167.094
1076.9499	10.638	7.09692894e-11	8.58313e-06	1.71663e-05	2.00273e-05	65.094
1078.4692	10.642	7.09959746e-11	1.43052e-05	-1.43052e-05	1.90736e-05	-34.284
1080.0035	10.646	7.102265980000001e-11	-4.7684e-06	1.90736e-06	1.43052e-05	178.026
1081.5071	10.65	7.104934499999999e-11	-9.5368e-06	-7.62945e-06	1.52589e-05	-123.024
1083.0107	10.654	7.107603019999999e-11	-2.57493e-05	-1.90736e-05	3.05178e-05	-149.472
1084.7698	10.658	7.110271539999999e-11	-3.71935e-05	9.53682e-07	3.33788e-05	-175.134
1086.2899	10.662	7.11294006e-11	-2.28883e-05	-1.43052e-05	3.05178e-05	-157.992
1087.8239	10.666	7.11560858e-11	-7.24797e-05	-2.3842e-05	7.24797e-05	-167.532
1089.6005	10.67	7.1182771e-11	-4.48229e-05	-1.90736e-05	4.10082e-05	-144.12
1091.0871	10.674	7.12094562e-11	-1.62126e-05	-6.67575e-06	1.81199e-05	-158.964
1092.5909	10.678	7.12361414e-11	-1.62126e-05	-6.67575e-06	1.43052e-05	-136.848
1094.0787	10.682	7.12628266e-11	-1.43052e-05	8.58313e-06	2.28883e-05	162.9
1095.5811	10.686	7.128951179999999e-11	2.47956e-05	-5.6267e-05	5.81744e-05	-69.204
1097.3558	10.69	7.131619699999999e-11	-2.9564e-05	-2.86104e-06	4.00546e-05	-168.516
1098.8288	10.694	7.13428822e-11	0.0	-3.14715e-05	2.6703e-05	-78.69
1100.332	10.698	7.13695674e-11	5.72208e-06	-3.71935e-05	4.00546e-05	-55.08
1101.8189	10.702	7.13962526e-11	-2.0981e-05	3.81473e-06	2.00273e-05	-174.474
1103.3059	10.706	7.14229378e-11	3.81473e-06	3.52862e-05	3.52862e-05	82.746
1104.8105	10.71	7.1449623e-11	-2.47956e-05	9.5368e-06	3.05178e-05	146.004
1106.2978	10.714	7.14763082e-11	0.0	-2.6703e-05	2.57493e-05	-117.18
1108.073	10.718	7.15029934e-11	3.81473e-06	-1.33515e-05	1.33515e-05	-78.69
1109.5756	10.722	7.15296786e-11	1.33515e-05	-3.33788e-05	3.24252e-05	-75.966
1111.0631	10.726	7.15563638e-11	-2.00273e-05	-4.38693e-05	4.86376e-05	-113.406
1112.583	10.73	7.1583049e-11	-6.67575e-06	-3.81473e-06	1.90736e-06	-71.568
1114.1023	10.734	7.16097342e-11	1.33515e-05	7.62945e-06	1.04905e-05	-18.432
1115.8776	10.738	7.163641939999999e-11	-3.81473e-06	-1.33515e-05	2.3842e-05	-145.374
1117.3959	10.742	7.16631046e-11	6.67575e-06	-2.6703e-05	2.57493e-05	-82.302
1118.8845	10.746	7.16897898e-11	1.71663e-05	1.90736e-05	2.47956e-05	68.964
1120.6596	10.75	7.1716475e-11	2.47956e-05	1.90736e-05	2.6703e-05	41.88
1122.1629	10.754	7.17431602e-11	5.24523e-05	3.24252e-05	6.38966e-05	35.814
1123.6495	10.758	7.17698454e-11	4.19619e-05	3.24252e-05	5.53133e-05	40.236
1125.1537	10.762	7.17965306e-11	2.28883e-05	-6.67575e-06	1.71663e-05	-23.202
1126.6556	10.766	7.182321579999999e-11	2.28883e-05	2.19346e-05	2.6703e-05	59.034
1128.4153	10.77	7.184990099999999e-11	-6.67575e-06	3.91009e-05	4.10082e-05	103.602
1129.9191	10.774	7.187658619999999e-11	-3.05178e-05	1.90736e-06	3.71935e-05	-178.026
1131.4213	10.778	7.19032714e-11	8.58313e-06	5.72208e-06	1.04905e-05	23.202
1132.9087	10.782	7.19299566e-11	-1.81199e-05	-4.7684e-06	2.86103e-05	-165.144
1134.3979	10.786	7.19566418e-11	-2.9564e-05	-2.86104e-06	2.86103e-05	-174.558
1135.8848	10.79	7.1983327e-11	1.90736e-05	3.71935e-05	3.81472e-05	75.468
1137.4047	10.794	7.20100122e-11	3.81473e-06	-2.86104e-06	3.81473e-06	-59.034
1138.9241	10.798	7.203669739999999e-11	2.19346e-05	-1.04905e-05	2.28883e-05	-45.0
1140.4435	10.802	7.206338259999999e-11	-1.14442e-05	3.24252e-05	2.86103e-05	88.53
1141.9307	10.806	7.209006779999999e-11	2.0981e-05	9.5368e-06	2.19346e-05	41.496
1143.4181	10.81	7.2116753e-11	2.6703e-05	1.33515e-05	3.62399e-05	35.538
1144.9056	10.814	7.21434382e-11	3.71935e-05	2.9564e-05	5.0545e-05	40.524
1146.6808	10.818	7.21701234e-11	-7.62945e-06	-1.62126e-05	1.52589e-05	-74.358
1148.2159	10.822	7.219680859999999e-11	1.23978e-05	1.04905e-05	2.00273e-05	25.2
1149.7195	10.826	7.22234938e-11	2.6703e-05	4.48229e-05	4.86376e-05	68.496
1151.4788	10.83	7.2250179e-11	-1.23978e-05	-2.0981e-05	2.0981e-05	-114.774
1152.9654	10.834	7.227686419999999e-11	-1.90736e-05	6.96187e-05	7.24797e-05	110.43
1154.4534	10.838	7.230354939999999e-11	-3.14715e-05	-1.33515e-05	3.05178e-05	-161.964
1155.9558	10.842	7.23302346e-11	-2.19346e-05	3.05178e-05	3.91009e-05	119.148
1157.4442	10.846	7.23569198e-11	-2.86104e-06	-1.90736e-05	2.00273e-05	-67.89
1159.2195	10.85	7.238360499999999e-11	-7.62945e-06	-1.81199e-05	1.62126e-05	-133.266
1160.7063	10.854	7.241029019999999e-11	-2.76567e-05	-1.14442e-05	2.86103e-05	-155.226
1162.193	10.858	7.24369754e-11	-2.28883e-05	-2.47956e-05	3.43325e-05	-137.292
1163.6968	10.862	7.24636606e-11	-2.9564e-05	-3.81472e-05	4.38693e-05	-140.526
1165.1847	10.866	7.24903458e-11	-4.57766e-05	-4.7684e-06	5.3406e-05	-169.878
1166.6721	10.87	7.2517031e-11	-2.86104e-06	-2.6703e-05	3.05178e-05	-112.206
1168.1595	10.874	7.25437162e-11	2.19346e-05	1.04905e-05	2.9564e-05	29.166
1169.6458	10.878	7.25704014e-11	-3.81473e-06	-2.19346e-05	2.00273e-05	-99.78
1171.1331	10.882	7.259708659999999e-11	2.0981e-05	-2.28883e-05	2.57493e-05	-38.928
1172.6208	10.886	7.262377179999999e-11	1.90736e-05	4.7684e-06	2.19346e-05	8.13
1174.1088	10.89	7.2650457e-11	6.67575e-06	1.90736e-06	6.67575e-06	17.1
1175.6122	10.894	7.26771422e-11	1.43052e-05	4.57766e-05	4.86376e-05	74.268
1177.3868	10.898	7.27038274e-11	4.76839e-05	3.52862e-05	6.00817e-05	38.262
1178.8743	10.902	7.27305126e-11	2.9564e-05	1.90736e-06	2.00273e-05	-2.118
1180.3782	10.906	7.27571978e-11	-2.9564e-05	-2.00273e-05	4.57766e-05	-152.388
1182.1534	10.91	7.278388299999999e-11	3.71935e-05	8.58313e-06	3.71935e-05	17.784
1183.6408	10.914	7.281056819999999e-11	2.0981e-05	4.19619e-05	5.14986e-05	65.274
1185.1443	10.918	7.283725339999999e-11	3.05178e-05	7.62945e-06	2.86103e-05	1.47
1186.6468	10.922	7.28639386e-11	-2.00273e-05	2.86104e-06	2.00273e-05	149.622
1188.1508	10.926	7.28906238e-11	1.04905e-05	1.23978e-05	1.71663e-05	64.29
1189.9102	10.93	7.2917309e-11	-3.43325e-05	1.23978e-05	3.91009e-05	161.844
1191.3976	10.934	7.29439942e-11	1.43052e-05	3.71935e-05	3.43325e-05	80.538
1192.8835	10.938	7.29706794e-11	-2.00273e-05	2.19346e-05	3.05178e-05	128.856
1194.3707	10.942	7.29973646e-11	-2.47956e-05	-7.62945e-06	2.28883e-05	-163.812
1195.8909	10.946	7.302404979999999e-11	-4.95913e-05	-1.62126e-05	5.72207e-05	-162.99
1197.4108	10.95	7.305073499999999e-11	-3.24252e-05	-4.10082e-05	5.24523e-05	-118.986
1198.8825	10.954	7.30774202e-11	1.52589e-05	0.0	1.14442e-05	-26.562
1200.6408	10.958	7.31041054e-11	-9.5368e-06	0.0	4.7684e-06	24.774
1202.1447	10.962	7.31307906e-11	-1.81199e-05	-5.81744e-05	6.38966e-05	-108.252
1203.6484	10.966	7.315747579999999e-11	-7.62945e-06	2.19346e-05	1.81199e-05	94.764
1205.1668	10.97	7.3184161e-11	-1.04905e-05	-3.81472e-05	3.71935e-05	-114.54
1206.6702	10.974	7.32108462e-11	3.81473e-06	-4.7684e-06	6.67575e-06	-23.964
1208.4459	10.978	7.32375314e-11	-1.62126e-05	-3.14715e-05	3.52862e-05	-123.39
1209.9338	10.982	7.326421659999999e-11	1.04905e-05	-1.71663e-05	2.57493e-05	-41.31
1211.42	10.986	7.32909018e-11	1.90736e-06	1.62126e-05	1.71663e-05	73.74
1213.1956	10.99	7.3317587e-11	-1.14442e-05	-2.19346e-05	1.71663e-05	-136.974
1214.6837	10.994	7.334427219999999e-11	4.7684e-06	-1.62126e-05	1.71663e-05	-78.312
1216.1859	10.998	7.337095739999999e-11	-1.62126e-05	2.00273e-05	2.19346e-05	108.432
1217.6584	11.002	7.33976426e-11	-3.14715e-05	-3.81473e-06	3.05178e-05	-165.066
1219.145	11.006	7.34243278e-11	0.0	-1.71663e-05	1.62126e-05	-87.708
1220.6651	11.01	7.3451013e-11	2.3842e-05	-5.72208e-06	3.24252e-05	-14.298
1222.1685	11.014	7.34776982e-11	8.58313e-06	1.23978e-05	1.23978e-05	53.748
1223.687	11.018	7.35043834e-11	5.81744e-05	1.71663e-05	5.81744e-05	17.592
1225.446	11.022	7.35310686e-11	2.19346e-05	1.14442e-05	2.19346e-05	22.482
1226.9184	11.026	7.355775379999999e-11	3.52862e-05	3.81472e-05	5.0545e-05	43.92
1228.4058	11.03	7.358443899999999e-11	4.10082e-05	2.57493e-05	4.86376e-05	36.714
1229.9093	11.034	7.36111242e-11	1.52589e-05	-1.43052e-05	1.33515e-05	-54.462
1231.3959	11.038	7.36378094e-11	2.6703e-05	0.0	3.05178e-05	3.504
1232.9153	11.042	7.36644946e-11	2.57493e-05	2.86104e-06	2.86103e-05	19.656
1234.4033	11.046	7.36911798e-11	2.86104e-06	-4.7684e-06	5.72208e-06	-118.608
1235.9059	11.05	7.371786500000001e-11	2.00273e-05	3.91009e-05	4.19619e-05	60.486
1237.4258	11.054	7.374455019999999e-11	1.52589e-05	-9.53682e-07	2.00273e-05	-1.974
1239.2006	11.058	7.377123539999999e-11	-2.28883e-05	-3.81473e-06	2.6703e-05	173.37
1240.7046	11.062	7.379792059999999e-11	-9.53682e-07	-1.04905e-05	1.23978e-05	-73.074
1242.2071	11.066	7.38246058e-11	-2.57493e-05	-1.43052e-05	3.14715e-05	-159.144
1243.7108	11.07	7.3851291e-11	-2.00273e-05	-9.5368e-06	2.19346e-05	174.642
1245.2146	11.074	7.38779762e-11	-1.04905e-05	-2.28883e-05	2.57493e-05	-130.914
1246.7499	11.078	7.39046614e-11	-6.2943e-05	2.3842e-05	6.77113e-05	155.184
1248.2374	11.082	7.39313466e-11	0.0	2.19346e-05	2.57493e-05	91.302
1249.7248	11.086	7.39580318e-11	2.47956e-05	0.0	2.19346e-05	1.974
1251.5	11.09	7.398471699999999e-11	5.72208e-06	-2.76567e-05	2.3842e-05	-104.418
1253.0016	11.094	7.401140219999999e-11	-1.71663e-05	-2.6703e-05	2.6703e-05	-100.716
1254.5059	11.098	7.40380874e-11	1.52589e-05	-7.62945e-06	2.47956e-05	-10.176
1255.9781	11.102	7.40647726e-11	-2.47956e-05	-2.00273e-05	2.47956e-05	-140.442
1257.4807	11.106	7.40914578e-11	2.19346e-05	-2.57493e-05	3.24252e-05	-34.044
1259.2408	11.11	7.411814299999999e-11	0.0	1.90736e-05	2.00273e-05	91.734
1260.7115	11.114	7.41448282e-11	3.52862e-05	1.04905e-05	4.48229e-05	10.374
1262.2137	11.118	7.41715134e-11	2.86103e-05	-7.62945e-06	3.81472e-05	-6.144
1263.7028	11.122	7.41981986e-11	3.81473e-06	2.57493e-05	2.76567e-05	75.648
1265.1892	11.126	7.42248838e-11	-1.14442e-05	-4.7684e-06	1.23978e-05	-166.608
1266.6776	11.13	7.4251569e-11	1.04905e-05	1.33515e-05	1.52589e-05	82.566
1268.1959	11.134	7.42782542e-11	-2.47956e-05	1.90736e-05	3.24252e-05	131.184
1269.9558	11.138	7.430493939999999e-11	-2.9564e-05	-1.62126e-05	3.14715e-05	-151.782
1271.4271	11.142	7.433162459999999e-11	-2.76567e-05	2.0981e-05	3.05178e-05	147.726
1272.9149	11.146	7.43583098e-11	-2.86103e-05	8.58313e-06	2.47956e-05	145.92
1274.4015	11.15	7.4384995e-11	-2.9564e-05	2.57493e-05	3.71935e-05	142.434
1275.8896	11.154	7.44116802e-11	-4.19619e-05	1.90736e-05	4.95913e-05	161.094
1277.3758	11.158	7.44383654e-11	-2.9564e-05	1.04905e-05	3.14715e-05	150.834
1278.8805	11.162	7.44650506e-11	1.52589e-05	1.04905e-05	2.19346e-05	16.188
1280.3677	11.166	7.449173579999999e-11	-2.00273e-05	-2.6703e-05	3.24252e-05	-136.686
1282.1258	11.17	7.451842099999999e-11	-3.81473e-06	-5.3406e-05	5.43597e-05	-96.264
1283.6145	11.174	7.454510619999999e-11	-2.3842e-05	3.81473e-06	2.3842e-05	162.552
1285.1014	11.178	7.45717914e-11	-2.86104e-06	-1.90736e-06	7.62945e-06	-161.568
1286.6051	11.182	7.45984766e-11	1.43052e-05	1.90736e-05	2.28883e-05	57.264
1288.0914	11.186	7.46251618e-11	4.86376e-05	-1.81199e-05	5.72207e-05	-24.288
1289.8507	11.19	7.4651847e-11	2.19346e-05	-9.53682e-07	1.71663e-05	-2.292
1291.3392	11.194	7.467853220000001e-11	2.86104e-06	-3.81473e-06	2.86104e-06	-135.0
1292.8415	11.198	7.47052174e-11	5.14986e-05	-3.91009e-05	6.38966e-05	-33.024
1294.3459	11.202	7.473190259999999e-11	3.24252e-05	3.14715e-05	4.67303e-05	31.392
1295.8493	11.206	7.475858779999999e-11	3.81473e-06	5.14986e-05	5.24523e-05	80.658
1297.3356	11.21	7.4785273e-11	1.04905e-05	1.90736e-05	1.71663e-05	90.0
1298.824	11.214	7.48119582e-11	9.53682e-07	6.67575e-06	1.14442e-05	22.248
1300.583	11.218	7.48386434e-11	-2.9564e-05	1.52589e-05	3.05178e-05	143.88
1302.1026	11.222	7.48653286e-11	-3.81472e-05	4.48229e-05	6.77113e-05	139.224
1303.6058	11.226	7.48920138e-11	-4.10082e-05	-3.71935e-05	5.53133e-05	-137.448
1305.1093	11.23	7.4918699e-11	-3.33788e-05	2.86104e-06	3.05178e-05	-178.782
1306.5959	11.234	7.49453842e-11	-9.5368e-06	6.67575e-06	5.72208e-06	171.87
1308.1	11.238	7.497206939999999e-11	-1.52589e-05	-2.76567e-05	3.52862e-05	-114.276
1309.6181	11.242	7.49987546e-11	-7.34334e-05	-2.9564e-05	7.05724e-05	-155.874
1311.0906	11.246	7.50254398e-11	-6.96187e-05	-4.48229e-05	8.10628e-05	-139.956
1312.6092	11.25	7.5052125e-11	-5.3406e-05	-7.62945e-06	5.0545e-05	-164.478
1314.0955	11.254	7.507881019999999e-11	-2.76567e-05	-2.86104e-06	1.90736e-05	-175.602
1315.5992	11.258	7.510549539999999e-11	-6.67575e-06	-6.2943e-05	6.48503e-05	-95.196
1317.0881	11.262	7.51321806e-11	-1.81199e-05	-9.53682e-07	1.52589e-05	-168.234
1318.5756	11.266	7.51588658e-11	-3.05178e-05	2.86104e-06	2.76567e-05	173.046
1320.3508	11.27	7.5185551e-11	-2.86103e-05	-7.05724e-05	6.77113e-05	-99.258
1321.8369	11.274	7.52122362e-11	-1.81199e-05	-1.81199e-05	2.47956e-05	-148.494
1323.3408	11.278	7.52389214e-11	-7.62945e-06	1.04905e-05	1.23978e-05	58.572
1324.8282	11.282	7.526560659999999e-11	1.90736e-06	-2.6703e-05	2.47956e-05	-54.636
1326.332	11.286	7.529229179999999e-11	1.52589e-05	9.5368e-06	2.19346e-05	40.428
1327.8508	11.29	7.531897699999999e-11	0.0	-3.71935e-05	3.33788e-05	-90.0
1329.355	11.294	7.53456622e-11	3.24252e-05	-6.67575e-06	3.05178e-05	-34.044
1331.1135	11.298	7.53723474e-11	-1.43052e-05	9.5368e-06	2.6703e-05	146.634
1332.5843	11.302	7.53990326e-11	8.58313e-06	-3.81473e-06	1.43052e-05	-38.994
1334.089	11.306	7.54257178e-11	2.3842e-05	-2.0981e-05	2.9564e-05	-51.546
1335.5923	11.31	7.545240299999999e-11	2.9564e-05	-7.62945e-06	2.86103e-05	-1.434
1337.0788	11.314	7.547908819999999e-11	6.19893e-05	3.24252e-05	7.24797e-05	26.562
1338.8547	11.318	7.550577339999999e-11	5.9128e-05	3.52862e-05	7.05724e-05	32.064
1340.3423	11.322	7.553245859999999e-11	7.43871e-05	2.86104e-06	6.5804e-05	1.788
1341.8297	11.326	7.55591438e-11	4.19619e-05	-9.53682e-07	3.52862e-05	0.0
1343.3331	11.33	7.5585829e-11	4.19619e-05	9.5368e-06	4.67303e-05	24.51
1344.8359	11.334	7.56125142e-11	7.05724e-05	-3.81473e-06	6.67577e-05	-0.588
1346.3391	11.338	7.563919939999999e-11	7.62944e-05	3.81472e-05	8.58312e-05	21.462
1347.8271	11.342	7.56658846e-11	2.9564e-05	2.86103e-05	4.57766e-05	34.134
1349.3307	11.346	7.56925698e-11	1.52589e-05	2.76567e-05	3.52862e-05	63.87
1351.074	11.35	7.571925499999999e-11	3.81473e-06	4.38693e-05	4.38693e-05	89.118
1352.5773	11.354	7.574594019999999e-11	0.0	-6.67575e-06	1.04905e-05	-140.904
1354.0486	11.358	7.57726254e-11	-2.47956e-05	-8.58313e-06	2.0981e-05	-146.886
1355.5671	11.362	7.57993106e-11	-4.00546e-05	3.71935e-05	5.3406e-05	139.158
1357.07	11.366	7.58259958e-11	-2.9564e-05	2.28883e-05	3.52862e-05	144.21
1358.5744	11.37	7.585268099999999e-11	-1.14442e-05	1.90736e-06	1.33515e-05	-161.568
1360.0608	11.374	7.58793662e-11	-5.81744e-05	1.33515e-05	6.00817e-05	167.814
1361.8202	11.378	7.59060514e-11	-1.71663e-05	-2.47956e-05	2.28883e-05	-109.092
1363.3234	11.382	7.59327366e-11	-4.48229e-05	3.81473e-06	3.91009e-05	180.0
1364.811	11.386	7.595942179999998e-11	1.14442e-05	-5.3406e-05	5.53133e-05	-64.98
1366.3156	11.39	7.5986107e-11	-4.57766e-05	-4.29156e-05	5.9128e-05	-137.406
1367.8182	11.394	7.60127922e-11	1.04905e-05	-1.81199e-05	2.3842e-05	-55.122
1369.578	11.398	7.603947739999999e-11	3.24252e-05	-1.43052e-05	1.90736e-05	-64.536
1371.0972	11.402	7.606616259999999e-11	3.43325e-05	-3.33788e-05	4.86376e-05	-36.084
1372.5989	11.406	7.60928478e-11	3.71935e-05	1.14442e-05	4.38693e-05	17.16
1374.3759	11.41	7.6119533e-11	1.90736e-06	-3.05178e-05	2.6703e-05	-70.146
1375.863	11.414	7.61462182e-11	2.3842e-05	1.52589e-05	2.6703e-05	32.472
1377.3507	11.418	7.61729034e-11	4.67303e-05	-4.95913e-05	6.67577e-05	-40.104
1378.8381	11.422	7.61995886e-11	-2.28883e-05	1.90736e-05	2.76567e-05	137.046
1380.3567	11.426	7.622627379999999e-11	8.58313e-06	1.33515e-05	1.23978e-05	101.31
1382.1319	11.43	7.625295899999999e-11	4.7684e-06	-2.86104e-06	5.72208e-06	-111.036
1383.6201	11.434	7.627964419999999e-11	2.00273e-05	0.0	2.86103e-05	-6.072
1385.1395	11.438	7.63063294e-11	3.24252e-05	4.10082e-05	5.43597e-05	57.63
1386.6428	11.442	7.63330146e-11	1.04905e-05	2.28883e-05	2.76567e-05	64.59
1388.1305	11.446	7.63596998e-11	2.19346e-05	-1.14442e-05	2.3842e-05	-13.668
1389.6171	11.45	7.6386385e-11	4.19619e-05	1.71663e-05	4.76839e-05	16.476
1391.1051	11.454	7.64130702e-11	9.53679e-05	-9.5368e-06	9.05995e-05	-5.67
1392.8803	11.458	7.643975539999999e-11	5.72208e-06	-2.9564e-05	2.86103e-05	-103.668
1394.3676	11.462	7.646644059999999e-11	5.43597e-05	-2.86104e-06	5.53133e-05	1.362
1395.8549	11.466	7.649312579999999e-11	6.5804e-05	2.3842e-05	6.77113e-05	18.252
1397.342	11.47	7.6519811e-11	7.72481e-05	-1.14442e-05	7.43871e-05	-13.536
1398.8296	11.474	7.65464962e-11	3.52862e-05	-6.67575e-06	3.71935e-05	-15.252
1400.589	11.478	7.65731814e-11	1.04905e-05	1.52589e-05	1.43052e-05	60.642
1402.092	11.482	7.659986659999999e-11	0.0	3.52862e-05	3.71935e-05	73.782
1403.5796	11.486	7.66265518e-11	1.90736e-06	4.29156e-05	4.19619e-05	90.0
1405.3546	11.49	7.6653237e-11	-4.7684e-06	1.81199e-05	2.0981e-05	121.266
1406.8424	11.494	7.66799222e-11	-2.00273e-05	8.58313e-06	1.71663e-05	128.658
1408.3298	11.498	7.670660739999999e-11	-5.72208e-06	-2.86104e-06	3.81473e-06	-75.966
1409.8332	11.502	7.67332926e-11	-6.5804e-05	-4.67303e-05	7.91554e-05	-145.788
1411.3524	11.506	7.67599778e-11	-3.14715e-05	-2.86104e-06	4.10082e-05	173.76
1413.1277	11.51	7.6786663e-11	-2.00273e-05	-3.33788e-05	3.52862e-05	-93.24
1414.6151	11.514	7.681334819999999e-11	-4.57766e-05	-5.6267e-05	6.8665e-05	-121.062
1416.1025	11.518	7.68400334e-11	2.19346e-05	-3.14715e-05	3.91009e-05	-55.494
1417.5898	11.522	7.68667186e-11	-2.28883e-05	-3.05178e-05	3.91009e-05	-127.626
1419.0762	11.526	7.68934038e-11	1.04905e-05	2.28883e-05	2.86103e-05	60.42
1420.5959	11.53	7.6920089e-11	-2.6703e-05	-2.0981e-05	4.19619e-05	-151.59
1422.0999	11.534	7.69467742e-11	-2.9564e-05	1.71663e-05	3.43325e-05	146.004
1423.8584	11.538	7.69734594e-11	-1.14442e-05	2.28883e-05	2.47956e-05	120.696
1425.3452	11.542	7.700014459999999e-11	-3.81472e-05	1.81199e-05	4.10082e-05	153.006
1426.8658	11.546	7.702682979999999e-11	-5.43597e-05	0.0	5.9128e-05	176.952
1428.3359	11.55	7.7053515e-11	-3.62399e-05	5.72208e-06	3.52862e-05	-174.708
1429.8392	11.554	7.70802002e-11	-3.14715e-05	-4.00546e-05	4.76839e-05	-123.462
1431.6312	11.558	7.71068854e-11	-4.76839e-05	-2.57493e-05	5.53133e-05	-145.266
1433.134	11.562	7.71335706e-11	-2.57493e-05	1.62126e-05	3.91009e-05	161.286
1434.6217	11.566	7.716025580000001e-11	-1.81199e-05	2.6703e-05	3.33788e-05	140.478
1436.1423	11.57	7.718694099999999e-11	-3.91009e-05	-1.14442e-05	4.48229e-05	-165.762
1437.6608	11.574	7.721362619999999e-11	-4.19619e-05	-1.33515e-05	4.57766e-05	-165.966
1439.4208	11.578	7.724031139999999e-11	-5.53133e-05	3.81473e-06	5.0545e-05	175.428
1440.9236	11.582	7.72669966e-11	-1.33515e-05	-2.0981e-05	2.3842e-05	-121.506
1442.4108	11.586	7.72936818e-11	-4.7684e-06	-6.67575e-06	4.7684e-06	-90.0
1444.1859	11.59	7.7320367e-11	-4.19619e-05	-1.14442e-05	4.86376e-05	-163.74
1445.6888	11.594	7.73470522e-11	-4.67303e-05	-1.04905e-05	2.76567e-05	-158.496
1447.177	11.598	7.73737374e-11	-3.81472e-05	-3.33788e-05	5.24523e-05	-142.992
1448.6951	11.602	7.74004226e-11	-3.81473e-06	-2.86104e-06	1.23978e-05	-141.006
1450.1834	11.606	7.742710779999999e-11	1.90736e-06	2.19346e-05	2.28883e-05	61.392
1451.9262	11.61	7.745379299999999e-11	3.71935e-05	6.67575e-06	4.00546e-05	14.034
1453.4292	11.614	7.74804782e-11	7.91554e-05	3.14715e-05	8.10628e-05	22.248
1454.9174	11.618	7.75071634e-11	4.38693e-05	-2.86104e-06	4.57766e-05	-2.352
1456.4057	11.622	7.75338486e-11	3.71935e-05	5.72208e-06	3.71935e-05	23.862
1457.8931	11.626	7.756053379999999e-11	2.86103e-05	4.7684e-06	2.9564e-05	23.838
1459.3959	11.63	7.7587219e-11	8.01091e-05	2.19346e-05	7.62944e-05	13.392
1460.9158	11.634	7.76139042e-11	6.38966e-05	3.71935e-05	7.43871e-05	37.878
1462.4192	11.638	7.76405894e-11	9.53679e-05	4.95913e-05	0.000105858	31.464
1463.9226	11.642	7.76672746e-11	6.19893e-05	4.38693e-05	7.53407e-05	39.678
1465.4259	11.646	7.76939598e-11	0.000108719	3.43325e-05	0.000107766	12.174
1466.9445	11.65	7.7720645e-11	8.10628e-05	9.5368e-06	8.29701e-05	10.062
1468.4486	11.654	7.774733019999999e-11	8.86922e-05	5.9128e-05	0.00010109	35.628
1470.224	11.658	7.777401539999999e-11	9.25069e-05	6.77113e-05	0.000103951	43.134
1471.7108	11.662	7.78007006e-11	0.000105858	3.62399e-05	0.000107766	20.808
1473.2147	11.666	7.78273858e-11	5.0545e-05	3.43325e-05	6.00817e-05	33.138
1474.9733	11.67	7.7854071e-11	2.19346e-05	-2.47956e-05	2.86103e-05	-59.304
1476.4767	11.674	7.78807562e-11	-1.71663e-05	3.71935e-05	4.57766e-05	123.054
1477.964	11.678	7.79074414e-11	-2.6703e-05	2.28883e-05	2.86103e-05	127.476
1479.4667	11.682	7.79341266e-11	-2.86104e-06	1.52589e-05	1.52589e-05	80.136
1480.9544	11.686	7.796081179999999e-11	-4.48229e-05	-1.62126e-05	4.67303e-05	-159.252
1482.714	11.69	7.798749699999999e-11	-5.14986e-05	1.62126e-05	5.43597e-05	155.832
1484.1852	11.694	7.80141822e-11	-1.43052e-05	-2.00273e-05	2.28883e-05	-103.668
1485.6567	11.698	7.80408674e-11	-2.86104e-06	-3.24252e-05	3.24252e-05	-95.826
1487.1448	11.702	7.80675526e-11	-2.28883e-05	-3.62399e-05	4.19619e-05	-114.522
1488.6482	11.706	7.80942378e-11	-3.81473e-06	-6.8665e-05	6.77113e-05	-90.558
1490.1356	11.71	7.812092300000001e-11	4.76839e-05	-3.14715e-05	5.72207e-05	-36.324
1491.6383	11.714	7.81476082e-11	4.10082e-05	0.0	3.91009e-05	-14.268
1493.4128	11.718	7.817429339999999e-11	4.57766e-05	-4.10082e-05	5.72207e-05	-47.406
1494.9003	11.722	7.820097859999999e-11	8.58313e-06	-4.67303e-05	4.86376e-05	-91.47
1496.3726	11.726	7.82276638e-11	4.48229e-05	-4.86376e-05	6.8665e-05	-44.226
1497.8606	11.73	7.8254349e-11	5.9128e-05	8.58313e-06	5.72207e-05	13.044
1499.3479	11.734	7.82810342e-11	6.38966e-05	2.57493e-05	6.96187e-05	19.842
1501.1061	11.738	7.83077194e-11	3.05178e-05	-2.0981e-05	3.33788e-05	-38.478
1502.6105	11.742	7.83344046e-11	5.14986e-05	2.86103e-05	5.24523e-05	31.848
1504.0958	11.746	7.83610898e-11	9.15532e-05	5.0545e-05	0.000110627	27.774
1505.873	11.75	7.8387775e-11	4.48229e-05	6.77113e-05	8.29701e-05	55.044
1507.3595	11.754	7.841446019999999e-11	2.28883e-05	5.14986e-05	5.53133e-05	75.804
1508.8477	11.758	7.844114539999999e-11	4.19619e-05	2.0981e-05	4.57766e-05	30.258
1510.3351	11.762	7.84678306e-11	2.57493e-05	1.90736e-05	3.71935e-05	37.452
1511.8216	11.766	7.84945158e-11	2.86104e-06	-9.5368e-06	1.23978e-05	-24.228
1513.5976	11.77	7.852120099999999e-11	3.14715e-05	1.90736e-05	3.81472e-05	30.468
1515.1159	11.774	7.854788619999999e-11	-9.5368e-06	1.71663e-05	1.52589e-05	107.526
1516.6045	11.778	7.85745714e-11	-2.57493e-05	-2.86104e-06	2.00273e-05	180.0
1518.0909	11.782	7.86012566e-11	2.3842e-05	2.19346e-05	3.24252e-05	47.49
1519.5782	11.786	7.86279418e-11	-2.47956e-05	2.86104e-06	2.86103e-05	-178.728
1521.0986	11.79	7.865462699999998e-11	-4.48229e-05	1.62126e-05	5.24523e-05	154.044
1522.5853	11.794	7.86813122e-11	-4.00546e-05	3.33788e-05	4.95913e-05	144.816
1524.0893	11.798	7.870799739999999e-11	-3.62399e-05	-4.38693e-05	5.6267e-05	-126.87
1525.5763	11.802	7.873468259999999e-11	-3.62399e-05	-2.0981e-05	3.43325e-05	-147.996
1527.0635	11.806	7.876136779999999e-11	-6.2943e-05	-7.62945e-06	5.9128e-05	-171.402
1528.5676	11.81	7.8788053e-11	-1.71663e-05	-1.62126e-05	1.81199e-05	-94.968
1530.0859	11.814	7.88147382e-11	-4.48229e-05	-1.04905e-05	3.71935e-05	-150.126
1531.8458	11.818	7.88414234e-11	-2.00273e-05	-1.81199e-05	1.81199e-05	-131.424
1533.3656	11.822	7.88681086e-11	-9.53682e-07	-4.95913e-05	5.0545e-05	-100.176
1534.853	11.826	7.889479379999999e-11	1.04905e-05	-5.3406e-05	5.0545e-05	-93.096
1536.6442	11.83	7.892147899999999e-11	-2.00273e-05	-1.62126e-05	2.28883e-05	-149.742
1538.1636	11.834	7.894816419999999e-11	2.9564e-05	2.86103e-05	4.29156e-05	41.268
1539.6659	11.838	7.897484939999999e-11	3.91009e-05	1.04905e-05	4.95913e-05	17.562
1541.1543	11.842	7.90015346e-11	6.67577e-05	-4.00546e-05	7.1526e-05	-32.934
1542.6572	11.846	7.90282198e-11	7.34334e-05	-2.47956e-05	7.24797e-05	-19.44
1544.145	11.85	7.9054905e-11	8.39238e-05	1.90736e-05	8.39238e-05	9.312