Time (s) 	 Position (mm) 	 Delay (s) 	 X 	 Y 	 R 	 theta 
#Without Preamplifier,Fluence with Filter (NE02A-B + NE03A-B), ZnTe detector angle 40deg, Chopper 230Hz, time constant=0.1s 18dB, waiting time= 0.9s, sensitivity=20mV
1.8874	8.9	5.937457e-11	3.24252e-05	1.52589e-05	1.14442e-05	60.252
3.3765	8.904	5.94012552e-11	2.57493e-05	0.0	3.05178e-05	-6.84
5.1182	8.908	5.94279404e-11	1.62126e-05	1.33515e-05	2.3842e-05	37.878
6.5756	8.912	5.945462560000001e-11	2.86103e-05	1.90736e-06	2.86103e-05	3.99
8.0667	8.916	5.94813108e-11	2.19346e-05	-6.67575e-06	1.04905e-05	-41.184
9.7881	8.92	5.950799599999999e-11	3.33788e-05	-2.76567e-05	5.53133e-05	-39.126
11.2446	8.924	5.953468119999999e-11	6.77113e-05	-7.62945e-06	7.91554e-05	-9.768
12.7063	8.928	5.95613664e-11	2.9564e-05	-4.67303e-05	5.14986e-05	-65.43
14.1777	8.932	5.95880516e-11	1.90736e-05	1.33515e-05	3.05178e-05	18.06
15.6583	8.936	5.96147368e-11	1.62126e-05	-2.86103e-05	3.71935e-05	-50.574
17.1274	8.94	5.9641422e-11	3.24252e-05	-1.90736e-06	3.05178e-05	-9.042
18.5868	8.944	5.96681072e-11	3.91009e-05	2.57493e-05	5.24523e-05	28.44
20.0728	8.948	5.96947924e-11	3.33788e-05	1.04905e-05	2.19346e-05	10.122
21.7892	8.952	5.97214776e-11	-1.81199e-05	2.57493e-05	3.05178e-05	118.926
23.2599	8.956	5.97481628e-11	1.23978e-05	-1.14442e-05	2.0981e-05	-30.378
24.7301	8.96	5.9774848e-11	5.72208e-06	6.67575e-06	8.58313e-06	28.074
26.168	8.964	5.98015332e-11	3.24252e-05	1.33515e-05	3.43325e-05	14.856
27.8804	8.968	5.98282184e-11	2.28883e-05	-2.6703e-05	3.71935e-05	-42.93
29.3528	8.972	5.985490359999999e-11	4.86376e-05	3.81473e-06	4.76839e-05	-5.712
30.8018	8.976	5.98815888e-11	-9.5368e-06	2.86103e-05	2.86103e-05	102.678
32.2727	8.98	5.9908274e-11	1.33515e-05	-2.00273e-05	2.86103e-05	-31.608
33.7504	8.984	5.99349592e-11	8.58313e-06	1.43052e-05	1.62126e-05	78.69
35.235	8.988	5.99616444e-11	1.62126e-05	-4.19619e-05	3.91009e-05	-75.702
36.6897	8.992	5.99883296e-11	2.6703e-05	1.33515e-05	2.6703e-05	1.506
38.1617	8.996	6.00150148e-11	2.28883e-05	8.58313e-06	2.57493e-05	20.094
39.8922	9.0	6.004169999999999e-11	3.24252e-05	0.0	3.62399e-05	-10.122
41.3926	9.004	6.006838519999999e-11	2.19346e-05	-2.86103e-05	3.14715e-05	-52.596
42.8516	9.008	6.009507039999999e-11	1.90736e-06	-2.47956e-05	2.76567e-05	-75.648
44.3226	9.012	6.01217556e-11	8.10628e-05	-8.58313e-06	8.10628e-05	-3.876
45.8431	9.016	6.01484408e-11	3.05178e-05	-4.7684e-06	2.57493e-05	-1.506
47.3139	9.02	6.0175126e-11	1.23978e-05	-2.86104e-06	1.23978e-05	-20.856
48.8149	9.024	6.02018112e-11	1.62126e-05	9.53682e-07	1.90736e-05	11.31
50.2669	9.028	6.02284964e-11	1.52589e-05	-3.81473e-06	1.52589e-05	-13.494
51.9755	9.032	6.025518159999999e-11	-1.81199e-05	3.24252e-05	3.43325e-05	106.584
53.4348	9.036	6.028186679999999e-11	1.62126e-05	-1.62126e-05	2.3842e-05	-28.608
54.9037	9.04	6.030855199999999e-11	1.90736e-06	-1.43052e-05	1.52589e-05	-41.82
56.3764	9.044	6.03352372e-11	5.72208e-06	-3.62399e-05	3.91009e-05	-71.568
58.0748	9.048	6.03619224e-11	1.52589e-05	1.52589e-05	2.28883e-05	41.346
59.5459	9.052	6.03886076e-11	3.91009e-05	-1.14442e-05	3.81472e-05	-23.46
61.0289	9.056	6.041529279999999e-11	-3.14715e-05	-1.04905e-05	3.43325e-05	-177.756
62.4884	9.06	6.0441978e-11	5.24523e-05	-6.67575e-06	5.24523e-05	-5.13
63.9601	9.064	6.04686632e-11	1.52589e-05	6.67575e-06	1.90736e-05	20.772
65.6843	9.068	6.049534839999999e-11	3.62399e-05	-1.14442e-05	3.71935e-05	-19.722
67.1616	9.072	6.052203359999999e-11	1.33515e-05	-9.5368e-06	1.71663e-05	-23.748
68.612	9.076	6.05487188e-11	2.19346e-05	1.23978e-05	3.14715e-05	25.08
70.3529	9.08	6.0575404e-11	3.24252e-05	-1.33515e-05	3.71935e-05	-12.846
71.8118	9.084	6.06020892e-11	1.33515e-05	-4.7684e-06	1.52589e-05	-8.748
73.2844	9.088	6.062877439999999e-11	2.86104e-06	9.53682e-07	1.14442e-05	-15.948
74.7354	9.092	6.06554596e-11	-9.5368e-06	-1.33515e-05	1.04905e-05	-55.302
76.2061	9.096	6.06821448e-11	-3.05178e-05	1.90736e-06	1.71663e-05	137.724
77.9356	9.1	6.070883e-11	1.23978e-05	3.91009e-05	4.29156e-05	71.028
79.3922	9.104	6.07355152e-11	1.23978e-05	3.24252e-05	3.71935e-05	67.83
80.8643	9.108	6.07622004e-11	8.58313e-06	-2.47956e-05	2.6703e-05	-75.618
82.3608	9.112	6.07888856e-11	4.00546e-05	1.52589e-05	4.38693e-05	33.456
83.8055	9.116	6.081557079999999e-11	6.48503e-05	-4.67303e-05	8.01091e-05	-32.106
85.2627	9.12	6.084225599999999e-11	3.81473e-06	-2.19346e-05	2.28883e-05	-64.8
86.7441	9.124	6.08689412e-11	-7.62945e-06	-3.05178e-05	2.9564e-05	-86.184
88.4797	9.128	6.08956264e-11	-2.6703e-05	1.33515e-05	3.24252e-05	143.13
89.9264	9.132	6.09223116e-11	3.52862e-05	1.71663e-05	3.52862e-05	36.432
91.4191	9.136	6.09489968e-11	2.00273e-05	-2.3842e-05	2.86103e-05	-28.494
92.9023	9.14	6.0975682e-11	8.58313e-06	-6.67575e-06	9.5368e-06	0.0
94.3925	9.144	6.100236719999999e-11	-2.86104e-06	4.7684e-06	2.86104e-06	-135.0
96.1007	9.148	6.102905239999999e-11	2.47956e-05	5.43597e-05	5.9128e-05	71.364
97.5797	9.152	6.105573759999999e-11	-4.7684e-06	4.38693e-05	4.38693e-05	88.212
99.0308	9.156	6.10824228e-11	1.62126e-05	-6.48503e-05	6.5804e-05	-82.668
100.7369	9.16	6.1109108e-11	-3.05178e-05	3.81473e-06	3.71935e-05	173.454
102.2299	9.164	6.11357932e-11	-9.5368e-06	1.71663e-05	1.71663e-05	100.122
103.7019	9.168	6.11624784e-11	3.05178e-05	4.38693e-05	4.76839e-05	59.322
105.2158	9.172	6.11891636e-11	-3.81473e-06	-2.86103e-05	3.24252e-05	-103.782
106.678	9.176	6.12158488e-11	5.72208e-06	9.5368e-06	1.14442e-05	35.538
108.4028	9.18	6.124253399999999e-11	4.29156e-05	-1.81199e-05	4.00546e-05	-28.302
109.8734	9.184	6.126921919999999e-11	2.86104e-06	8.58313e-06	1.04905e-05	119.748
111.3439	9.188	6.12959044e-11	2.19346e-05	-1.14442e-05	2.47956e-05	-21.804
112.8174	9.192	6.13225896e-11	-1.23978e-05	5.72208e-06	8.58313e-06	126.024
114.2869	9.196	6.13492748e-11	-1.14442e-05	1.04905e-05	1.23978e-05	81.03
115.7743	9.2	6.137595999999999e-11	-1.43052e-05	1.04905e-05	1.81199e-05	136.47
117.2348	9.204	6.14026452e-11	-3.33788e-05	-2.6703e-05	4.38693e-05	-146.544
118.9843	9.208	6.14293304e-11	-1.62126e-05	1.90736e-05	2.57493e-05	119.748
120.4482	9.212	6.14560156e-11	1.90736e-06	-2.3842e-05	2.9564e-05	-86.496
121.9012	9.216	6.148270079999999e-11	2.86103e-05	-2.86104e-06	3.24252e-05	-10.41
123.3749	9.22	6.1509386e-11	-2.28883e-05	-1.04905e-05	1.14442e-05	-129.288
124.8589	9.224	6.15360712e-11	-4.95913e-05	-1.81199e-05	5.0545e-05	-163.65
126.3126	9.228	6.15627564e-11	-3.62399e-05	-9.53682e-07	3.14715e-05	-178.728
127.7649	9.232	6.158944159999999e-11	-3.81472e-05	3.52862e-05	5.3406e-05	136.002
129.2269	9.236	6.16161268e-11	-1.52589e-05	-9.5368e-06	1.23978e-05	-124.506
130.9517	9.24	6.1642812e-11	-7.62945e-06	6.67575e-06	1.71663e-05	170.22
132.4255	9.244	6.16694972e-11	-1.62126e-05	9.5368e-06	2.57493e-05	171.87
133.8979	9.248	6.16961824e-11	-8.58313e-06	-2.9564e-05	2.28883e-05	-97.35
135.3495	9.252	6.17228676e-11	-4.19619e-05	0.0	4.57766e-05	179.226
136.8072	9.256	6.17495528e-11	-4.86376e-05	-2.00273e-05	5.53133e-05	-161.568
138.4983	9.26	6.177623799999999e-11	-8.58313e-06	3.33788e-05	3.62399e-05	104.994
139.9382	9.264	6.180292319999999e-11	-2.28883e-05	-6.2943e-05	6.38966e-05	-104.808
141.4306	9.268	6.18296084e-11	-1.71663e-05	-2.0981e-05	2.57493e-05	-120.966
142.9127	9.272	6.18562936e-11	-1.43052e-05	-6.67575e-06	1.04905e-05	-140.196
144.3651	9.276	6.18829788e-11	-2.9564e-05	-8.58313e-06	2.3842e-05	-149.622
145.8372	9.28	6.1909664e-11	-1.23978e-05	3.81473e-06	5.72208e-06	-146.31
147.328	9.284	6.193634920000001e-11	-3.62399e-05	4.29156e-05	4.95913e-05	128.016
149.0415	9.288	6.196303439999999e-11	-4.95913e-05	1.90736e-06	5.24523e-05	176.424
150.4926	9.292	6.198971959999999e-11	1.90736e-05	-2.86103e-05	3.62399e-05	-56.04
151.9822	9.296	6.201640479999999e-11	-5.14986e-05	-6.67575e-06	5.0545e-05	-176.286
153.4508	9.3	6.204309e-11	-5.43597e-05	-1.81199e-05	4.86376e-05	-166.188
154.9214	9.304	6.20697752e-11	-3.14715e-05	-5.72207e-05	6.5804e-05	-121.266
156.6339	9.308	6.20964604e-11	-4.00546e-05	2.0981e-05	3.91009e-05	144.12
158.1222	9.312	6.21231456e-11	-5.6267e-05	-1.43052e-05	5.53133e-05	-166.638
159.5823	9.316	6.21498308e-11	4.7684e-06	0.0	3.81473e-06	-75.966
161.0345	9.32	6.2176516e-11	-3.05178e-05	-4.67303e-05	5.72207e-05	-127.128
162.506	9.324	6.22032012e-11	-3.14715e-05	1.52589e-05	3.43325e-05	165.204
164.2151	9.328	6.222988639999999e-11	-6.2943e-05	-3.81473e-06	4.95913e-05	177.582
165.6729	9.332	6.22565716e-11	-9.5368e-06	-2.76567e-05	3.05178e-05	-98.13
167.1283	9.336	6.22832568e-11	-5.6267e-05	-2.28883e-05	6.67577e-05	-155.874
168.8428	9.34	6.2309942e-11	-1.52589e-05	-1.23978e-05	1.81199e-05	-149.742
170.2956	9.344	6.233662719999999e-11	-5.3406e-05	0.0	5.14986e-05	-179.256
171.7931	9.348	6.23633124e-11	-3.14715e-05	2.28883e-05	3.52862e-05	132.066
173.2641	9.352	6.23899976e-11	-7.82018e-05	-2.28883e-05	7.91554e-05	-164.118
174.724	9.356	6.24166828e-11	-6.2943e-05	1.62126e-05	6.48503e-05	168.804
176.4523	9.36	6.2443368e-11	-6.8665e-05	-9.53682e-07	6.10356e-05	175.29
177.9201	9.364	6.24700532e-11	-6.8665e-05	-1.43052e-05	7.24797e-05	-172.614
179.4301	9.368	6.24967384e-11	-7.72481e-05	-3.33788e-05	7.82018e-05	-151.188
180.8999	9.372	6.252342359999999e-11	-3.62399e-05	3.81473e-06	2.6703e-05	177.21
182.3727	9.376	6.255010879999999e-11	-5.81744e-05	-1.43052e-05	5.3406e-05	-163.854
183.8518	9.38	6.2576794e-11	-7.91554e-05	-4.7684e-06	7.82018e-05	-170.286
185.3441	9.384	6.26034792e-11	-5.14986e-05	-1.62126e-05	5.24523e-05	-168.006
187.0561	9.388	6.26301644e-11	-8.01091e-05	2.57493e-05	7.72481e-05	158.67
188.5228	9.392	6.26568496e-11	-7.91554e-05	3.52862e-05	8.10628e-05	159.894
190.015	9.396	6.268353480000001e-11	-8.10628e-05	-7.62945e-06	7.72481e-05	-175.566
191.4961	9.4	6.271022e-11	-9.91826e-05	-4.95913e-05	0.000103951	-140.982
192.9591	9.404	6.273690519999999e-11	-4.67303e-05	-1.71663e-05	5.43597e-05	-163.686
194.653	9.408	6.276359039999999e-11	-0.000100136	1.52589e-05	9.91826e-05	172.686
196.1383	9.412	6.27902756e-11	-5.43597e-05	-2.86104e-06	5.24523e-05	-174.996
197.5893	9.416	6.28169608e-11	-3.14715e-05	-2.6703e-05	3.81472e-05	-144.348
199.3349	9.42	6.2843646e-11	-9.53679e-05	1.23978e-05	8.77385e-05	177.798
200.8228	9.424	6.28703312e-11	-0.000113488	-3.05178e-05	0.000120163	-165.444
202.3137	9.428	6.289701640000001e-11	-0.000135423	0.0	0.000132562	175.788
203.7846	9.432	6.29237016e-11	-0.00010109	-6.10356e-05	0.000116349	-147.678
205.2573	9.436	6.295038679999999e-11	-8.67848e-05	-1.43052e-05	8.58312e-05	-169.734
206.9666	9.44	6.297707199999999e-11	-0.000110627	1.52589e-05	0.000113488	171.354
208.4559	9.444	6.30037572e-11	-7.1526e-05	-3.81472e-05	8.29701e-05	-158.118
209.9405	9.448	6.30304424e-11	-9.72752e-05	-4.7684e-06	0.000100136	-178.116
211.4294	9.452	6.30571276e-11	-4.29156e-05	-1.14442e-05	4.19619e-05	-166.398
212.9028	9.456	6.30838128e-11	-0.000129701	-2.28883e-05	0.000129701	-169.038
214.3581	9.46	6.3110498e-11	-7.72481e-05	-4.57766e-05	8.67848e-05	-150.474
215.8216	9.464	6.31371832e-11	-8.01091e-05	-1.81199e-05	8.10628e-05	-167.772
217.523	9.468	6.31638684e-11	-8.01091e-05	-1.43052e-05	8.29701e-05	-170.388
218.9958	9.472	6.31905536e-11	-0.000104905	-4.48229e-05	0.000113488	-161.46
220.4666	9.476	6.32172388e-11	-0.000102044	-3.33788e-05	0.000108719	-161.568
221.9368	9.48	6.3243924e-11	-0.000161172	-3.05178e-05	0.000166894	-168.648
223.3847	9.484	6.32706092e-11	-9.82289e-05	-3.14715e-05	9.91826e-05	-161.568
225.1053	9.488	6.329729439999999e-11	-9.63216e-05	5.72208e-06	9.91826e-05	179.628
226.5841	9.492	6.33239796e-11	-0.000121117	-4.67303e-05	0.000122071	-151.134
228.0768	9.496	6.33506648e-11	-0.000106812	-1.14442e-05	9.91826e-05	-171.228
229.8163	9.5	6.337735e-11	-8.48775e-05	-4.7684e-06	9.15532e-05	-175.236
231.2755	9.504	6.34040352e-11	-0.000102044	-6.67577e-05	0.00011921	-146.49
232.7279	9.508	6.34307204e-11	-8.86922e-05	-1.81199e-05	8.96459e-05	-165.762
234.2133	9.512	6.34574056e-11	-0.000132562	-7.62945e-06	0.000136376	-176.37
235.7017	9.516	6.348409079999999e-11	-0.000128747	-6.5804e-05	0.00013733	-152.568
237.4147	9.52	6.351077599999999e-11	-0.000102044	-1.33515e-05	0.000103951	-171.006
238.8728	9.524	6.353746119999999e-11	-0.000138284	-4.48229e-05	0.00014782	-166.89
240.3544	9.528	6.35641464e-11	-0.000151635	1.90736e-06	0.000149728	177.93
241.8422	9.532	6.35908316e-11	-0.000136376	-3.05178e-05	0.000143052	-164.376
243.3137	9.536	6.36175168e-11	-0.000138284	-4.10082e-05	0.000143052	-163.146
244.802	9.54	6.3644202e-11	-9.44142e-05	-3.14715e-05	8.29701e-05	-152.574
246.2628	9.544	6.367088719999999e-11	-0.000148774	-4.29156e-05	0.000156404	-165.102
247.983	9.548	6.369757239999999e-11	-0.00015545	-6.48503e-05	0.000161172	-155.058
249.4445	9.552	6.372425759999999e-11	-0.000134469	-9.25069e-05	0.000161172	-147.234
250.9248	9.556	6.375094279999999e-11	-0.000153542	-5.6267e-05	0.000161172	-157.416
252.4136	9.56	6.3777628e-11	-0.000159265	-5.72207e-05	0.000168801	-158.694
253.9044	9.564	6.38043132e-11	-0.000168801	-7.1526e-05	0.000178338	-155.574
255.6003	9.568	6.38309984e-11	-0.000186921	-3.81472e-05	0.000189782	-168.924
257.0815	9.572	6.38576836e-11	-0.000135423	-8.48775e-05	0.00015545	-145.632
258.5424	9.576	6.38843688e-11	-0.000162126	-7.1526e-05	0.000179292	-155.43
260.3046	9.58	6.3911054e-11	-0.00023079	-6.48503e-05	0.000234605	-164.052
261.7894	9.584	6.393773919999999e-11	-0.000157357	-8.20165e-05	0.000182153	-156.966
263.261	9.588	6.396442439999999e-11	-0.00017357	-5.43597e-05	0.000199319	-164.388
264.7331	9.592	6.39911096e-11	-0.00015545	-8.67848e-05	0.000175477	-151.284
266.2066	9.596	6.40177948e-11	-0.000148774	-8.01091e-05	0.000177384	-154.29
267.689	9.6	6.404448e-11	-0.000186921	-5.81744e-05	0.000191689	-157.752
269.1283	9.604	6.407116519999999e-11	-0.000148774	-8.58312e-05	0.000169755	-149.922
270.6342	9.608	6.40978504e-11	-0.000157357	-0.000106812	0.000188828	-144.624
272.1173	9.612	6.41245356e-11	-0.000158311	-8.86922e-05	0.000179292	-151.818
273.5781	9.616	6.41512208e-11	-0.000161172	-0.00011921	0.000205041	-145.248
275.0497	9.62	6.417790599999999e-11	-0.000162126	-9.82289e-05	0.000185967	-149.46
276.5006	9.624	6.42045912e-11	-0.000182153	-9.05995e-05	0.000205995	-155.646
277.9905	9.628	6.42312764e-11	-0.000191689	-0.000136376	0.000232697	-144.348
279.7315	9.632	6.425796159999999e-11	-0.000162126	-8.58312e-05	0.000174523	-149.79
281.2187	9.636	6.428464679999999e-11	-0.000186921	-0.000135423	0.000227929	-144.426
282.6578	9.64	6.4311332e-11	-0.000170709	-0.00018406	0.000253679	-134.574
284.1448	9.644	6.43380172e-11	-0.000205041	-6.67577e-05	0.000211717	-162.252
285.857	9.648	6.43647024e-11	-0.000200273	-0.000124932	0.000237466	-150.138
287.3645	9.652	6.43913876e-11	-0.000188828	-9.91826e-05	0.000205995	-153.012
288.8151	9.656	6.44180728e-11	-0.000191689	-0.000153542	0.000247957	-140.646
290.5583	9.66	6.444475799999999e-11	-0.000193597	-0.000150681	0.000243188	-141.264
292.0155	9.664	6.447144319999999e-11	-0.00018406	-0.000157357	0.000247004	-141.654
293.4862	9.668	6.449812839999999e-11	-0.000222207	-0.000130654	0.000252726	-147.636
294.9573	9.672	6.45248136e-11	-0.000195504	-0.000133515	0.000224114	-141.744
296.4628	9.676	6.45514988e-11	-0.000200273	-0.00015545	0.000250818	-141.834
298.2056	9.68	6.4578184e-11	-0.0002203	-0.000133515	0.000247957	-145.224
299.6591	9.684	6.46048692e-11	-0.000182153	-0.000145913	0.00023079	-140.13
301.1279	9.688	6.46315544e-11	-0.000201226	-0.000175477	0.000267984	-137.472
302.5888	9.692	6.465823959999999e-11	-0.000193597	-0.000195504	0.000270845	-133.998
304.0381	9.696	6.468492479999999e-11	-0.000200273	-0.00020218	0.000282289	-132.618
305.5273	9.7	6.471160999999999e-11	-0.000189782	-0.000186921	0.000269892	-133.824
306.999	9.704	6.47382952e-11	-0.000219346	-0.00018406	0.000286104	-140.28
308.7418	9.708	6.47649804e-11	-0.000254633	-0.000224114	0.000334742	-137.586
310.2121	9.712	6.47916656e-11	-0.000195504	-0.000190736	0.000276567	-136.74
311.6839	9.716	6.48183508e-11	-0.00021267	-0.000210763	0.000298502	-135.45
313.1684	9.72	6.4845036e-11	-0.000208856	-0.000223161	0.000293734	-132.48
314.658	9.724	6.48717212e-11	-0.000203134	-0.000226975	0.000305178	-132.264
316.3848	9.728	6.48984064e-11	-0.000205995	-0.000248911	0.000314714	-129.804
317.894	9.732	6.492509159999999e-11	-0.000217439	-0.000275614	0.000355722	-129.726
319.3505	9.736	6.49517768e-11	-0.000199319	-0.00024605	0.000313761	-129.99
321.0705	9.74	6.4978462e-11	-0.00021267	-0.000266077	0.000342371	-129.18
322.5485	9.744	6.50051472e-11	-0.000213624	-0.000278475	0.000349047	-126.588
324.031	9.748	6.503183239999999e-11	-0.000199319	-0.000289919	0.000342371	-124.002
325.4873	9.752	6.50585176e-11	-0.000159265	-0.000286104	0.000326158	-118.182
326.9788	9.756	6.50852028e-11	-0.000178338	-0.000314714	0.000359537	-119.958
328.4293	9.76	6.5111888e-11	-0.00015545	-0.000319483	0.000353815	-115.266
329.921	9.764	6.51385732e-11	-0.00021267	-0.000289919	0.000367166	-126.708
331.3999	9.768	6.51652584e-11	-0.000197412	-0.00033951	0.000381472	-118.914
332.8428	9.772	6.51919436e-11	-0.000228883	-0.00033951	0.000400545	-124.122
334.3272	9.776	6.521862879999999e-11	-0.000216485	-0.000312807	0.000377657	-124.986
335.7981	9.78	6.524531399999999e-11	-0.000151635	-0.00035763	0.000389101	-114.588
337.2939	9.784	6.52719992e-11	-0.00021267	-0.000350954	0.000406267	-119.922
338.7281	9.788	6.52986844e-11	-0.000190736	-0.000392916	0.000436785	-115.434
340.4763	9.792	6.53253696e-11	-0.00015545	-0.000383379	0.000420572	-112.236
341.9227	9.796	6.53520548e-11	-0.000144006	-0.000393869	0.000413897	-109.404
343.4344	9.8	6.537874000000001e-11	-0.000158311	-0.000387194	0.000417711	-112.38
344.8978	9.804	6.540542519999999e-11	-0.000153542	-0.000410082	0.000440599	-111.288
346.6316	9.808	6.543211039999999e-11	-0.000108719	-0.000434877	0.000448229	-104.472
348.0821	9.812	6.545879559999999e-11	-0.000106812	-0.000399591	0.000411035	-103.536
349.5597	9.816	6.54854808e-11	-7.72481e-05	-0.000403406	0.000410082	-99.216
351.0296	9.82	6.5512166e-11	6.67575e-06	-0.000395777	0.000393869	-90.294
352.5027	9.824	6.55388512e-11	5.72208e-06	-0.000392916	0.000391008	-89.31
354.2413	9.828	6.55655364e-11	3.05178e-05	-0.000334742	0.000336649	-83.376
355.7145	9.832	6.55922216e-11	8.01091e-05	-0.000371935	0.000379564	-77.232
357.1858	9.836	6.56189068e-11	0.00014782	-0.000319483	0.000352861	-66.744
358.9132	9.84	6.564559199999999e-11	0.000154496	-0.00030327	0.000338556	-64.044
360.3657	9.844	6.567227719999999e-11	0.000181199	-0.000302317	0.000350954	-58.698
361.8529	9.848	6.56989624e-11	0.000249865	-0.000253679	0.000361444	-45.0
363.3244	9.852	6.57256476e-11	0.0003109	-0.000229836	0.000391962	-34.872
364.7811	9.856	6.57523328e-11	0.000373842	-0.000164033	0.000411035	-23.682
366.4927	9.86	6.577901799999999e-11	0.000527386	-0.000124932	0.000539783	-13.02
367.9756	9.864	6.58057032e-11	0.000566486	-8.01091e-05	0.000576023	-8.298
369.4877	9.868	6.58323884e-11	0.000695232	-1.14442e-05	0.000703815	-0.594
370.927	9.872	6.58590736e-11	0.000796322	5.0545e-05	0.000798229	3.492
372.4077	9.876	6.58857588e-11	0.000874523	0.000145913	0.000898365	8.046
373.8649	9.88	6.5912444e-11	0.00103188	0.000211717	0.00105382	11.346
375.3479	9.884	6.59391292e-11	0.0011263	0.00030327	0.00116921	15.0
377.0678	9.888	6.59658144e-11	0.00128651	0.000360491	0.00132657	15.594
378.5486	9.892	6.599249959999999e-11	0.00140286	0.000447275	0.00147725	17.55
380.0386	9.896	6.60191848e-11	0.00151349	0.000581745	0.00162984	21.012
381.4939	9.9	6.604587e-11	0.00162888	0.000700954	0.00176335	23.322
382.966	9.904	6.60725552e-11	0.00175763	0.000724796	0.00189877	22.542
384.6898	9.908	6.60992404e-11	0.00183106	0.000873569	0.00202657	25.92
386.1483	9.912	6.61259256e-11	0.00186253	0.000965122	0.00210382	27.126
387.6207	9.916	6.61526108e-11	0.0019045	0.00107384	0.00218584	29.412
389.3647	9.92	6.617929599999999e-11	0.00197698	0.00115205	0.00228979	30.108
390.8184	9.924	6.620598119999999e-11	0.00200559	0.00124837	0.00236227	32.052
392.2887	9.928	6.62326664e-11	0.00197221	0.00133134	0.00237943	33.906
393.7627	9.932	6.62593516e-11	0.00188924	0.00135709	0.00233652	35.61
395.2157	9.936	6.62860368e-11	0.0018015	0.00144482	0.0023184	38.586
396.6887	9.94	6.6312722e-11	0.0016718	0.00146771	0.00223638	40.908
398.1761	9.944	6.633940720000001e-11	0.00158311	0.00146771	0.00216676	42.522
399.628	9.948	6.63660924e-11	0.00137711	0.00144864	0.00199701	46.434
401.3681	9.952	6.639277759999999e-11	0.00120164	0.00137997	0.00182915	48.924
402.8072	9.956	6.641946279999999e-11	0.00102998	0.00131322	0.00167371	52.26
404.2856	9.96	6.6446148e-11	0.000836376	0.00127507	0.00153065	56.748
405.736	9.964	6.64728332e-11	0.000708584	0.00112439	0.00132752	57.462
407.4545	9.968	6.64995184e-11	0.000542644	0.000921253	0.00106812	59.676
408.9206	9.972	6.65262036e-11	0.000405313	0.000785831	0.000891689	62.094
410.3623	9.976	6.65528888e-11	0.000318529	0.000630382	0.000705723	63.408
411.833	9.98	6.6579574e-11	0.000217439	0.000447275	0.000490192	63.93
413.3235	9.984	6.66062592e-11	0.000197412	0.000276567	0.000335695	54.978
415.026	9.988	6.663294439999999e-11	0.000144006	0.000127793	0.000198365	41.49
416.5061	9.992	6.66596296e-11	0.000152589	-5.43597e-05	0.000156404	-21.342
417.9853	9.996	6.66863148e-11	0.000167848	-0.000205995	0.000255587	-50.766
419.4893	10.0	6.6713e-11	0.000164987	-0.000298502	0.00033951	-61.578
420.952	10.004	6.673968519999999e-11	0.000175477	-0.00037575	0.000417711	-65.106
422.4325	10.008	6.676637039999999e-11	0.000201226	-0.000448229	0.000488285	-65.814
423.9184	10.012	6.67930556e-11	0.000142098	-0.000480654	0.000499729	-73.686
425.4075	10.016	6.68197408e-11	0.000167848	-0.000483515	0.000511173	-72.15
427.1254	10.02	6.6846426e-11	9.25069e-05	-0.000507358	0.000519756	-79.248
428.5886	10.024	6.68731112e-11	0.000144006	-0.000483515	0.000503544	-73.752
430.0751	10.028	6.68997964e-11	1.52589e-05	-0.000441553	0.000447275	-86.64
431.5654	10.032	6.692648159999999e-11	8.58313e-06	-0.000456812	0.000455858	-88.578
433.0215	10.036	6.695316679999999e-11	-4.7684e-06	-0.000388147	0.000389101	-89.706
434.5091	10.04	6.697985199999999e-11	-7.1526e-05	-0.000324251	0.000335695	-105.96
436.0103	10.044	6.70065372e-11	-2.9564e-05	-0.00023079	0.000228883	-99.492
437.7424	10.048	6.70332224e-11	-8.96459e-05	-0.000160218	0.000174523	-114.096
439.2231	10.052	6.70599076e-11	-5.14986e-05	-6.96187e-05	8.29701e-05	-123.312
440.6838	10.056	6.70865928e-11	-2.86104e-06	-5.14986e-05	5.14986e-05	-86.376
442.1545	10.06	6.7113278e-11	1.71663e-05	3.24252e-05	4.38693e-05	54.942
443.6287	10.064	6.713996319999999e-11	2.86103e-05	2.3842e-05	3.62399e-05	46.47
445.3183	10.068	6.716664839999999e-11	7.34334e-05	8.20165e-05	0.000113488	52.152
446.7954	10.072	6.719333359999999e-11	4.38693e-05	5.53133e-05	6.77113e-05	55.842
448.2479	10.076	6.72200188e-11	7.82018e-05	6.10356e-05	9.72752e-05	38.472
449.9697	10.08	6.7246704e-11	8.77385e-05	8.58313e-06	9.44142e-05	6.252
451.4296	10.084	6.72733892e-11	6.10356e-05	-1.90736e-05	6.48503e-05	-23.964
452.9015	10.088	6.73000744e-11	-2.76567e-05	-3.71935e-05	3.81472e-05	-104.034
454.3536	10.092	6.73267596e-11	-7.62945e-06	-8.58312e-05	8.77385e-05	-95.874
455.8425	10.096	6.73534448e-11	-4.76839e-05	-7.82018e-05	8.77385e-05	-123.33
457.6061	10.1	6.738012999999999e-11	-9.05995e-05	-0.000123979	0.000144006	-125.538
459.0941	10.104	6.740681519999999e-11	-0.000106812	-0.00013733	0.000172616	-126.516
460.5765	10.108	6.74335004e-11	-0.000134469	-0.000124932	0.000185967	-137.874
462.064	10.112	6.74601856e-11	-0.000175477	-0.000140191	0.000223161	-142.092
463.5642	10.116	6.74868708e-11	-0.000197412	-8.20165e-05	0.00021267	-155.286
465.0437	10.12	6.751355599999999e-11	-0.000199319	-4.76839e-05	0.000216485	-167.058
466.4979	10.124	6.75402412e-11	-0.000164987	-0.000106812	0.000193597	-145.926
468.2556	10.128	6.75669264e-11	-0.00011158	-7.05724e-05	0.000135423	-151.212
469.7079	10.132	6.75936116e-11	-0.000130654	-5.0545e-05	0.000138284	-156.48
471.1963	10.136	6.762029679999999e-11	-0.000115395	-1.81199e-05	0.000117302	-172.914
472.668	10.14	6.7646982e-11	-0.000131608	-5.3406e-05	0.000141145	-161.736
474.1758	10.144	6.76736672e-11	-0.000158311	-3.81472e-05	0.000163079	-164.844
475.6553	10.148	6.770035239999999e-11	-0.000103951	-8.48775e-05	0.000130654	-144.426
477.1457	10.152	6.772703759999999e-11	-0.000193597	-9.53679e-05	0.000218392	-153.738
478.6286	10.156	6.77537228e-11	-0.00021267	-0.000128747	0.000241281	-152.136
480.3623	10.16	6.7780408e-11	-0.000205041	-0.000128747	0.000249865	-151.416
481.833	10.164	6.78070932e-11	-0.000288965	-0.000151635	0.000323297	-151.902
483.3161	10.168	6.78337784e-11	-0.000302317	-0.000166894	0.000343325	-152.094
484.8077	10.172	6.78604636e-11	-0.000352861	-0.000135423	0.000378611	-157.806
486.2786	10.176	6.788714879999999e-11	-0.00038624	-0.000180245	0.000413897	-154.47
487.9712	10.18	6.791383399999999e-11	-0.000392916	-0.000183106	0.000433924	-155.55
489.4452	10.184	6.794051919999999e-11	-0.000454905	-0.000160218	0.0004797	-160.386
490.928	10.188	6.79672044e-11	-0.000421526	-0.000133515	0.000444414	-162.72
492.4165	10.192	6.79938896e-11	-0.000371935	-0.000190736	0.00041485	-153.27
493.9032	10.196	6.80205748e-11	-0.000364305	-0.00018406	0.000401499	-155.622
495.3981	10.2	6.804726e-11	-0.000304224	-0.000199319	0.000360491	-146.724
496.8776	10.204	6.807394520000001e-11	-0.000343325	-0.000213624	0.000395777	-146.742
498.5951	10.208	6.810063039999999e-11	-0.00024605	-0.000191689	0.000313761	-143.418
500.0661	10.212	6.812731559999999e-11	-0.000253679	-0.000175477	0.00030327	-143.982
501.5354	10.216	6.815400079999999e-11	-0.000280382	-0.000229836	0.000355722	-139.878
503.0417	10.22	6.8180686e-11	-0.000185967	-0.000204087	0.000278475	-133.848
504.5442	10.224	6.82073712e-11	-0.000197412	-0.000252726	0.000323297	-127.386
506.0252	10.228	6.82340564e-11	-0.000148774	-0.000242234	0.000282289	-123.198
507.5187	10.232	6.82607416e-11	-0.000149728	-0.000228883	0.000281336	-123.396
508.986	10.236	6.82874268e-11	-0.00020218	-0.000236512	0.000305178	-128.598
510.7189	10.24	6.8314112e-11	-0.000195504	-0.000177384	0.000263216	-134.898
512.1686	10.244	6.83407972e-11	-0.000226022	-0.000160218	0.000276567	-145.464
513.6768	10.248	6.836748239999999e-11	-0.000217439	-0.000135423	0.000253679	-147.738
515.133	10.252	6.83941676e-11	-0.000214578	-0.000133515	0.000249865	-147.93
516.6136	10.256	6.84208528e-11	-0.000236512	-6.5804e-05	0.000243188	-163.026
518.3385	10.26	6.8447538e-11	-0.000248911	-8.58313e-06	0.00025654	-179.118
519.7926	10.264	6.847422319999999e-11	-0.000247004	5.72208e-06	0.000247957	178.614
521.2731	10.268	6.85009084e-11	-0.000245096	-3.14715e-05	0.000244142	-172.68
522.755	10.272	6.85275936e-11	-0.000300409	-6.8665e-05	0.000297548	-165.84
524.2632	10.276	6.85542788e-11	-0.000336649	-2.86104e-06	0.000331881	-179.184
525.7457	10.28	6.8580964e-11	-0.000282289	-3.33788e-05	0.000272753	-172.32
527.2332	10.284	6.86076492e-11	-0.000330927	-5.3406e-05	0.00032902	-170.52
528.9924	10.288	6.86343344e-11	-0.00026417	-2.9564e-05	0.000269892	-176.478
530.4613	10.292	6.866101959999999e-11	-0.00024605	-0.000124932	0.000271799	-152.496
531.9516	10.296	6.868770479999999e-11	-0.000258448	-0.000148774	0.000289919	-149.964
533.4347	10.3	6.871439e-11	-0.000239373	-0.000146867	0.000270845	-148.158
534.9071	10.304	6.87410752e-11	-0.000244142	-0.000151635	0.000283243	-148.224
536.639	10.308	6.87677604e-11	-0.000217439	-0.000169755	0.00027466	-143.298
538.1108	10.312	6.87944456e-11	-0.000217439	-0.000170709	0.000279428	-139.884
539.5821	10.316	6.88211308e-11	-0.000208856	-0.00018406	0.000282289	-139.884
541.0533	10.32	6.884781599999999e-11	-0.000191689	-0.000167848	0.000255587	-136.896
542.5064	10.324	6.887450119999999e-11	-0.000203134	-0.00013733	0.000243188	-146.7
544.2506	10.328	6.890118639999999e-11	-0.000215531	-0.000127793	0.000241281	-149.034
545.7333	10.332	6.89278716e-11	-0.000209809	-0.00014782	0.000258448	-147.606
547.1928	10.336	6.89545568e-11	-0.000226022	-0.00011158	0.000249865	-152.892
548.9379	10.34	6.8981242e-11	-0.000195504	-0.000121117	0.000233651	-148.644
550.4202	10.344	6.90079272e-11	-0.000244142	-0.000109673	0.000260355	-156.432
551.9093	10.348	6.90346124e-11	-0.000208856	-6.2943e-05	0.000205041	-164.496
553.3781	10.352	6.90612976e-11	-0.000199319	-6.77113e-05	0.000216485	-161.838
554.8407	10.356	6.908798279999999e-11	-0.000235558	-6.5804e-05	0.000241281	-163.212
556.5661	10.36	6.911466799999999e-11	-0.000207902	-6.48503e-05	0.000222207	-163.02
558.0479	10.364	6.91413532e-11	-0.000160218	-6.00817e-05	0.000159265	-156.738
559.5575	10.368	6.91680384e-11	-0.000144959	-3.14715e-05	0.00014782	-168.492
561.0387	10.372	6.91947236e-11	-0.000144006	1.62126e-05	0.000130654	168.57
562.5276	10.376	6.92214088e-11	-0.000130654	-1.62126e-05	0.000130654	-173.79
563.999	10.38	6.9248094e-11	-0.000115395	-1.62126e-05	0.000114441	-179.658
565.4869	10.384	6.92747792e-11	-0.00011158	2.19346e-05	0.00011921	170.958
567.2028	10.388	6.93014644e-11	-5.9128e-05	-1.81199e-05	5.3406e-05	-152.472
568.6909	10.392	6.932814959999999e-11	-6.96187e-05	0.0	6.77113e-05	-178.284
570.1425	10.396	6.93548348e-11	-5.14986e-05	-4.7684e-06	5.53133e-05	-176.67
571.6152	10.4	6.938152e-11	-4.00546e-05	-3.81472e-05	4.86376e-05	-135.0
573.1022	10.404	6.94082052e-11	-9.15532e-05	-3.71935e-05	9.44142e-05	-157.752
574.7955	10.408	6.943489039999999e-11	-7.1526e-05	-2.6703e-05	7.43871e-05	-156.138
576.2825	10.412	6.94615756e-11	-0.000113488	-4.29156e-05	0.000125886	-160.044
577.7382	10.416	6.94882608e-11	-0.000118256	-4.7684e-06	0.000114441	-174.93
579.5033	10.42	6.9514946e-11	-0.000118256	9.5368e-06	0.000107766	174.108
580.9734	10.424	6.95416312e-11	-0.000140191	-3.71935e-05	0.000139237	-166.296
582.446	10.428	6.95683164e-11	-0.000130654	-3.81473e-06	0.000130654	179.424
583.898	10.432	6.95950016e-11	-0.000110627	-3.91009e-05	0.000125886	-159.132
585.3707	10.436	6.962168679999999e-11	-0.000117302	-6.67575e-06	0.000104905	-176.988
587.093	10.44	6.964837199999999e-11	-0.000130654	1.52589e-05	0.000123979	175.056
588.5808	10.444	6.96750572e-11	-0.000148774	-2.47956e-05	0.000149728	-174.03
590.0404	10.448	6.97017424e-11	-0.000140191	-1.62126e-05	0.000134469	-175.644
591.5456	10.452	6.97284276e-11	-0.00015545	-1.62126e-05	0.000153542	-172.968
593.0078	10.456	6.97551128e-11	-0.000143052	-2.47956e-05	0.00013733	-172.806
594.4991	10.46	6.978179800000001e-11	-0.000166894	-8.20165e-05	0.000180245	-155.754
595.9681	10.464	6.980848319999999e-11	-0.000154496	-0.000120163	0.000187875	-136.614
597.7182	10.468	6.983516839999999e-11	-0.000128747	-8.67848e-05	0.000149728	-145.032
599.1709	10.472	6.986185359999999e-11	-0.000134469	-0.000110627	0.000175477	-139.584
600.6621	10.476	6.98885388e-11	-9.63216e-05	-6.10356e-05	0.000106812	-144.714
602.1435	10.48	6.9915224e-11	-9.44142e-05	-0.000109673	0.000143052	-133.836
603.6009	10.484	6.99419092e-11	-5.6267e-05	-0.000123025	0.000133515	-112.554
605.3301	10.488	6.99685944e-11	-5.72207e-05	-6.10356e-05	7.62944e-05	-125.838
606.796	10.492	6.99952796e-11	-4.19619e-05	-7.82018e-05	8.77385e-05	-120.066
608.2532	10.496	7.00219648e-11	2.00273e-05	-6.00817e-05	6.10356e-05	-78.204
609.9697	10.5	7.004865e-11	1.23978e-05	-7.91554e-05	8.10628e-05	-81.804
611.4213	10.504	7.007533519999999e-11	4.86376e-05	-2.47956e-05	5.53133e-05	-30.846
612.8725	10.508	7.010202039999999e-11	2.57493e-05	-3.14715e-05	3.71935e-05	-42.066
614.3345	10.512	7.01287056e-11	4.10082e-05	-1.71663e-05	4.00546e-05	-26.982
615.8066	10.516	7.01553908e-11	5.81744e-05	3.24252e-05	6.77113e-05	32.766
617.5131	10.52	7.018207599999999e-11	1.52589e-05	2.00273e-05	2.57493e-05	59.742
618.9686	10.524	7.020876119999999e-11	4.29156e-05	5.6267e-05	7.1526e-05	53.022
620.44	10.528	7.02354464e-11	-1.04905e-05	2.86104e-06	1.23978e-05	158.628
621.9231	10.532	7.02621316e-11	-2.00273e-05	3.71935e-05	4.29156e-05	107.928
623.3957	10.536	7.02888168e-11	-2.3842e-05	3.81473e-06	2.3842e-05	171.252
624.8683	10.54	7.031550199999998e-11	-5.43597e-05	2.86103e-05	5.9128e-05	143.13
626.3465	10.544	7.03421872e-11	-8.29701e-05	5.81744e-05	0.000106812	147.18
628.0697	10.548	7.03688724e-11	-5.9128e-05	8.10628e-05	0.000104905	124.878
629.5417	10.552	7.039555759999999e-11	-5.3406e-05	5.9128e-05	8.77385e-05	139.212
630.9938	10.556	7.042224279999999e-11	-7.1526e-05	5.72208e-06	8.20165e-05	-179.556
632.4701	10.56	7.0448928e-11	-4.19619e-05	4.48229e-05	6.5804e-05	130.362
633.9418	10.564	7.04756132e-11	-1.62126e-05	6.67575e-06	1.23978e-05	161.568
635.665	10.568	7.05022984e-11	-2.9564e-05	-2.9564e-05	3.62399e-05	-139.266
637.1377	10.572	7.05289836e-11	5.72208e-06	-2.9564e-05	2.9564e-05	-112.782
638.59	10.576	7.05556688e-11	0.0	-4.67303e-05	4.67303e-05	-78.072
640.288	10.58	7.058235399999999e-11	4.76839e-05	-3.81472e-05	6.00817e-05	-42.78
641.7408	10.584	7.060903919999999e-11	4.48229e-05	-1.62126e-05	4.95913e-05	-21.936
643.2301	10.588	7.063572439999999e-11	4.48229e-05	-6.96187e-05	7.91554e-05	-56.592
644.6832	10.592	7.06624096e-11	4.76839e-05	-2.3842e-05	5.72207e-05	-28.866
646.1357	10.596	7.06890948e-11	8.29701e-05	-6.00817e-05	0.000104905	-33.096
647.8677	10.6	7.071578e-11	7.24797e-05	-5.6267e-05	8.67848e-05	-45.312
649.3441	10.604	7.07424652e-11	8.39238e-05	-3.62399e-05	9.05995e-05	-24.09
650.8063	10.608	7.07691504e-11	5.53133e-05	-2.47956e-05	6.10356e-05	-21.45
652.2668	10.612	7.079583559999999e-11	8.10628e-05	1.90736e-06	7.62944e-05	4.596
653.7227	10.616	7.082252079999999e-11	7.1526e-05	2.19346e-05	7.34334e-05	14.292
655.1933	10.62	7.084920599999999e-11	2.9564e-05	1.52589e-05	3.91009e-05	12.726
656.6785	10.624	7.08758912e-11	2.57493e-05	8.39238e-05	8.39238e-05	81.426
658.1498	10.628	7.09025764e-11	1.90736e-05	5.81744e-05	6.10356e-05	71.772
659.8807	10.632	7.09292616e-11	-7.62945e-06	6.19893e-05	6.19893e-05	89.388
661.3652	10.636	7.095594679999999e-11	5.72207e-05	7.91554e-05	9.91826e-05	65.226
662.8501	10.64	7.0982632e-11	7.62945e-06	5.72207e-05	5.9128e-05	84.228
664.3391	10.644	7.10093172e-11	8.39238e-05	6.96187e-05	0.000107766	41.184
666.0663	10.648	7.10360024e-11	2.28883e-05	9.44142e-05	9.82289e-05	74.268
667.5259	10.652	7.106268759999999e-11	4.00546e-05	5.43597e-05	7.05724e-05	54.834
668.9766	10.656	7.10893728e-11	7.24797e-05	2.86103e-05	7.53407e-05	26.562
670.6939	10.66	7.1116058e-11	4.38693e-05	1.90736e-06	3.71935e-05	-7.386
672.1651	10.664	7.114274319999999e-11	6.8665e-05	0.0	8.01091e-05	2.706
673.6366	10.668	7.116942839999999e-11	5.9128e-05	2.3842e-05	5.6267e-05	22.908
675.0861	10.672	7.11961136e-11	2.86103e-05	-4.48229e-05	4.95913e-05	-57.996
676.5724	10.676	7.12227988e-11	1.62126e-05	5.72208e-06	8.58313e-06	116.562
678.3002	10.68	7.1249484e-11	1.71663e-05	-1.04905e-05	1.90736e-05	-40.812
679.7705	10.684	7.12761692e-11	3.81473e-06	-3.71935e-05	3.91009e-05	-91.848
681.2433	10.688	7.13028544e-11	-1.90736e-06	-5.81744e-05	5.53133e-05	-74.622
682.7292	10.692	7.132953959999999e-11	-3.33788e-05	-4.76839e-05	5.43597e-05	-108.66
684.2003	10.696	7.135622479999999e-11	6.67575e-06	-1.43052e-05	2.19346e-05	-48.366
685.6945	10.7	7.138290999999999e-11	-1.71663e-05	-4.95913e-05	5.53133e-05	-110.034
687.1667	10.704	7.14095952e-11	-2.47956e-05	-3.81472e-05	4.57766e-05	-119.22
688.8908	10.708	7.14362804e-11	-4.38693e-05	-1.81199e-05	4.38693e-05	-150.252
690.3425	10.712	7.14629656e-11	-4.19619e-05	-3.24252e-05	4.86376e-05	-143.616
691.8121	10.716	7.14896508e-11	9.53682e-07	-3.81472e-05	3.62399e-05	-83.538
693.3039	10.72	7.151633600000001e-11	-2.86104e-06	-5.0545e-05	4.67303e-05	-103.188
694.7551	10.724	7.154302119999999e-11	-2.76567e-05	-2.9564e-05	3.71935e-05	-125.076
696.4992	10.728	7.156970639999999e-11	-3.05178e-05	-5.6267e-05	6.10356e-05	-115.02
697.9575	10.732	7.159639159999999e-11	-4.00546e-05	0.0	4.38693e-05	180.0
699.4409	10.736	7.16230768e-11	0.0	-2.00273e-05	2.28883e-05	-119.43
701.169	10.74	7.1649762e-11	1.04905e-05	-5.24523e-05	5.53133e-05	-74.514
702.6419	10.744	7.16764472e-11	-1.43052e-05	-7.1526e-05	7.43871e-05	-101.508
704.0972	10.748	7.17031324e-11	-2.0981e-05	-7.24797e-05	7.43871e-05	-107.472
705.5513	10.752	7.17298176e-11	4.86376e-05	-3.14715e-05	5.53133e-05	-36.024
707.0395	10.756	7.17565028e-11	2.0981e-05	-7.24797e-05	7.34334e-05	-72.396
708.7518	10.76	7.178318799999999e-11	3.81473e-06	-8.48775e-05	8.48775e-05	-86.04
710.205	10.764	7.180987319999999e-11	3.81473e-06	-3.33788e-05	3.52862e-05	-75.006
711.6614	10.768	7.18365584e-11	7.24797e-05	-3.62399e-05	8.39238e-05	-23.55
713.1296	10.772	7.18632436e-11	-3.81473e-06	-2.28883e-05	2.3842e-05	-94.764
714.592	10.776	7.18899288e-11	1.23978e-05	1.14442e-05	2.19346e-05	26.562
716.0636	10.78	7.191661399999999e-11	9.82289e-05	-6.67575e-06	9.05995e-05	-6.144
717.5166	10.784	7.19432992e-11	6.67577e-05	-4.7684e-06	6.77113e-05	-6.096
718.9734	10.788	7.19699844e-11	8.20165e-05	3.81473e-06	8.58312e-05	2.586
720.7274	10.792	7.19966696e-11	2.6703e-05	5.72208e-06	2.28883e-05	-1.908
722.1862	10.796	7.20233548e-11	7.43871e-05	6.00817e-05	8.58312e-05	46.32
723.6599	10.8	7.205004e-11	2.28883e-05	1.14442e-05	2.57493e-05	19.44
725.1322	10.804	7.20767252e-11	3.52862e-05	3.14715e-05	4.86376e-05	48.366
726.8226	10.808	7.210341039999999e-11	-2.28883e-05	5.72207e-05	6.00817e-05	113.118
728.2955	10.812	7.213009559999999e-11	4.48229e-05	-3.81473e-06	5.53133e-05	-12.744
729.7669	10.816	7.21567808e-11	2.57493e-05	8.58313e-06	3.62399e-05	14.934
731.25	10.82	7.2183466e-11	1.90736e-05	5.72208e-06	2.0981e-05	15.708
732.7277	10.824	7.22101512e-11	4.29156e-05	1.23978e-05	4.19619e-05	18.738
734.4361	10.828	7.22368364e-11	4.10082e-05	-1.62126e-05	5.0545e-05	-26.88
735.8931	10.832	7.22635216e-11	3.71935e-05	8.58313e-06	4.10082e-05	13.392
737.3671	10.836	7.229020679999999e-11	5.9128e-05	2.00273e-05	7.24797e-05	25.908
738.8548	10.84	7.231689199999999e-11	8.58312e-05	1.04905e-05	7.72481e-05	11.916
740.3358	10.844	7.234357719999999e-11	0.00010109	3.33788e-05	0.000102997	18.318
741.788	10.848	7.23702624e-11	5.53133e-05	1.23978e-05	6.10356e-05	9.258
743.2648	10.852	7.23969476e-11	5.53133e-05	2.6703e-05	6.19893e-05	25.464
744.7343	10.856	7.24236328e-11	6.10356e-05	-4.7684e-06	6.38966e-05	1.734
746.4435	10.86	7.2450318e-11	5.43597e-05	2.86104e-06	5.43597e-05	0.708
747.9219	10.864	7.247700320000001e-11	1.23978e-05	-2.28883e-05	2.28883e-05	-56.766
749.4015	10.868	7.25036884e-11	2.86104e-06	-2.86104e-06	9.5368e-06	-16.926
750.892	10.872	7.253037359999999e-11	-2.86104e-06	-2.3842e-05	2.47956e-05	-67.38
752.3461	10.876	7.255705879999999e-11	2.00273e-05	2.19346e-05	3.33788e-05	44.238
753.8227	10.88	7.2583744e-11	5.72208e-06	2.19346e-05	2.86103e-05	46.686
755.2746	10.884	7.26104292e-11	1.90736e-05	2.86104e-06	2.00273e-05	-10.956
756.998	10.888	7.26371144e-11	2.00273e-05	-1.62126e-05	2.86103e-05	-17.592
758.494	10.892	7.26637996e-11	-3.81473e-06	-9.5368e-06	1.52589e-05	-154.29
759.9247	10.896	7.26904848e-11	5.9128e-05	-2.3842e-05	6.19893e-05	-22.146
761.3888	10.9	7.271717e-11	4.7684e-06	-1.14442e-05	1.14442e-05	-64.98
762.8416	10.904	7.27438552e-11	3.52862e-05	-2.6703e-05	4.76839e-05	-29.652
764.5832	10.908	7.277054039999999e-11	2.28883e-05	4.7684e-06	2.19346e-05	-2.862
766.056	10.912	7.27972256e-11	4.38693e-05	8.58313e-06	5.14986e-05	11.448
767.543	10.916	7.28239108e-11	6.77113e-05	2.86104e-06	7.24797e-05	-5.712
769.2355	10.92	7.2850596e-11	8.77385e-05	1.52589e-05	9.05995e-05	8.904
770.7125	10.924	7.287728119999999e-11	3.52862e-05	-3.43325e-05	4.57766e-05	-23.43
772.1613	10.928	7.29039664e-11	4.19619e-05	-3.81473e-06	3.52862e-05	-4.572
773.6384	10.932	7.29306516e-11	7.43871e-05	-3.81473e-06	7.72481e-05	3.912
775.0789	10.936	7.29573368e-11	4.19619e-05	5.72208e-06	4.57766e-05	8.928
776.5477	10.94	7.2984022e-11	2.57493e-05	-3.62399e-05	4.19619e-05	-58.2
778.02	10.944	7.30107072e-11	1.90736e-05	-3.52862e-05	2.86103e-05	-85.362
779.4684	10.948	7.30373924e-11	-3.81473e-06	-2.47956e-05	2.6703e-05	-91.332
781.2009	10.952	7.306407759999999e-11	2.6703e-05	-4.29156e-05	4.48229e-05	-67.38
782.6536	10.956	7.309076279999999e-11	-9.5368e-06	-2.47956e-05	2.3842e-05	-101.31
784.1228	10.96	7.3117448e-11	1.52589e-05	8.58313e-06	1.71663e-05	12.528
785.5698	10.964	7.31441332e-11	3.71935e-05	2.6703e-05	4.29156e-05	30.324
787.3207	10.968	7.31708184e-11	1.71663e-05	-6.67575e-06	1.71663e-05	25.71
788.8243	10.972	7.31975036e-11	-2.6703e-05	-4.48229e-05	3.91009e-05	-76.758
790.2716	10.976	7.322418880000001e-11	-4.7684e-06	1.52589e-05	1.71663e-05	80.22
791.7428	10.98	7.325087399999999e-11	-1.71663e-05	-9.5368e-06	1.62126e-05	-144.162
793.1933	10.984	7.327755919999999e-11	-1.90736e-06	3.81472e-05	3.71935e-05	90.0
794.6478	10.988	7.330424439999999e-11	-1.04905e-05	-4.7684e-06	1.52589e-05	-167.736
796.103	10.992	7.33309296e-11	-1.33515e-05	-5.9128e-05	5.9128e-05	-99.246
797.5798	10.996	7.33576148e-11	5.72208e-06	-3.81472e-05	3.91009e-05	-97.65
799.3007	11.0	7.33843e-11	1.04905e-05	-2.28883e-05	3.52862e-05	-52.632
800.7416	11.004	7.34109852e-11	-3.14715e-05	-2.76567e-05	3.91009e-05	-130.182
802.1937	11.008	7.343767039999999e-11	0.0	-6.5804e-05	6.8665e-05	-85.278
803.7151	11.012	7.34643556e-11	2.6703e-05	-2.6703e-05	3.91009e-05	-47.604
805.207	11.016	7.34910408e-11	-3.81473e-06	-4.38693e-05	4.19619e-05	-105.174
806.9679	11.02	7.351772599999999e-11	-2.28883e-05	-1.23978e-05	1.81199e-05	-143.976
808.4352	11.024	7.354441119999999e-11	1.71663e-05	-3.81472e-05	4.19619e-05	-73.464
809.8921	11.028	7.35710964e-11	1.04905e-05	-2.86103e-05	3.05178e-05	-58.626
811.3655	11.032	7.35977816e-11	2.57493e-05	-3.33788e-05	4.38693e-05	-54.276
812.8369	11.036	7.36244668e-11	1.90736e-05	-7.62945e-06	1.52589e-05	-43.266
814.3227	11.04	7.365115199999999e-11	4.38693e-05	-9.5368e-06	4.57766e-05	-9.06
815.7936	11.044	7.36778372e-11	5.14986e-05	-4.67303e-05	6.96187e-05	-38.22
817.2646	11.048	7.37045224e-11	4.76839e-05	-2.0981e-05	4.67303e-05	-32.988
818.702	11.052	7.37312076e-11	6.77113e-05	-9.5368e-06	6.5804e-05	-13.47
820.1546	11.056	7.375789279999998e-11	1.62126e-05	1.90736e-06	8.58313e-06	55.008
821.6426	11.06	7.3784578e-11	5.0545e-05	1.23978e-05	5.3406e-05	22.194
823.1038	11.064	7.38112632e-11	3.33788e-05	1.04905e-05	3.91009e-05	22.836
824.8088	11.068	7.383794839999999e-11	2.86104e-06	1.52589e-05	1.52589e-05	73.074
826.287	11.072	7.386463359999999e-11	5.72207e-05	3.43325e-05	7.05724e-05	31.506
827.7578	11.076	7.38913188e-11	3.91009e-05	6.67575e-06	2.9564e-05	-4.188
829.4652	11.08	7.3918004e-11	2.9564e-05	2.6703e-05	4.38693e-05	52.482
830.9366	11.084	7.39446892e-11	3.24252e-05	3.33788e-05	5.14986e-05	38.994
832.4222	11.088	7.39713744e-11	6.77113e-05	5.24523e-05	7.91554e-05	42.51
833.8949	11.092	7.39980596e-11	1.33515e-05	-2.47956e-05	2.47956e-05	-82.302
835.371	11.096	7.402474479999999e-11	9.5368e-06	-3.24252e-05	2.6703e-05	-72.552
837.0821	11.1	7.405142999999999e-11	2.00273e-05	3.05178e-05	3.81472e-05	68.196
838.5532	11.104	7.407811519999999e-11	-1.14442e-05	-5.72208e-06	6.67575e-06	-123.69
840.0241	11.108	7.41048004e-11	-4.7684e-06	4.00546e-05	4.57766e-05	77.472
841.4587	11.112	7.41314856e-11	5.72208e-06	2.3842e-05	2.19346e-05	55.788
842.9357	11.116	7.41581708e-11	4.38693e-05	-1.43052e-05	4.29156e-05	-18.432
844.3676	11.12	7.4184856e-11	0.0	0.0	6.67575e-06	-3.012
845.8559	11.124	7.42115412e-11	-2.86104e-06	-2.00273e-05	2.28883e-05	-84.426
847.5867	11.128	7.423822639999999e-11	9.5368e-06	1.71663e-05	1.52589e-05	53.13
849.0388	11.132	7.426491159999999e-11	1.71663e-05	1.90736e-06	1.23978e-05	3.816
850.4752	11.136	7.429159679999999e-11	4.38693e-05	5.72208e-06	3.81472e-05	11.31
851.9334	11.14	7.4318282e-11	2.6703e-05	-2.47956e-05	3.43325e-05	-34.626
853.3719	11.144	7.43449672e-11	4.29156e-05	2.86104e-06	4.67303e-05	6.426
855.0981	11.148	7.43716524e-11	3.43325e-05	-1.33515e-05	3.91009e-05	-20.226
856.6025	11.152	7.439833759999999e-11	9.5368e-06	8.58313e-06	1.04905e-05	-3.18
858.0421	11.156	7.44250228e-11	-3.81473e-06	-6.67575e-06	8.58313e-06	-76.758
859.4994	11.16	7.4451708e-11	1.90736e-05	-3.91009e-05	4.00546e-05	-64.746
860.9722	11.164	7.447839319999999e-11	3.24252e-05	-1.52589e-05	3.05178e-05	-36.87
862.4301	11.168	7.450507839999999e-11	1.90736e-06	3.91009e-05	3.71935e-05	98.274
863.881	11.172	7.45317636e-11	2.86104e-06	-6.67575e-06	8.58313e-06	-49.086
865.3671	11.176	7.45584488e-11	1.71663e-05	-1.90736e-06	1.62126e-05	43.602
867.0848	11.18	7.458513399999999e-11	3.81473e-06	1.04905e-05	1.23978e-05	68.196
868.5517	11.184	7.461181919999999e-11	0.0	1.52589e-05	7.62945e-06	-54.462
870.0187	11.188	7.46385044e-11	-1.43052e-05	1.43052e-05	1.81199e-05	117.474
871.5115	11.192	7.46651896e-11	4.95913e-05	3.24252e-05	6.38966e-05	28.074
872.9846	11.196	7.46918748e-11	2.86104e-06	3.81473e-06	5.72208e-06	20.556
874.4578	11.2	7.471856e-11	1.43052e-05	-1.33515e-05	2.00273e-05	-35.136
875.9259	11.204	7.47452452e-11	4.57766e-05	2.3842e-05	4.86376e-05	22.248
877.4002	11.208	7.47719304e-11	2.9564e-05	-2.00273e-05	2.47956e-05	-42.612
878.8631	11.212	7.479861559999999e-11	4.38693e-05	-1.90736e-05	4.57766e-05	-40.956
880.3547	11.216	7.482530079999999e-11	4.19619e-05	2.3842e-05	4.86376e-05	40.686
881.8056	11.22	7.4851986e-11	6.77113e-05	3.81473e-06	6.77113e-05	1.122
883.3175	11.224	7.48786712e-11	4.57766e-05	1.52589e-05	5.0545e-05	15.522
885.0528	11.228	7.49053564e-11	-1.71663e-05	-4.67303e-05	4.86376e-05	-108.948
886.5121	11.232	7.49320416e-11	2.28883e-05	-2.86104e-06	2.57493e-05	-8.838
887.9641	11.236	7.49587268e-11	8.01091e-05	-2.76567e-05	7.43871e-05	-21.306
889.4419	11.24	7.498541199999999e-11	-7.62945e-06	2.86103e-05	2.6703e-05	96.012
890.877	11.244	7.501209719999999e-11	1.52589e-05	-4.7684e-06	1.52589e-05	-5.712
892.3537	11.248	7.503878239999999e-11	2.28883e-05	-2.3842e-05	2.3842e-05	-40.032
893.7862	11.252	7.50654676e-11	2.9564e-05	0.0	2.9564e-05	3.732
895.2283	11.256	7.50921528e-11	5.72207e-05	-2.3842e-05	5.9128e-05	-26.562
896.9399	11.26	7.5118838e-11	-4.7684e-06	3.91009e-05	3.91009e-05	92.862
898.4219	11.264	7.51455232e-11	1.23978e-05	1.52589e-05	1.14442e-05	71.568
899.9275	11.268	7.51722084e-11	-3.14715e-05	-9.5368e-06	3.05178e-05	160.77
901.3807	11.272	7.51988936e-11	-1.14442e-05	-2.3842e-05	2.9564e-05	-130.602
902.8536	11.276	7.522557879999999e-11	-1.62126e-05	2.28883e-05	2.86103e-05	134.088
904.3469	11.28	7.525226399999999e-11	-4.19619e-05	-5.72208e-06	4.19619e-05	-177.474
905.8166	11.284	7.52789492e-11	-4.86376e-05	-2.19346e-05	5.3406e-05	-146.886
907.2885	11.288	7.53056344e-11	-1.90736e-05	-4.48229e-05	4.86376e-05	-134.466
908.7414	11.292	7.53323196e-11	-1.62126e-05	-2.19346e-05	2.57493e-05	-120.966
910.1972	11.296	7.535900479999999e-11	-3.33788e-05	-2.47956e-05	4.00546e-05	-128.658
911.6982	11.3	7.538569e-11	-8.58313e-06	-3.81472e-05	3.52862e-05	-91.104
913.1398	11.304	7.54123752e-11	8.58313e-06	-3.14715e-05	3.24252e-05	-71.916
914.8534	11.308	7.54390604e-11	-4.7684e-06	-5.72207e-05	5.72207e-05	-95.976
916.336	11.312	7.546574559999999e-11	2.28883e-05	-4.48229e-05	4.76839e-05	-81.192
917.7772	11.316	7.54924308e-11	2.3842e-05	-6.67577e-05	7.34334e-05	-73.92
919.2476	11.32	7.5519116e-11	8.58313e-06	-4.38693e-05	4.19619e-05	-89.046
920.7197	11.324	7.554580119999999e-11	1.90736e-05	-4.86376e-05	5.81744e-05	-54.81
922.4627	11.328	7.557248639999999e-11	-9.53682e-07	-2.00273e-05	1.90736e-05	-95.526
923.938	11.332	7.55991716e-11	1.71663e-05	-4.67303e-05	4.19619e-05	-90.99
925.409	11.336	7.56258568e-11	2.19346e-05	-4.48229e-05	4.76839e-05	-51.984
926.8808	11.34	7.5652542e-11	8.58312e-05	-2.9564e-05	9.72752e-05	-21.252
928.3613	11.344	7.56792272e-11	7.72481e-05	-3.71935e-05	7.82018e-05	-41.466
929.8022	11.348	7.57059124e-11	9.72752e-05	-4.7684e-06	9.82289e-05	-3.864
931.2747	11.352	7.57325976e-11	8.39238e-05	-4.10082e-05	8.96459e-05	-29.85
932.7463	11.356	7.575928279999999e-11	7.43871e-05	3.33788e-05	8.20165e-05	22.404
934.4721	11.36	7.578596799999999e-11	9.15532e-05	1.14442e-05	9.25069e-05	8.19
935.9446	11.364	7.58126532e-11	0.000156404	4.38693e-05	0.000153542	18.84
937.43	11.368	7.58393384e-11	9.25069e-05	1.62126e-05	0.00010109	2.934
938.8825	11.372	7.58660236e-11	0.000130654	-6.67575e-06	0.000131608	-3.774
940.3737	11.376	7.58927088e-11	9.82289e-05	6.77113e-05	0.000123025	32.844
941.8464	11.38	7.591939400000001e-11	8.01091e-05	2.57493e-05	8.67848e-05	11.736
943.3011	11.384	7.594607919999999e-11	7.91554e-05	4.57766e-05	9.44142e-05	31.104
945.0331	11.388	7.597276439999999e-11	7.34334e-05	1.71663e-05	8.01091e-05	8.064
946.4831	11.392	7.599944959999999e-11	7.91554e-05	9.53682e-07	8.48775e-05	-3.036
947.9845	11.396	7.60261348e-11	6.10356e-05	5.24523e-05	8.39238e-05	37.32
949.4249	11.4	7.605282e-11	7.24797e-05	2.57493e-05	7.1526e-05	23.124
950.9145	11.404	7.60795052e-11	9.05995e-05	9.5368e-06	8.48775e-05	-1.434
952.6064	11.408	7.61061904e-11	7.53407e-05	3.91009e-05	8.86922e-05	25.446
954.0931	11.412	7.61328756e-11	9.05995e-05	2.86104e-06	0.000102044	2.118
955.5727	11.416	7.61595608e-11	7.82018e-05	3.14715e-05	7.72481e-05	21.99
957.2818	11.42	7.6186246e-11	5.14986e-05	-5.72208e-06	4.95913e-05	-5.406
958.7536	11.424	7.621293119999999e-11	7.43871e-05	1.71663e-05	7.43871e-05	12.306
960.2353	11.428	7.62396164e-11	0.00011921	-9.53682e-07	0.000123979	-2.772
961.6938	11.432	7.62663016e-11	0.000106812	2.86103e-05	0.000113488	11.112
963.1657	11.436	7.62929868e-11	0.00012684	-3.14715e-05	0.000134469	-14.856
964.647	11.44	7.631967199999999e-11	8.10628e-05	-1.90736e-05	8.77385e-05	-17.76
966.1192	11.444	7.63463572e-11	0.000125886	-1.71663e-05	0.000127793	-8.634
967.5784	11.448	7.63730424e-11	8.10628e-05	-3.81472e-05	8.67848e-05	-24.186
969.0685	11.452	7.63997276e-11	9.53679e-05	-3.71935e-05	0.000112534	-20.478
970.5204	11.456	7.64264128e-11	9.63216e-05	-3.43325e-05	9.82289e-05	-25.2
971.9808	11.46	7.6453098e-11	7.34334e-05	-4.57766e-05	8.48775e-05	-31.194
973.4318	11.464	7.64797832e-11	0.000108719	-4.57766e-05	0.000122071	-19.128
975.1635	11.468	7.650646839999999e-11	7.34334e-05	-1.81199e-05	7.43871e-05	-16.842
976.6305	11.472	7.653315359999999e-11	0.000159265	-3.62399e-05	0.000167848	-12.018
978.1024	11.476	7.65598388e-11	0.000124932	-4.7684e-06	0.00011921	-5.256
979.5727	11.48	7.6586524e-11	0.000152589	4.10082e-05	0.000167848	13.824
981.0448	11.484	7.66132092e-11	0.000121117	-4.86376e-05	0.000132562	-18.084
982.7864	11.488	7.66398944e-11	0.000114441	2.3842e-05	0.00011921	14.712
984.2632	11.492	7.666657960000001e-11	0.000132562	-2.28883e-05	0.000121117	-9.792
985.7444	11.496	7.669326479999999e-11	0.000167848	-1.33515e-05	0.000161172	-6.096
987.2194	11.5	7.671994999999999e-11	0.000114441	-7.62945e-06	0.00011158	0.342
988.7048	11.504	7.674663519999999e-11	0.000130654	-2.0981e-05	0.000134469	-8.052
990.1601	11.508	7.677332039999999e-11	0.000112534	2.86103e-05	0.000117302	14.112
991.6332	11.512	7.68000056e-11	0.000134469	4.7684e-06	0.000136376	0.0
993.1042	11.516	7.68266908e-11	7.53407e-05	8.58313e-06	8.58312e-05	0.0
994.8275	11.52	7.6853376e-11	0.000103951	-3.62399e-05	0.000110627	-21.288
996.267	11.524	7.68800612e-11	8.10628e-05	-2.3842e-05	8.10628e-05	-16.788
997.7268	11.528	7.69067464e-11	4.38693e-05	-6.5804e-05	7.91554e-05	-56.052
999.2127	11.532	7.693343159999999e-11	5.43597e-05	2.00273e-05	4.76839e-05	7.542
1000.6655	11.536	7.696011679999999e-11	2.9564e-05	-1.71663e-05	3.71935e-05	-29.514
1002.1568	11.54	7.698680199999999e-11	5.14986e-05	1.04905e-05	4.86376e-05	-9.834
1003.6588	11.544	7.70134872e-11	4.76839e-05	-1.04905e-05	4.86376e-05	-17.988
1005.4006	11.548	7.70401724e-11	7.24797e-05	-2.6703e-05	7.91554e-05	-16.26
1006.8589	11.552	7.70668576e-11	6.10356e-05	-1.81199e-05	6.2943e-05	-10.47
1008.3318	11.556	7.709354279999999e-11	8.39238e-05	1.90736e-05	9.05995e-05	5.502
1009.8198	11.56	7.7120228e-11	2.6703e-05	-5.3406e-05	6.2943e-05	-59.136
1011.2911	11.564	7.71469132e-11	4.10082e-05	-3.14715e-05	5.6267e-05	-43.182
1012.9773	11.568	7.71735984e-11	6.96187e-05	-6.77113e-05	9.91826e-05	-41.472
1014.4382	11.572	7.720028359999999e-11	3.71935e-05	-3.05178e-05	4.57766e-05	-51.984
1015.8908	11.576	7.72269688e-11	1.90736e-05	-4.29156e-05	4.57766e-05	-54.66
1017.6369	11.58	7.7253654e-11	-6.67575e-06	-4.29156e-05	4.38693e-05	-89.184
1019.0896	11.584	7.728033919999999e-11	3.62399e-05	-7.62944e-05	8.10628e-05	-68.112
1020.5663	11.588	7.730702439999999e-11	8.58313e-06	-5.81744e-05	5.72207e-05	-83.958
1022.0383	11.592	7.73337096e-11	-4.86376e-05	-4.95913e-05	6.38966e-05	-127.692
1023.5246	11.596	7.73603948e-11	-4.38693e-05	-2.00273e-05	4.57766e-05	-154.176
1024.9909	11.6	7.738708e-11	-3.62399e-05	-1.04905e-05	3.52862e-05	-160.56
1026.4477	11.604	7.74137652e-11	-2.00273e-05	-5.3406e-05	5.43597e-05	-103.524
1027.9056	11.608	7.74404504e-11	-1.43052e-05	8.58313e-06	2.47956e-05	164.622
1029.4044	11.612	7.746713559999999e-11	-2.0981e-05	2.9564e-05	2.86103e-05	102.528
1030.878	11.616	7.749382079999999e-11	8.58313e-06	-6.67575e-06	8.58313e-06	-40.602
1032.3692	11.62	7.752050599999999e-11	-2.47956e-05	4.95913e-05	5.6267e-05	122.526
1033.7997	11.624	7.75471912e-11	3.81473e-06	3.91009e-05	3.91009e-05	93.69
1035.5112	11.628	7.75738764e-11	-7.62945e-06	1.23978e-05	1.52589e-05	119.478
1036.9548	11.632	7.76005616e-11	1.90736e-06	5.9128e-05	5.81744e-05	93.252
1038.4217	11.636	7.76272468e-11	-1.71663e-05	6.48503e-05	6.77113e-05	110.226
1039.8943	11.64	7.7653932e-11	4.10082e-05	2.28883e-05	5.24523e-05	17.772
1041.3544	11.644	7.768061719999999e-11	2.6703e-05	7.43871e-05	7.34334e-05	68.196
1043.0691	11.648	7.770730239999999e-11	6.8665e-05	5.53133e-05	8.10628e-05	44.664
1044.5243	11.652	7.773398759999999e-11	1.62126e-05	6.19893e-05	6.2943e-05	82.29
1046.0045	11.656	7.77606728e-11	2.00273e-05	6.2943e-05	6.8665e-05	75.174
1047.7306	11.66	7.7787358e-11	5.72207e-05	6.96187e-05	8.96459e-05	50.802
1049.2052	11.664	7.78140432e-11	5.53133e-05	5.43597e-05	7.62944e-05	47.094
1050.6609	11.668	7.784072839999999e-11	3.24252e-05	7.72481e-05	8.67848e-05	79.02
1052.149	11.672	7.78674136e-11	2.6703e-05	0.000125886	0.000124932	80.382
1053.6074	11.676	7.78940988e-11	8.39238e-05	0.00010109	0.000135423	50.262
1055.0917	11.68	7.792078399999999e-11	2.9564e-05	0.00010109	0.000105858	75.066
1056.5766	11.684	7.794746919999999e-11	7.72481e-05	6.38966e-05	9.05995e-05	41.268
1058.0683	11.688	7.79741544e-11	7.05724e-05	0.000139237	0.000150681	67.716
1059.5681	11.692	7.80008396e-11	7.72481e-05	0.000151635	0.000169755	57.63
1061.0241	11.696	7.80275248e-11	0.000105858	0.000112534	0.000157357	46.716
1062.4991	11.7	7.805420999999999e-11	2.3842e-05	5.14986e-05	5.9128e-05	59.958
1063.952	11.704	7.80808952e-11	1.43052e-05	0.000108719	0.000117302	84.918
1065.6453	11.708	7.81075804e-11	4.48229e-05	3.33788e-05	4.95913e-05	41.496
1067.1171	11.712	7.81342656e-11	1.52589e-05	4.57766e-05	4.95913e-05	58.44
1068.5747	11.716	7.81609508e-11	1.81199e-05	5.72207e-05	5.9128e-05	71.16
1070.0622	11.72	7.8187636e-11	3.71935e-05	4.7684e-06	4.19619e-05	21.96
1071.5447	11.724	7.82143212e-11	2.57493e-05	1.04905e-05	3.33788e-05	20.43
1073.2532	11.728	7.824100639999999e-11	4.00546e-05	-4.00546e-05	5.53133e-05	-47.01
1074.7144	11.732	7.826769159999999e-11	2.86103e-05	-5.81744e-05	6.38966e-05	-56.976
1076.2153	11.736	7.82943768e-11	8.48775e-05	-3.91009e-05	8.58312e-05	-24.102
1077.6841	11.74	7.8321062e-11	7.72481e-05	-1.90736e-05	7.05724e-05	-13.338
1079.1598	11.744	7.83477472e-11	0.000130654	-2.0981e-05	0.000130654	-12.114
1080.6282	11.748	7.83744324e-11	0.000152589	-3.62399e-05	0.000151635	-12.84
1082.1156	11.752	7.84011176e-11	0.000117302	-3.05178e-05	0.000122071	-13.134
1083.5773	11.756	7.842780279999999e-11	0.000103951	2.86104e-06	0.000104905	7.386
1085.0587	11.76	7.845448799999999e-11	0.000132562	-2.00273e-05	0.000138284	-9.774
1086.5173	11.764	7.848117319999999e-11	0.000136376	-3.91009e-05	0.000140191	-18.69
1087.9706	11.768	7.85078584e-11	0.000102044	-3.05178e-05	0.000107766	-13.524
1089.4477	11.772	7.85345436e-11	9.53679e-05	-2.47956e-05	9.44142e-05	-19.368
1090.9284	11.776	7.85612288e-11	0.000103951	2.0981e-05	9.53679e-05	8.532
1092.4149	11.78	7.8587914e-11	0.000112534	-4.7684e-06	0.000112534	0.0
1093.9044	11.784	7.86145992e-11	0.000113488	3.81472e-05	0.000135423	19.026
1095.6297	11.788	7.86412844e-11	0.000129701	1.43052e-05	0.000127793	3.936
1097.1075	11.792	7.866796959999999e-11	5.81744e-05	5.24523e-05	7.91554e-05	43.986
1098.5767	11.796	7.869465479999999e-11	6.96187e-05	2.86103e-05	8.39238e-05	20.652
1100.0481	11.8	7.872134e-11	0.000117302	4.38693e-05	0.000125886	16.992
1101.4997	11.804	7.87480252e-11	5.0545e-05	6.00817e-05	7.62944e-05	45.726
1103.211	11.808	7.87747104e-11	5.0545e-05	6.5804e-05	8.58312e-05	52.698
1104.6667	11.812	7.880139559999999e-11	5.72207e-05	1.62126e-05	5.9128e-05	19.05
1106.1381	11.816	7.88280808e-11	6.38966e-05	7.05724e-05	9.44142e-05	45.864
1107.5964	11.82	7.8854766e-11	4.00546e-05	3.62399e-05	5.0545e-05	45.0
1109.0783	11.824	7.88814512e-11	3.52862e-05	2.86103e-05	5.0545e-05	40.842
1110.8282	11.828	7.890813639999999e-11	-1.62126e-05	1.52589e-05	2.57493e-05	145.98
1112.2985	11.832	7.89348216e-11	7.62945e-06	0.0	7.62945e-06	-25.02
1113.7797	11.836	7.89615068e-11	1.14442e-05	2.86103e-05	3.05178e-05	87.336
1115.2513	11.84	7.8988192e-11	-2.6703e-05	-2.6703e-05	3.71935e-05	-145.242
1116.7616	11.844	7.901487719999999e-11	-1.62126e-05	-7.82018e-05	7.62944e-05	-110.808
1118.2339	11.848	7.90415624e-11	-1.52589e-05	-5.43597e-05	5.3406e-05	-112.506
1119.6847	11.852	7.90682476e-11	2.86103e-05	-4.86376e-05	5.24523e-05	-61.092
1121.1413	11.856	7.90949328e-11	4.48229e-05	-6.2943e-05	6.5804e-05	-59.136
1122.902	11.86	7.9121618e-11	4.19619e-05	-4.67303e-05	6.19893e-05	-47.562
1124.3554	11.864	7.91483032e-11	4.86376e-05	-9.15532e-05	0.000102997	-63.606
1125.8212	11.868	7.91749884e-11	6.67575e-06	-3.33788e-05	3.52862e-05	-80.868
1127.3118	11.872	7.920167359999999e-11	5.0545e-05	-1.52589e-05	6.19893e-05	-10.044
1128.7556	11.876	7.922835879999999e-11	5.24523e-05	-3.43325e-05	7.05724e-05	-26.094
1130.2281	11.88	7.9255044e-11	6.5804e-05	-2.6703e-05	7.05724e-05	-20.808
1131.6978	11.884	7.92817292e-11	0.000103951	-3.43325e-05	0.000104905	-23.928
1133.4525	11.888	7.93084144e-11	6.77113e-05	-4.67303e-05	8.20165e-05	-36.132
1134.8942	11.892	7.93350996e-11	4.76839e-05	5.72208e-06	4.57766e-05	8.364
1136.386	11.896	7.936178480000001e-11	8.39238e-05	1.14442e-05	7.05724e-05	18.786
1137.8577	11.9	7.938846999999999e-11	4.29156e-05	-4.7684e-06	4.00546e-05	-11.31
1139.3206	11.904	7.941515519999999e-11	-6.67575e-06	-2.0981e-05	2.19346e-05	-117.978
1141.0717	11.908	7.944184039999999e-11	4.57766e-05	2.86104e-06	5.24523e-05	-0.708
1142.5264	11.912	7.94685256e-11	-1.71663e-05	-2.0981e-05	2.3842e-05	-139.896
1143.9949	11.916	7.94952108e-11	2.6703e-05	3.62399e-05	5.14986e-05	48.75
1145.4324	11.92	7.9521896e-11	1.90736e-06	2.86103e-05	2.76567e-05	95.856
1146.9177	11.924	7.95485812e-11	3.33788e-05	5.72208e-06	4.29156e-05	12.096
1148.3709	11.928	7.95752664e-11	7.91554e-05	5.24523e-05	9.82289e-05	34.548
1149.8765	11.932	7.96019516e-11	4.10082e-05	5.72208e-06	4.57766e-05	13.692
1151.3546	11.936	7.962863679999999e-11	5.72208e-06	4.48229e-05	4.38693e-05	77.574
1153.041	11.94	7.965532199999999e-11	2.76567e-05	2.0981e-05	2.57493e-05	54.864
1154.5381	11.944	7.96820072e-11	3.62399e-05	3.43325e-05	4.76839e-05	42.66
1156.0089	11.948	7.97086924e-11	1.04905e-05	-4.7684e-06	1.33515e-05	12.264
1157.4732	11.952	7.97353776e-11	1.23978e-05	-2.28883e-05	2.3842e-05	-46.218
1158.9292	11.956	7.976206279999999e-11	2.19346e-05	-3.62399e-05	3.52862e-05	-72.978
1160.4193	11.96	7.9788748e-11	-1.62126e-05	-1.23978e-05	2.57493e-05	-145.92
1161.9216	11.964	7.98154332e-11	-2.76567e-05	-1.14442e-05	2.86103e-05	-149.658
1163.6539	11.968	7.98421184e-11	-1.04905e-05	-4.29156e-05	4.86376e-05	-116.562
1165.1205	11.972	7.98688036e-11	-4.7684e-06	-3.62399e-05	4.19619e-05	-99.726
1166.5969	11.976	7.98954888e-11	9.53682e-07	-4.76839e-05	4.95913e-05	-79.56
1168.0479	11.98	7.9922174e-11	-2.28883e-05	-4.95913e-05	5.43597e-05	-119.658
1169.5018	11.984	7.994885919999999e-11	1.33515e-05	-4.67303e-05	4.95913e-05	-78.408
1171.248	11.988	7.997554439999999e-11	-3.81473e-06	-2.3842e-05	2.28883e-05	-115.824
1172.7218	11.992	8.00022296e-11	-1.52589e-05	-2.00273e-05	3.05178e-05	-139.146
1174.2039	11.996	8.00289148e-11	-3.71935e-05	-2.3842e-05	4.48229e-05	-145.656
1175.663	12.0	8.00556e-11	-5.14986e-05	0.0	5.43597e-05	175.866
1177.1443	12.004	8.00822852e-11	-2.57493e-05	-2.6703e-05	3.52862e-05	-124.332
1178.6202	12.008	8.01089704e-11	-2.6703e-05	-1.90736e-06	3.71935e-05	-172.764
1180.1028	12.012	8.01356556e-11	-3.81473e-06	-2.0981e-05	2.0981e-05	-116.562
1181.5585	12.016	8.016234079999999e-11	-1.33515e-05	-3.14715e-05	3.33788e-05	-110.43
1183.2893	12.02	8.018902599999999e-11	1.71663e-05	5.72208e-06	1.90736e-05	36.87
1184.746	12.024	8.021571119999999e-11	-4.00546e-05	-1.71663e-05	4.38693e-05	-162.12
1186.2181	12.028	8.02423964e-11	1.90736e-05	-2.86104e-06	2.19346e-05	8.13
1187.6499	12.032	8.02690816e-11	8.58313e-06	5.72208e-06	1.04905e-05	69.774
1189.1372	12.036	8.02957668e-11	4.86376e-05	-3.14715e-05	5.24523e-05	-40.278
1190.6256	12.04	8.0322452e-11	3.24252e-05	-6.96187e-05	7.72481e-05	-51.648
1192.0796	12.044	8.03491372e-11	3.52862e-05	-2.3842e-05	3.71935e-05	-46.434
1193.7997	12.048	8.037582239999999e-11	-2.86104e-06	-4.7684e-06	3.81473e-06	165.966
1195.2529	12.052	8.040250759999999e-11	8.58313e-06	-5.6267e-05	6.2943e-05	-67.47
1196.7071	12.056	8.042919279999999e-11	1.14442e-05	-1.62126e-05	1.23978e-05	-72.9
1198.1786	12.06	8.0455878e-11	2.86104e-06	-1.81199e-05	2.00273e-05	-91.638
1199.6306	12.064	8.04825632e-11	-9.5368e-06	0.0	6.67575e-06	-161.568
1201.3787	12.068	8.05092484e-11	-2.9564e-05	1.52589e-05	3.14715e-05	155.136
1202.8617	12.072	8.053593359999999e-11	-3.81473e-06	4.38693e-05	4.38693e-05	101.31
1204.35	12.076	8.05626188e-11	-6.8665e-05	-1.43052e-05	6.19893e-05	-163.77
1206.046	12.08	8.0589304e-11	-4.00546e-05	-1.43052e-05	4.19619e-05	-148.452
1207.5121	12.084	8.061598919999999e-11	-7.72481e-05	-2.47956e-05	7.91554e-05	-167.838
1208.953	12.088	8.064267439999999e-11	-9.53679e-05	-2.9564e-05	9.91826e-05	-162.282
1210.4258	12.092	8.06693596e-11	-7.62944e-05	-4.29156e-05	8.77385e-05	-152.448
1211.8834	12.096	8.06960448e-11	-8.96459e-05	-8.58313e-06	8.01091e-05	-173.496
1213.615	12.1	8.072272999999999e-11	-7.1526e-05	-6.00817e-05	9.91826e-05	-141.402
1215.0865	12.104	8.074941519999999e-11	-6.2943e-05	-9.15532e-05	0.00011158	-120.066
1216.5867	12.108	8.07761004e-11	-3.24252e-05	-5.3406e-05	5.9128e-05	-117.996
1218.0774	12.112	8.08027856e-11	-5.14986e-05	-2.6703e-05	5.72207e-05	-150.498
1219.5325	12.116	8.08294708e-11	-1.04905e-05	-6.5804e-05	6.5804e-05	-98.448
1221.0515	12.12	8.0856156e-11	-2.6703e-05	-6.00817e-05	6.96187e-05	-109.074
1222.5376	12.124	8.08828412e-11	-2.28883e-05	-6.67577e-05	6.77113e-05	-108.432
1224.3143	12.128	8.090952639999999e-11	-4.38693e-05	-6.67577e-05	7.62944e-05	-120.516
1225.7788	12.132	8.093621159999999e-11	-2.3842e-05	-9.15532e-05	9.25069e-05	-101.634
1227.2367	12.136	8.096289679999999e-11	-2.28883e-05	-7.82018e-05	8.20165e-05	-101.934
1228.6937	12.14	8.0989582e-11	3.05178e-05	-7.05724e-05	8.20165e-05	-61.032
1230.1521	12.144	8.10162672e-11	3.81473e-06	-4.76839e-05	4.95913e-05	-67.206
1231.8553	12.148	8.10429524e-11	2.57493e-05	-8.20165e-05	8.20165e-05	-71.112
1233.325	12.152	8.10696376e-11	4.76839e-05	-1.04905e-05	4.57766e-05	0.846
1234.7869	12.156	8.109632279999999e-11	-1.81199e-05	-3.05178e-05	3.43325e-05	-125.274
1236.5285	12.16	8.112300799999999e-11	-9.5368e-06	-2.3842e-05	2.76567e-05	-126.024
1237.9651	12.164	8.114969319999999e-11	-4.7684e-06	2.3842e-05	2.28883e-05	125.136
1239.4239	12.168	8.117637839999999e-11	1.81199e-05	5.43597e-05	5.53133e-05	70.44
1240.8759	12.172	8.12030636e-11	-1.04905e-05	3.24252e-05	3.05178e-05	86.1
1242.3301	12.176	8.12297488e-11	4.00546e-05	3.52862e-05	5.14986e-05	48.18
1244.0398	12.18	8.1256434e-11	-5.14986e-05	5.3406e-05	7.91554e-05	135.0
1245.5015	12.184	8.12831192e-11	4.48229e-05	8.39238e-05	9.82289e-05	58.842
1246.9732	12.188	8.13098044e-11	5.14986e-05	6.48503e-05	8.29701e-05	47.544
1248.4414	12.192	8.13364896e-11	4.19619e-05	7.72481e-05	8.39238e-05	70.974
1249.8989	12.196	8.136317479999999e-11	5.24523e-05	7.1526e-05	8.77385e-05	51.342
1251.3682	12.2	8.138985999999999e-11	5.24523e-05	4.10082e-05	6.67577e-05	36.756
1252.8435	12.204	8.14165452e-11	4.67303e-05	0.0	4.95913e-05	-6.936
1254.5817	12.208	8.14432304e-11	4.86376e-05	7.62945e-06	5.0545e-05	14.034
1256.0389	12.212	8.14699156e-11	3.71935e-05	2.6703e-05	5.24523e-05	35.382
1257.5156	12.216	8.149660079999999e-11	8.77385e-05	3.81473e-06	8.20165e-05	2.91
1258.9615	12.22	8.1523286e-11	3.91009e-05	1.90736e-06	4.19619e-05	9.462
1260.433	12.224	8.15499712e-11	-2.86104e-06	2.28883e-05	2.19346e-05	88.212
1262.132	12.228	8.15766564e-11	3.91009e-05	1.23978e-05	4.29156e-05	18.996
1263.5999	12.232	8.160334159999999e-11	-1.14442e-05	-7.62945e-06	1.52589e-05	-141.006
1265.0895	12.236	8.16300268e-11	-1.33515e-05	5.72208e-06	1.43052e-05	164.052
1266.5437	12.24	8.1656712e-11	-1.14442e-05	1.90736e-06	1.14442e-05	154.8
1268.033	12.244	8.168339719999999e-11	0.0	1.90736e-06	5.72208e-06	41.184
1269.494	12.248	8.171008239999999e-11	-2.00273e-05	-3.52862e-05	4.00546e-05	-120.804
1270.965	12.252	8.17367676e-11	-9.5368e-06	-2.47956e-05	2.76567e-05	-98.838
1272.3964	12.256	8.17634528e-11	6.67575e-06	-2.6703e-05	2.0981e-05	-109.8
1274.1464	12.26	8.1790138e-11	-3.81472e-05	-6.67575e-06	4.76839e-05	-178.53
1275.6145	12.264	8.18168232e-11	-4.7684e-06	1.04905e-05	1.23978e-05	98.13
1277.1213	12.268	8.18435084e-11	-1.62126e-05	-2.9564e-05	3.05178e-05	-120.966
1278.5906	12.272	8.187019359999999e-11	-2.9564e-05	-6.67577e-05	6.67577e-05	-98.79
1280.0743	12.276	8.189687879999999e-11	9.53682e-07	2.86104e-06	3.81473e-06	74.052
1281.5523	12.28	8.192356399999999e-11	0.0	-4.7684e-06	1.23978e-05	-139.896
1283.0529	12.284	8.19502492e-11	5.14986e-05	-4.67303e-05	6.8665e-05	-42.312
1284.7465	12.288	8.19769344e-11	-9.53682e-07	-4.38693e-05	4.19619e-05	-87.318
1286.2152	12.292	8.20036196e-11	2.6703e-05	-2.3842e-05	4.00546e-05	-35.724
1287.6738	12.296	8.20303048e-11	7.53407e-05	-2.0981e-05	7.91554e-05	-14.382
1289.1472	12.3	8.205699e-11	7.1526e-05	-2.0981e-05	7.34334e-05	-8.862
1290.5965	12.304	8.208367519999999e-11	5.24523e-05	-2.28883e-05	5.9128e-05	-19.44
1292.3455	12.308	8.211036039999999e-11	3.81472e-05	-5.6267e-05	5.9128e-05	-65.964
1293.7966	12.312	8.213704559999999e-11	3.81472e-05	-1.90736e-06	3.91009e-05	-5.016
1295.2875	12.316	8.21637308e-11	6.77113e-05	2.57493e-05	6.2943e-05	25.986
1296.7585	12.32	8.2190416e-11	0.0	3.05178e-05	2.6703e-05	90.0
1298.2108	12.324	8.22171012e-11	4.86376e-05	-4.7684e-06	5.24523e-05	-6.264
1299.9283	12.328	8.22437864e-11	-3.81472e-05	-1.33515e-05	3.91009e-05	-166.2
1301.3979	12.332	8.22704716e-11	-9.5368e-06	5.81744e-05	6.10356e-05	102.594
1302.8786	12.336	8.22971568e-11	-2.76567e-05	3.24252e-05	3.71935e-05	134.238
1304.6122	12.34	8.2323842e-11	-9.53682e-07	4.67303e-05	4.57766e-05	90.0
1306.0851	12.344	8.235052719999999e-11	3.81473e-06	2.86103e-05	3.05178e-05	96.228
1307.5671	12.348	8.23772124e-11	-6.10356e-05	5.72208e-06	4.95913e-05	160.146
1309.0263	12.352	8.24038976e-11	-2.9564e-05	4.67303e-05	5.3406e-05	123.084
1310.4772	12.356	8.24305828e-11	-3.14715e-05	-2.00273e-05	3.71935e-05	-142.122
1312.1861	12.36	8.245726799999999e-11	-4.19619e-05	-1.33515e-05	4.57766e-05	-165.582
1313.6647	12.364	8.24839532e-11	-2.28883e-05	-1.04905e-05	2.19346e-05	-129.402
1315.1302	12.368	8.25106384e-11	-4.7684e-06	-7.82018e-05	7.82018e-05	-111.354
1316.59	12.372	8.25373236e-11	-2.57493e-05	-7.53407e-05	7.72481e-05	-106.08
1318.0627	12.376	8.25640088e-11	-4.95913e-05	-5.81744e-05	8.20165e-05	-131.706
1319.5301	12.38	8.2590694e-11	-2.28883e-05	-8.01091e-05	8.29701e-05	-105.696
1320.9981	12.384	8.26173792e-11	1.90736e-05	-8.29701e-05	8.48775e-05	-77.472
1322.7102	12.388	8.264406439999999e-11	9.53682e-07	-7.82018e-05	7.43871e-05	-89.472
1324.1516	12.392	8.267074959999999e-11	4.76839e-05	-5.3406e-05	7.1526e-05	-54.582
1325.6571	12.396	8.26974348e-11	1.62126e-05	-3.71935e-05	4.38693e-05	-75.174
1327.1078	12.4	8.272412e-11	5.81744e-05	-6.00817e-05	8.10628e-05	-44.328
1328.5782	12.404	8.27508052e-11	5.53133e-05	-4.67303e-05	6.8665e-05	-37.326
1330.3288	12.408	8.27774904e-11	0.000102044	-3.14715e-05	9.25069e-05	-12.096
1331.7983	12.412	8.280417560000001e-11	4.57766e-05	-2.3842e-05	5.9128e-05	-19.614
1333.2732	12.416	8.283086079999999e-11	7.24797e-05	-2.6703e-05	7.91554e-05	-19.044
1334.9773	12.42	8.285754599999999e-11	6.10356e-05	2.47956e-05	6.67577e-05	20.028
1336.4366	12.424	8.288423119999999e-11	7.43871e-05	1.14442e-05	8.01091e-05	4.188
1337.9103	12.428	8.29109164e-11	2.28883e-05	5.81744e-05	6.19893e-05	70.02
1339.3414	12.432	8.29376016e-11	1.90736e-05	4.10082e-05	4.48229e-05	63.438
1340.8309	12.436	8.29642868e-11	4.10082e-05	5.0545e-05	6.8665e-05	53.658
1342.3247	12.44	8.2990972e-11	5.0545e-05	9.91826e-05	0.000103951	66.654
1343.7888	12.444	8.30176572e-11	4.76839e-05	7.91554e-05	8.67848e-05	67.278
1345.2669	12.448	8.30443424e-11	0.0	7.24797e-05	6.77113e-05	88.806
1346.7214	12.452	8.307102759999999e-11	2.86103e-05	4.29156e-05	5.53133e-05	47.772
1348.1556	12.456	8.309771279999999e-11	4.10082e-05	2.19346e-05	4.57766e-05	19.764
1349.6241	12.46	8.3124398e-11	1.90736e-05	7.72481e-05	7.05724e-05	75.966
1351.1145	12.464	8.31510832e-11	3.05178e-05	7.1526e-05	7.24797e-05	69.576
1352.8447	12.468	8.31777684e-11	-1.04905e-05	4.76839e-05	4.57766e-05	96.81
1354.3279	12.472	8.320445359999999e-11	5.81744e-05	4.57766e-05	7.62944e-05	46.014
1355.7661	12.476	8.32311388e-11	-1.81199e-05	-2.19346e-05	2.6703e-05	-122.154
1357.2567	12.48	8.3257824e-11	3.24252e-05	1.14442e-05	2.19346e-05	36.468
1358.7461	12.484	8.32845092e-11	1.62126e-05	-1.33515e-05	2.00273e-05	-37.236
1360.4391	12.488	8.33111944e-11	2.19346e-05	-2.00273e-05	2.57493e-05	-47.202
1361.8974	12.492	8.33378796e-11	-3.81473e-06	-2.00273e-05	2.47956e-05	-111.804
1363.3688	12.496	8.33645648e-11	-1.90736e-06	-3.81472e-05	3.14715e-05	-99.042
1365.13	12.5	8.339125e-11	-4.10082e-05	-6.48503e-05	7.24797e-05	-115.626
1366.6009	12.504	8.341793519999999e-11	-4.29156e-05	-5.81744e-05	6.48503e-05	-114.942
1368.0686	12.508	8.344462039999999e-11	-6.2943e-05	-6.67575e-06	6.19893e-05	-172.044
1369.5205	12.512	8.34713056e-11	-4.57766e-05	-4.76839e-05	6.38966e-05	-135.0
1370.9993	12.516	8.34979908e-11	-4.29156e-05	-4.86376e-05	5.72207e-05	-117.198
1372.7195	12.52	8.3524676e-11	-5.14986e-05	-4.19619e-05	7.05724e-05	-143.238
1374.2143	12.524	8.35513612e-11	-4.7684e-06	-7.53407e-05	7.53407e-05	-88.518
1375.6478	12.528	8.35780464e-11	-2.9564e-05	-3.14715e-05	4.29156e-05	-133.11
1377.1239	12.532	8.360473159999999e-11	1.43052e-05	-2.0981e-05	2.19346e-05	-84.954
1378.5957	12.536	8.363141679999999e-11	-1.33515e-05	-4.48229e-05	4.38693e-05	-94.536
1380.0656	12.54	8.365810199999999e-11	-1.62126e-05	-1.14442e-05	1.90736e-05	-150.018
1381.5368	12.544	8.36847872e-11	-7.62945e-06	-3.14715e-05	3.05178e-05	-112.89
1383.2438	12.548	8.37114724e-11	2.76567e-05	-2.28883e-05	3.52862e-05	-37.092
1384.7357	12.552	8.37381576e-11	-2.00273e-05	-9.53682e-07	8.58313e-06	-116.562
1386.1672	12.556	8.37648428e-11	1.90736e-05	-2.76567e-05	3.43325e-05	-45.0
1387.6239	12.56	8.3791528e-11	2.0981e-05	0.0	1.62126e-05	0.0
1389.1149	12.564	8.381821319999999e-11	-8.58313e-06	-1.04905e-05	1.23978e-05	-98.13
1390.8557	12.568	8.384489839999999e-11	-1.14442e-05	7.62945e-06	5.72208e-06	21.804
1392.3477	12.572	8.387158359999999e-11	-3.81473e-06	-9.5368e-06	5.72208e-06	-84.804
1393.8521	12.576	8.38982688e-11	-9.5368e-06	-1.04905e-05	6.67575e-06	-144.462
1395.5926	12.58	8.3924954e-11	2.6703e-05	2.86103e-05	3.52862e-05	43.362
1397.0433	12.584	8.39516392e-11	7.62945e-06	9.5368e-06	1.71663e-05	19.536
1398.5335	12.588	8.397832439999999e-11	-1.14442e-05	-1.33515e-05	1.90736e-05	-86.73
1400.0196	12.592	8.40050096e-11	2.47956e-05	3.33788e-05	4.19619e-05	41.784
1401.5086	12.596	8.40316948e-11	4.19619e-05	4.19619e-05	5.0545e-05	56.07
1402.9646	12.6	8.405837999999999e-11	-1.04905e-05	1.52589e-05	1.43052e-05	61.926
1404.4215	12.604	8.408506519999999e-11	-4.7684e-06	4.10082e-05	3.91009e-05	91.008
1405.9047	12.608	8.41117504e-11	-1.43052e-05	4.7684e-06	2.57493e-05	153.996
1407.4246	12.612	8.41384356e-11	-5.0545e-05	-1.71663e-05	3.71935e-05	-155.46
1408.8863	12.616	8.416512079999999e-11	1.04905e-05	0.0	5.72208e-06	86.82
1410.357	12.62	8.419180599999999e-11	-4.48229e-05	-2.47956e-05	5.9128e-05	-163.542
1411.8077	12.624	8.42184912e-11	-8.39238e-05	-3.81472e-05	8.10628e-05	-152.13
1413.5552	12.628	8.42451764e-11	-5.3406e-05	-6.2943e-05	7.91554e-05	-123.69
1415.0071	12.632	8.42718616e-11	-6.8665e-05	-6.67577e-05	9.44142e-05	-134.418
1416.481	12.636	8.429854679999998e-11	-1.81199e-05	-3.14715e-05	3.52862e-05	-131.82
1417.9631	12.64	8.4325232e-11	-5.3406e-05	-0.000100136	0.000114441	-128.868
1419.4714	12.644	8.435191719999999e-11	-4.48229e-05	-6.00817e-05	8.01091e-05	-125.328
1421.1937	12.648	8.437860239999999e-11	-5.6267e-05	-3.62399e-05	6.77113e-05	-154.416
1422.6964	12.652	8.440528759999999e-11	-6.8665e-05	-5.9128e-05	8.58312e-05	-135.66
1424.1844	12.656	8.44319728e-11	-2.6703e-05	-6.10356e-05	7.05724e-05	-122.004
1425.9176	12.66	8.4458658e-11	6.67575e-06	-4.00546e-05	3.71935e-05	-104.28
1427.3691	12.664	8.44853432e-11	-1.71663e-05	-7.72481e-05	7.72481e-05	-96.942
1428.838	12.668	8.45120284e-11	-4.7684e-06	-3.33788e-05	3.33788e-05	-85.602
1430.3163	12.672	8.45387136e-11	5.72207e-05	-4.48229e-05	6.48503e-05	-43.314
1431.7797	12.676	8.456539879999999e-11	-1.43052e-05	-4.10082e-05	4.86376e-05	-94.398
1433.2831	12.68	8.459208399999999e-11	-3.24252e-05	-2.47956e-05	3.62399e-05	-135.0
1434.7753	12.684	8.461876919999999e-11	2.57493e-05	-2.47956e-05	3.52862e-05	-50.628
1436.2584	12.688	8.46454544e-11	3.81473e-06	-6.8665e-05	7.24797e-05	-99.714
1437.718	12.692	8.46721396e-11	3.81473e-06	-5.3406e-05	5.0545e-05	-78.54
1439.1868	12.696	8.46988248e-11	-6.67575e-06	-1.62126e-05	1.90736e-05	-115.71
1440.6452	12.7	8.472551e-11	-1.33515e-05	-2.47956e-05	2.76567e-05	-111.036
1442.1481	12.704	8.47521952e-11	2.57493e-05	-2.86103e-05	3.24252e-05	-47.562
1443.8544	12.708	8.477888039999999e-11	-9.53682e-07	1.33515e-05	1.33515e-05	104.742
1445.3131	12.712	8.480556559999999e-11	-9.5368e-06	-2.86104e-06	5.72208e-06	150.252
1446.7667	12.716	8.483225079999999e-11	8.58313e-06	-2.00273e-05	2.19346e-05	-58.17
1448.238	12.72	8.4858936e-11	-2.57493e-05	-2.86104e-06	2.57493e-05	-170.076
1449.6974	12.724	8.48856212e-11	-4.19619e-05	1.14442e-05	3.24252e-05	171.162
1451.4408	12.728	8.49123064e-11	2.6703e-05	2.00273e-05	2.86103e-05	35.538
1452.9231	12.732	8.493899159999999e-11	2.47956e-05	1.52589e-05	3.24252e-05	40.854
1454.3989	12.736	8.49656768e-11	8.58313e-06	-4.48229e-05	4.57766e-05	-81.984
1456.0913	12.74	8.4992362e-11	2.19346e-05	-2.19346e-05	2.9564e-05	-39.288
1457.5519	12.744	8.50190472e-11	6.67575e-06	-1.14442e-05	1.23978e-05	-49.086
1459.0162	12.748	8.504573239999999e-11	2.6703e-05	-4.29156e-05	5.43597e-05	-71.568
1460.4947	12.752	8.50724176e-11	5.72208e-06	-3.62399e-05	3.14715e-05	-68.43
1461.9447	12.756	8.50991028e-11	-2.6703e-05	-8.01091e-05	8.39238e-05	-106.872
1463.4187	12.76	8.512578799999999e-11	-2.00273e-05	-4.00546e-05	4.57766e-05	-125.724
1464.8905	12.764	8.515247319999999e-11	1.23978e-05	-6.67577e-05	6.8665e-05	-79.644
1466.3438	12.768	8.51791584e-11	-3.81472e-05	-8.29701e-05	8.86922e-05	-114.624
1467.8449	12.772	8.52058436e-11	-9.53682e-07	-9.05995e-05	8.86922e-05	-89.574
1469.3026	12.776	8.52325288e-11	3.81473e-06	-4.57766e-05	4.57766e-05	-74.388
1470.7716	12.78	8.5259214e-11	-3.14715e-05	-4.67303e-05	5.0545e-05	-131.112
1472.2429	12.784	8.52858992e-11	-5.3406e-05	-5.81744e-05	7.43871e-05	-136.896
1473.9844	12.788	8.531258439999999e-11	-1.81199e-05	-5.6267e-05	6.5804e-05	-116.562
1475.4269	12.792	8.533926959999999e-11	-2.86104e-06	-7.24797e-05	7.1526e-05	-89.466
1476.8857	12.796	8.536595479999999e-11	-2.47956e-05	-6.48503e-05	6.96187e-05	-118.302
1478.3342	12.8	8.539264e-11	-2.00273e-05	-8.67848e-05	8.58312e-05	-106.074
1479.8078	12.804	8.54193252e-11	-3.91009e-05	-3.05178e-05	4.67303e-05	-129.018
1481.2816	12.808	8.54460104e-11	2.86104e-06	-8.48775e-05	8.20165e-05	-87.69
1482.7331	12.812	8.54726956e-11	2.57493e-05	-9.15532e-05	9.34605e-05	-73.77
1484.2234	12.816	8.549938080000001e-11	-4.7684e-06	-5.53133e-05	5.53133e-05	-100.242
1485.6752	12.82	8.552606599999999e-11	-9.53682e-07	-4.29156e-05	4.19619e-05	-99.162
1487.1349	12.824	8.555275119999999e-11	-7.62945e-06	-9.63216e-05	9.25069e-05	-93.084
1488.8623	12.828	8.557943639999999e-11	5.43597e-05	-9.91826e-05	0.00011158	-57.42
1490.3352	12.832	8.56061216e-11	3.91009e-05	-8.86922e-05	9.44142e-05	-71.31
1491.808	12.836	8.56328068e-11	3.05178e-05	-0.000113488	0.000120163	-74.346
1493.2895	12.84	8.5659492e-11	2.47956e-05	-5.24523e-05	6.10356e-05	-62.1
1494.7781	12.844	8.56861772e-11	8.58312e-05	-8.67848e-05	0.000130654	-42.774
1496.2666	12.848	8.57128624e-11	3.24252e-05	-4.00546e-05	5.53133e-05	-45.954
1497.7427	12.852	8.57395476e-11	7.43871e-05	-2.57493e-05	7.72481e-05	-22.434
1499.1896	12.856	8.576623279999999e-11	1.81199e-05	-1.71663e-05	2.0981e-05	-46.272
1500.9205	12.86	8.579291799999999e-11	7.05724e-05	-4.10082e-05	7.82018e-05	-36.306
1502.3912	12.864	8.58196032e-11	5.53133e-05	-8.67848e-05	0.000105858	-57.078
1503.8517	12.868	8.58462884e-11	9.72752e-05	-2.0981e-05	0.000105858	-13.698
1505.3217	12.872	8.58729736e-11	6.48503e-05	-6.00817e-05	8.39238e-05	-45.66
1506.7696	12.876	8.589965879999999e-11	3.91009e-05	-2.47956e-05	4.67303e-05	-31.506
1508.2284	12.88	8.5926344e-11	2.86103e-05	-5.14986e-05	5.6267e-05	-59.64
1509.6985	12.884	8.59530292e-11	4.57766e-05	-3.14715e-05	6.00817e-05	-28.758
1511.4257	12.888	8.59797144e-11	7.72481e-05	-4.57766e-05	7.91554e-05	-31.572
1512.884	12.892	8.60063996e-11	8.58312e-05	-2.00273e-05	9.44142e-05	-9.078
1514.3682	12.896	8.60330848e-11	0.000140191	-6.96187e-05	0.000152589	-26.904
1515.8592	12.9	8.605977e-11	0.000123979	9.5368e-06	0.000133515	9.462