Time (s) 	 Position (mm) 	 Delay (s) 	 X 	 Y 	 R 	 theta 
#Without Preamplifier,Fluence with Filter (NE07A-B), ZnTe detector angle 40deg, Chopper 230Hz, time constant=0.1s 18dB, waiting time= 0.9s, sensitivity=20mV
1.8745	8.4	5.603892e-11	2.28883e-05	-3.24252e-05	3.71935e-05	-57.45
3.3437	8.404	5.6065605199999996e-11	6.19893e-05	-1.33515e-05	6.19893e-05	-9.258
5.0599	8.408	5.6092290399999994e-11	5.72207e-05	-3.62399e-05	6.5804e-05	-26.82
6.5287	8.412	5.6118975600000006e-11	3.33788e-05	1.71663e-05	3.43325e-05	39.96
7.9697	8.416	5.61456608e-11	4.19619e-05	-4.67303e-05	5.53133e-05	-55.254
9.4301	8.42	5.6172345999999996e-11	3.81473e-06	2.6703e-05	2.76567e-05	68.964
10.9004	8.424	5.6199031199999994e-11	1.71663e-05	-2.47956e-05	2.76567e-05	-37.878
12.3654	8.428	5.6225716400000005e-11	-8.58313e-06	-2.19346e-05	1.90736e-05	-81.252
13.8234	8.432	5.6252401599999997e-11	9.5368e-06	-2.76567e-05	2.86103e-05	-54.462
15.278	8.436	5.6279086799999995e-11	4.10082e-05	-1.04905e-05	4.00546e-05	-13.296
17.0035	8.44	5.630577199999999e-11	3.05178e-05	-1.14442e-05	3.05178e-05	-10.542
18.461	8.444	5.6332457200000004e-11	3.14715e-05	1.90736e-06	3.24252e-05	8.298
19.9193	8.448	5.63591424e-11	5.3406e-05	2.19346e-05	5.3406e-05	30.966
21.45	8.452	5.6385827599999994e-11	7.62945e-06	-2.0981e-05	2.47956e-05	-38.454
22.9077	8.456	5.641251279999999e-11	2.9564e-05	-5.24523e-05	6.5804e-05	-53.238
24.3831	8.46	5.6439198000000003e-11	3.24252e-05	3.05178e-05	4.29156e-05	39.918
25.8316	8.464	5.64658832e-11	2.9564e-05	-1.71663e-05	3.05178e-05	-36.12
27.55	8.468	5.64925684e-11	2.76567e-05	2.6703e-05	4.10082e-05	53.652
29.019	8.472	5.651925359999999e-11	3.81473e-06	2.9564e-05	3.62399e-05	43.638
30.5056	8.476	5.65459388e-11	1.62126e-05	6.67575e-06	2.76567e-05	-4.968
31.9473	8.48	5.6572624e-11	1.90736e-05	1.23978e-05	2.28883e-05	32.346
33.4132	8.484	5.65993092e-11	4.95913e-05	3.62399e-05	5.9128e-05	38.454
35.1292	8.488	5.66259944e-11	2.0981e-05	1.52589e-05	2.57493e-05	29.748
36.5769	8.492	5.66526796e-11	2.86103e-05	1.62126e-05	2.86103e-05	42.09
38.0376	8.496	5.66793648e-11	4.57766e-05	1.14442e-05	5.0545e-05	8.028
39.7614	8.5	5.670605e-11	6.5804e-05	2.28883e-05	6.8665e-05	18.972
41.2323	8.504	5.6732735199999996e-11	0.0	0.0	5.72208e-06	25.02
42.691	8.508	5.675942039999999e-11	9.5368e-06	-9.5368e-06	1.62126e-05	-47.862
44.1967	8.512	5.67861056e-11	1.62126e-05	-2.9564e-05	3.81472e-05	-47.022
45.6497	8.516	5.68127908e-11	-9.5368e-06	3.05178e-05	2.76567e-05	94.764
47.3883	8.52	5.6839475999999996e-11	-4.95913e-05	-2.3842e-05	4.00546e-05	-142.122
48.8486	8.524	5.6866161199999994e-11	2.3842e-05	-2.28883e-05	3.14715e-05	-36.87
50.3236	8.528	5.68928464e-11	-6.67575e-06	8.58313e-06	1.62126e-05	163.494
51.7949	8.532	5.69195316e-11	1.90736e-06	2.86103e-05	3.52862e-05	92.862
53.2447	8.536	5.6946216799999995e-11	3.91009e-05	-2.28883e-05	4.29156e-05	-29.406
54.7378	8.54	5.697290199999999e-11	4.19619e-05	-9.5368e-06	3.62399e-05	-22.008
56.2075	8.544	5.69995872e-11	2.57493e-05	6.67575e-06	2.57493e-05	16.554
57.9498	8.548	5.7026272399999996e-11	1.90736e-05	-6.67575e-06	1.62126e-05	-29.478
59.4559	8.552	5.7052957599999994e-11	1.90736e-06	-1.62126e-05	1.90736e-05	-121.83
60.9086	8.556	5.707964279999999e-11	4.76839e-05	3.81473e-06	3.91009e-05	-7.002
62.3976	8.56	5.7106328000000004e-11	-2.9564e-05	1.04905e-05	1.90736e-05	160.71
63.8479	8.564	5.7133013199999995e-11	1.62126e-05	4.7684e-06	9.5368e-06	78.69
65.5491	8.568	5.7159698399999994e-11	3.52862e-05	-3.14715e-05	4.38693e-05	-41.424
66.9797	8.572	5.718638359999999e-11	8.58313e-06	-1.52589e-05	1.52589e-05	-60.252
68.4567	8.576	5.72130688e-11	2.6703e-05	3.52862e-05	4.29156e-05	50.316
69.9385	8.58	5.7239753999999995e-11	-1.90736e-06	-2.86104e-06	5.72208e-06	127.878
71.4283	8.584	5.726643919999999e-11	1.71663e-05	-6.67575e-06	2.6703e-05	-3.366
72.9187	8.588	5.729312439999999e-11	3.81472e-05	-1.90736e-05	4.38693e-05	-30.192
74.4029	8.592	5.73198096e-11	3.33788e-05	-4.7684e-06	3.52862e-05	-1.122
75.8798	8.596	5.73464948e-11	-1.62126e-05	-1.14442e-05	1.90736e-05	-141.006
77.6199	8.6	5.737317999999999e-11	2.57493e-05	3.33788e-05	4.00546e-05	61.698
79.0906	8.604	5.739986519999999e-11	8.58313e-06	-3.52862e-05	4.10082e-05	-67.038
80.5663	8.608	5.74265504e-11	3.52862e-05	-4.00546e-05	4.86376e-05	-62.724
82.047	8.612	5.74532356e-11	-1.33515e-05	-6.67575e-06	1.71663e-05	-173.16
83.5047	8.616	5.74799208e-11	-8.58313e-06	2.00273e-05	2.00273e-05	95.526
84.996	8.62	5.750660599999999e-11	-9.53682e-07	0.0	1.90736e-06	20.556
86.4274	8.624	5.75332912e-11	6.67575e-06	-2.00273e-05	2.19346e-05	-35.91
88.1376	8.628	5.75599764e-11	2.00273e-05	8.58313e-06	2.57493e-05	5.316
89.6283	8.632	5.75866616e-11	-2.28883e-05	-9.53682e-07	2.19346e-05	178.152
91.0867	8.636	5.761334679999999e-11	-4.29156e-05	-1.43052e-05	4.86376e-05	-167.394
92.5387	8.64	5.7640032e-11	1.52589e-05	-3.14715e-05	3.33788e-05	-66.036
94.0146	8.644	5.76667172e-11	2.6703e-05	-4.7684e-06	2.19346e-05	-5.358
95.7395	8.648	5.7693402399999996e-11	-7.62945e-06	-1.90736e-06	6.67575e-06	-135.0
97.1917	8.652	5.7720087599999994e-11	4.19619e-05	1.33515e-05	4.19619e-05	16.968
98.6512	8.656	5.77467728e-11	9.5368e-06	8.58313e-06	1.14442e-05	55.302
100.1192	8.66	5.7773458e-11	3.14715e-05	8.58313e-06	3.05178e-05	15.75
101.5799	8.664	5.7800143199999996e-11	8.58313e-06	0.0	1.23978e-05	-8.13
103.0447	8.668	5.7826828399999994e-11	2.47956e-05	-4.7684e-06	1.52589e-05	-3.012
104.4916	8.672	5.78535136e-11	-2.28883e-05	-6.67575e-06	1.62126e-05	-146.31
105.9573	8.676	5.7880198799999997e-11	-1.23978e-05	3.43325e-05	3.91009e-05	134.328
107.6899	8.68	5.7906883999999995e-11	0.0	-7.62945e-06	1.04905e-05	-29.478
109.1544	8.684	5.793356919999999e-11	0.0	6.67575e-06	1.33515e-05	49.896
110.6321	8.688	5.7960254400000004e-11	-6.67575e-06	2.00273e-05	1.81199e-05	110.856
112.0843	8.692	5.7986939599999996e-11	-4.7684e-06	6.38966e-05	6.10356e-05	92.022
113.5588	8.696	5.8013624799999994e-11	-4.7684e-06	-1.33515e-05	1.23978e-05	-92.724
115.0414	8.7	5.804030999999999e-11	8.58313e-06	2.28883e-05	2.76567e-05	46.788
116.5118	8.704	5.8066995200000003e-11	1.90736e-06	3.81473e-06	1.23978e-05	52.122
118.2386	8.708	5.8093680399999995e-11	-2.00273e-05	8.58313e-06	1.81199e-05	140.712
119.7262	8.712	5.8120365599999993e-11	5.0545e-05	7.1526e-05	8.58312e-05	53.034
121.2038	8.716	5.814705079999999e-11	3.71935e-05	-5.72208e-06	3.43325e-05	-12.174
122.6543	8.72	5.8173736e-11	3.05178e-05	2.19346e-05	3.52862e-05	46.59
124.0916	8.724	5.82004212e-11	-2.9564e-05	-1.14442e-05	3.14715e-05	-150.708
125.8188	8.728	5.82271064e-11	1.90736e-06	3.81473e-06	3.81473e-06	175.602
127.3062	8.732	5.82537916e-11	-1.81199e-05	3.81473e-06	5.72208e-06	14.034
128.7937	8.736	5.82804768e-11	-3.43325e-05	-2.86104e-06	4.38693e-05	-169.332
130.2663	8.74	5.8307162e-11	8.58313e-06	-7.62945e-06	1.81199e-05	-7.35
131.742	8.744	5.833384719999999e-11	8.58313e-06	1.52589e-05	2.0981e-05	56.766
133.2054	8.748	5.836053239999999e-11	-8.58313e-06	1.14442e-05	1.33515e-05	117.756
134.7175	8.752	5.83872176e-11	-3.71935e-05	3.71935e-05	5.3406e-05	133.506
136.1795	8.756	5.84139028e-11	-2.28883e-05	1.90736e-05	3.33788e-05	144.924
137.8949	8.76	5.8440588e-11	-2.47956e-05	1.23978e-05	3.43325e-05	161.244
139.3819	8.764	5.84672732e-11	-2.19346e-05	-1.14442e-05	2.00273e-05	-141.006
140.888	8.768	5.849395840000001e-11	-4.7684e-06	-1.81199e-05	2.19346e-05	-122.826
142.3691	8.772	5.852064359999999e-11	-2.47956e-05	-2.6703e-05	3.91009e-05	-140.772
143.8311	8.776	5.854732879999999e-11	3.05178e-05	4.38693e-05	5.72207e-05	57.726
145.2828	8.78	5.857401399999999e-11	-1.14442e-05	0.0	1.71663e-05	174.474
146.7407	8.784	5.86006992e-11	-9.53682e-07	2.19346e-05	2.28883e-05	113.202
148.1917	8.788	5.86273844e-11	1.62126e-05	8.58313e-06	1.52589e-05	46.848
149.9339	8.792	5.86540696e-11	-3.33788e-05	4.19619e-05	4.67303e-05	111.162
151.4251	8.796	5.86807548e-11	2.86104e-06	1.71663e-05	1.71663e-05	73.074
152.9319	8.8	5.870744e-11	-5.24523e-05	-5.72208e-06	5.24523e-05	-174.492
154.4152	8.804	5.87341252e-11	-2.47956e-05	9.5368e-06	2.57493e-05	141.114
156.111	8.808	5.87608104e-11	-2.3842e-05	-3.43325e-05	4.19619e-05	-110.556
157.603	8.812	5.878749559999999e-11	-1.04905e-05	-1.90736e-05	2.76567e-05	-136.686
159.0745	8.816	5.88141808e-11	-4.00546e-05	6.67575e-06	3.62399e-05	174.708
160.5264	8.82	5.8840866e-11	-4.29156e-05	-1.43052e-05	4.29156e-05	-162.15
161.9992	8.824	5.88675512e-11	-1.71663e-05	-1.14442e-05	1.81199e-05	-167.904
163.4723	8.828	5.889423639999999e-11	1.04905e-05	-1.62126e-05	1.71663e-05	-23.202
164.9262	8.832	5.89209216e-11	-3.81473e-06	3.62399e-05	3.71935e-05	80.688
166.3987	8.836	5.89476068e-11	-2.6703e-05	-3.81472e-05	4.67303e-05	-126.552
168.1268	8.84	5.8974292e-11	-4.29156e-05	1.04905e-05	4.29156e-05	168.516
169.561	8.844	5.90009772e-11	-1.71663e-05	-3.62399e-05	3.91009e-05	-124.758
171.0354	8.848	5.90276624e-11	-2.6703e-05	-6.2943e-05	6.96187e-05	-128.16
172.4683	8.852	5.90543476e-11	-3.91009e-05	9.5368e-06	4.19619e-05	166.398
173.9382	8.856	5.908103279999999e-11	-5.14986e-05	4.48229e-05	7.05724e-05	140.196
175.4081	8.86	5.910771799999999e-11	-3.43325e-05	-4.48229e-05	5.3406e-05	-123.084
176.9165	8.864	5.91344032e-11	-6.67575e-06	-1.04905e-05	2.00273e-05	173.514
178.3842	8.868	5.91610884e-11	-4.7684e-06	8.58313e-06	1.52589e-05	122.622
180.1109	8.872	5.91877736e-11	-6.5804e-05	-1.04905e-05	6.38966e-05	-175.872
181.5881	8.876	5.92144588e-11	-5.9128e-05	0.0	6.48503e-05	178.332
183.0563	8.88	5.924114400000001e-11	-3.62399e-05	-2.28883e-05	4.67303e-05	-156.9
184.5257	8.884	5.926782919999999e-11	-5.14986e-05	2.19346e-05	5.0545e-05	154.842
186.2565	8.888	5.929451439999999e-11	-7.1526e-05	-9.53682e-07	7.1526e-05	180.0
187.7116	8.892	5.932119959999999e-11	-6.5804e-05	-3.33788e-05	7.24797e-05	-155.556
189.2038	8.896	5.93478848e-11	-5.43597e-05	1.23978e-05	4.57766e-05	162.702
190.6873	8.9	5.937457e-11	-6.00817e-05	1.90736e-06	5.9128e-05	170.538
192.154	8.904	5.94012552e-11	-6.67577e-05	1.52589e-05	7.62944e-05	167.838
193.646	8.908	5.94279404e-11	-6.67577e-05	3.14715e-05	7.05724e-05	157.026
195.1162	8.912	5.945462560000001e-11	-8.67848e-05	0.0	8.67848e-05	-178.68
196.5757	8.916	5.94813108e-11	-4.48229e-05	-2.00273e-05	4.86376e-05	-154.11
198.2939	8.92	5.950799599999999e-11	-7.1526e-05	-3.81473e-06	6.77113e-05	-174.288
199.7507	8.924	5.953468119999999e-11	-6.8665e-05	-2.3842e-05	6.96187e-05	-156.588
201.2412	8.928	5.95613664e-11	-9.82289e-05	-7.62945e-06	9.25069e-05	-176.268
202.7482	8.932	5.95880516e-11	-5.72207e-05	-2.28883e-05	7.72481e-05	-161.268
204.2206	8.936	5.96147368e-11	-0.000122071	-2.86104e-06	0.000125886	177.276
205.9644	8.94	5.9641422e-11	-0.00011158	-4.48229e-05	0.000114441	-156.186
207.4162	8.944	5.96681072e-11	-6.00817e-05	8.58313e-06	5.9128e-05	162.756
208.9021	8.948	5.96947924e-11	-9.91826e-05	-2.0981e-05	9.05995e-05	-167.328
210.3788	8.952	5.97214776e-11	-6.2943e-05	-2.0981e-05	7.43871e-05	-167.628
211.8597	8.956	5.97481628e-11	-6.00817e-05	-2.6703e-05	6.77113e-05	-156.372
213.3172	8.96	5.9774848e-11	-4.67303e-05	-2.76567e-05	5.6267e-05	-151.656
214.7907	8.964	5.98015332e-11	-0.000102044	-5.6267e-05	0.00011921	-148.764
216.5012	8.968	5.98282184e-11	-6.19893e-05	-3.43325e-05	7.72481e-05	-153.858
217.9828	8.972	5.985490359999999e-11	-5.3406e-05	-3.62399e-05	6.2943e-05	-143.13
219.462	8.976	5.98815888e-11	-4.86376e-05	-3.81472e-05	6.10356e-05	-146.136
220.8944	8.98	5.9908274e-11	-0.000100136	-6.67577e-05	0.000118256	-144.162
222.4025	8.984	5.99349592e-11	-4.29156e-05	-1.04905e-05	4.19619e-05	176.028
223.8751	8.988	5.99616444e-11	-6.19893e-05	-3.05178e-05	7.1526e-05	-152.022
225.3314	8.992	5.99883296e-11	-0.000104905	-4.7684e-06	0.000103951	-178.908
226.8334	8.996	6.00150148e-11	-6.00817e-05	-3.71935e-05	6.8665e-05	-144.834
228.5944	9.0	6.004169999999999e-11	-8.86922e-05	-2.6703e-05	8.58312e-05	-164.862
230.0821	9.004	6.006838519999999e-11	-7.53407e-05	-4.76839e-05	0.000102997	-156.102
231.5528	9.008	6.009507039999999e-11	-9.25069e-05	-3.05178e-05	9.72752e-05	-163.152
233.0041	9.012	6.01217556e-11	-0.000107766	4.7684e-06	0.000102044	177.276
234.4794	9.016	6.01484408e-11	-7.34334e-05	-1.71663e-05	8.10628e-05	-167.904
236.1896	9.02	6.0175126e-11	-0.000124932	-2.3842e-05	0.000129701	-164.976
237.6771	9.024	6.02018112e-11	-7.82018e-05	-6.00817e-05	9.91826e-05	-140.004
239.1496	9.028	6.02284964e-11	-0.000113488	-1.81199e-05	0.000109673	-171.228
240.6313	9.032	6.025518159999999e-11	-7.62944e-05	-2.47956e-05	7.43871e-05	-158.484
242.068	9.036	6.028186679999999e-11	-0.000102044	-4.00546e-05	0.000108719	-159.114
243.5478	9.04	6.030855199999999e-11	-5.24523e-05	-3.81472e-05	6.19893e-05	-141.438
245.0102	9.044	6.03352372e-11	-0.000120163	-5.72207e-05	0.000128747	-154.8
246.4895	9.048	6.03619224e-11	-8.86922e-05	3.81473e-06	0.000100136	177.93
247.9713	9.052	6.03886076e-11	-0.000123025	-4.48229e-05	0.000128747	-155.43
249.4482	9.056	6.041529279999999e-11	-0.000105858	-4.95913e-05	0.000117302	-155.292
250.9316	9.06	6.0441978e-11	-0.000125886	-2.0981e-05	0.000120163	-171.252
252.368	9.064	6.04686632e-11	-0.000131608	-8.01091e-05	0.00014782	-147.63
254.0971	9.068	6.049534839999999e-11	-0.000121117	-6.2943e-05	0.000130654	-153.438
255.5981	9.072	6.052203359999999e-11	-9.82289e-05	-3.05178e-05	9.91826e-05	-164.376
257.072	9.076	6.05487188e-11	-6.8665e-05	-2.86103e-05	7.62944e-05	-156.288
258.5286	9.08	6.0575404e-11	-0.000131608	-7.53407e-05	0.000154496	-151.332
260.0164	9.084	6.06020892e-11	-9.05995e-05	-5.53133e-05	0.000106812	-154.056
261.5081	9.088	6.062877439999999e-11	-0.000140191	-1.71663e-05	0.000135423	-175.116
262.9904	9.092	6.06554596e-11	-0.000123979	-5.6267e-05	0.000145913	-157.206
264.4457	9.096	6.06821448e-11	-0.000129701	-0.000104905	0.000169755	-144.234
266.1605	9.1	6.070883e-11	-0.000108719	-2.76567e-05	0.000104905	-164.514
267.6322	9.104	6.07355152e-11	-0.000109673	-4.86376e-05	0.000115395	-156.408
269.1035	9.108	6.07622004e-11	-0.000153542	-6.67577e-05	0.000162126	-157.236
270.5546	9.112	6.07888856e-11	-0.000113488	-7.53407e-05	0.000128747	-146.976
272.0456	9.116	6.081557079999999e-11	-0.000104905	-7.1526e-05	0.000124932	-146.142
273.518	9.12	6.084225599999999e-11	-0.000107766	-8.01091e-05	0.000139237	-143.184
275.0048	9.124	6.08689412e-11	-0.000120163	-5.3406e-05	0.000127793	-156.252
276.7491	9.128	6.08956264e-11	-0.000105858	-7.43871e-05	0.000122071	-146.844
278.2676	9.132	6.09223116e-11	-0.000148774	-6.00817e-05	0.000157357	-161.718
279.7381	9.136	6.09489968e-11	-0.000160218	-8.67848e-05	0.000167848	-147.87
281.2399	9.14	6.0975682e-11	-0.000148774	-7.62944e-05	0.000164987	-153.648
282.7282	9.144	6.100236719999999e-11	-0.000104905	-0.000106812	0.000146867	-134.268
284.5043	9.148	6.102905239999999e-11	-0.000139237	-8.77385e-05	0.000161172	-147.51
286.0399	9.152	6.105573759999999e-11	-0.000129701	-9.15532e-05	0.000145913	-139.716
287.5284	9.156	6.10824228e-11	-0.000167848	-0.000129701	0.000213624	-140.538
289.0283	9.16	6.1109108e-11	-0.000124932	-8.96459e-05	0.000152589	-144.696
290.519	9.164	6.11357932e-11	-0.000175477	-8.10628e-05	0.000191689	-155.67
292.0199	9.168	6.11624784e-11	-0.000129701	-0.000154496	0.000201226	-132.708
293.5099	9.172	6.11891636e-11	-0.000127793	-0.000102044	0.000159265	-139.266
294.9938	9.176	6.12158488e-11	-0.000177384	-0.000100136	0.000192643	-146.982
296.7542	9.18	6.124253399999999e-11	-0.000161172	-0.00013733	0.000211717	-138.558
298.2582	9.184	6.126921919999999e-11	-0.000109673	-0.000113488	0.000156404	-132.438
299.73	9.188	6.12959044e-11	-0.000144006	-0.000145913	0.000208856	-136.92
301.2321	9.192	6.13225896e-11	-0.000168801	-0.000154496	0.000226975	-137.622
302.7843	9.196	6.13492748e-11	-0.000144006	-0.00014782	0.00020218	-136.068
304.2695	9.2	6.137595999999999e-11	-0.000181199	-0.000131608	0.000217439	-143.73
305.7688	9.204	6.14026452e-11	-0.000153542	-0.000169755	0.000227929	-130.206
307.5033	9.208	6.14293304e-11	-0.000153542	-0.000144959	0.000209809	-136.158
308.9875	9.212	6.14560156e-11	-0.000153542	-0.000142098	0.000207902	-138.228
310.4877	9.216	6.148270079999999e-11	-0.000168801	-0.000190736	0.000252726	-133.284
311.9953	9.22	6.1509386e-11	-0.000154496	-0.000188828	0.000239373	-129.288
313.4465	9.224	6.15360712e-11	-0.000131608	-0.000183106	0.000223161	-126.972
315.2066	9.228	6.15627564e-11	-0.000131608	-0.000167848	0.000210763	-127.908
316.6434	9.232	6.158944159999999e-11	-0.000150681	-0.000214578	0.000261309	-127.722
318.1207	9.236	6.16161268e-11	-0.00013733	-0.000226022	0.000265123	-121.578
319.6064	9.24	6.1642812e-11	-0.000157357	-0.00018406	0.000235558	-128.862
321.0649	9.244	6.16694972e-11	-0.000122071	-0.00023842	0.000271799	-119.04
322.5356	9.248	6.16961824e-11	-0.000193597	-0.000217439	0.000287058	-131.034
324.0492	9.252	6.17228676e-11	-0.00020218	-0.000187875	0.000278475	-133.284
325.5395	9.256	6.17495528e-11	-0.000105858	-0.000204087	0.000236512	-116.988
327.2948	9.26	6.177623799999999e-11	-0.000162126	-0.000195504	0.000259401	-127.836
328.7829	9.264	6.180292319999999e-11	-0.00013733	-0.000217439	0.00025654	-122.412
330.2536	9.268	6.18296084e-11	-0.000153542	-0.000217439	0.000263216	-125.052
331.7417	9.272	6.18562936e-11	-0.000122071	-0.00023842	0.000267984	-116.376
333.2025	9.276	6.18829788e-11	-0.000117302	-0.000208856	0.00023842	-119.568
334.6733	9.28	6.1909664e-11	-0.000115395	-0.000249865	0.000270845	-115.68
336.145	9.284	6.193634920000001e-11	-7.91554e-05	-0.000248911	0.000263216	-107.436
337.6255	9.288	6.196303439999999e-11	-0.000125886	-0.000262262	0.000287058	-115.734
339.1182	9.292	6.198971959999999e-11	-0.000131608	-0.000288965	0.000311853	-112.746
340.5827	9.296	6.201640479999999e-11	-8.20165e-05	-0.000295641	0.000305178	-104.796
342.0477	9.3	6.204309e-11	-8.10628e-05	-0.00027466	0.000283243	-106.128
343.5142	9.304	6.20697752e-11	-5.14986e-05	-0.000267984	0.000263216	-102.606
345.258	9.308	6.20964604e-11	-8.58312e-05	-0.000308039	0.000322344	-105.606
346.7275	9.312	6.21231456e-11	-2.19346e-05	-0.000308039	0.000305178	-93.534
348.2166	9.316	6.21498308e-11	-5.14986e-05	-0.000290873	0.000298502	-101.478
349.6834	9.32	6.2176516e-11	-5.14986e-05	-0.000266077	0.000270845	-102.192
351.1584	9.324	6.22032012e-11	6.67575e-06	-0.000284197	0.000283243	-90.81
352.8851	9.328	6.222988639999999e-11	5.9128e-05	-0.000232697	0.000236512	-81.276
354.3553	9.332	6.22565716e-11	5.53133e-05	-0.000328066	0.000329973	-82.362
355.8177	9.336	6.22832568e-11	7.82018e-05	-0.00025654	0.000267984	-70.8
357.52	9.34	6.2309942e-11	0.00014782	-0.000235558	0.000272753	-58.38
358.981	9.344	6.233662719999999e-11	0.000166894	-0.000207902	0.000276567	-49.674
360.4628	9.348	6.23633124e-11	0.000217439	-0.000171662	0.000277521	-35.394
361.9398	9.352	6.23899976e-11	0.000290873	-0.000180245	0.000343325	-30.09
363.4446	9.356	6.24166828e-11	0.000367166	-0.000118256	0.000381472	-19.038
365.1851	9.36	6.2443368e-11	0.000401499	-0.000103951	0.000415804	-13.656
366.6569	9.364	6.24700532e-11	0.000496868	-3.52862e-05	0.000497822	-4.92
368.1318	9.368	6.24967384e-11	0.000548366	2.86103e-05	0.000559811	3.06
369.6129	9.372	6.252342359999999e-11	0.000653271	8.29701e-05	0.000662807	6.84
371.0836	9.376	6.255010879999999e-11	0.000759128	0.000117302	0.000761036	8.724
372.5618	9.38	6.2576794e-11	0.000809673	0.000200273	0.0008297	13.938
374.0324	9.384	6.26034792e-11	0.000982292	0.000221253	0.00100613	12.942
375.725	9.388	6.26301644e-11	0.00104905	0.000345232	0.00110722	18.186
377.1971	9.392	6.26568496e-11	0.00114251	0.000387194	0.00120641	18.816
378.6783	9.396	6.268353480000001e-11	0.00123788	0.000494007	0.00133515	21.516
380.1336	9.4	6.271022e-11	0.00133706	0.000537876	0.00144292	22.008
381.6556	9.404	6.273690519999999e-11	0.00139905	0.000651363	0.00154496	24.696
383.3669	9.408	6.276359039999999e-11	0.0015297	0.000775341	0.00171185	26.796
384.8393	9.412	6.27902756e-11	0.00160218	0.000794414	0.00177956	26.508
386.3097	9.416	6.28169608e-11	0.00158025	0.000869755	0.00179482	28.848
388.0744	9.42	6.2843646e-11	0.0016079	0.000932697	0.00185586	30.504
389.5242	9.424	6.28703312e-11	0.0015955	0.000985153	0.00187779	31.776
390.9762	9.428	6.289701640000001e-11	0.00160981	0.00114632	0.00198175	35.442
392.45	9.432	6.29237016e-11	0.00158025	0.00115777	0.00195505	36.432
393.911	9.436	6.295038679999999e-11	0.00144292	0.00113965	0.00183774	38.226
395.3582	9.44	6.297707199999999e-11	0.00130368	0.00113965	0.00172234	41.448
396.8293	9.444	6.30037572e-11	0.00123788	0.00119115	0.00171567	43.914
398.3087	9.448	6.30304424e-11	0.00105668	0.00113583	0.00154973	47.094
399.7588	9.452	6.30571276e-11	0.00092316	0.00112725	0.00145722	50.736
401.2294	9.456	6.30838128e-11	0.000744823	0.00100137	0.00125314	52.926
402.6708	9.46	6.3110498e-11	0.000541691	0.000945095	0.0010891	60.0
404.1559	9.464	6.31371832e-11	0.000444414	0.000797275	0.000914577	60.654
405.8893	9.468	6.31638684e-11	0.000301363	0.000730518	0.000792507	67.332
407.3391	9.472	6.31905536e-11	0.00019455	0.000548366	0.000584606	71.112
408.8088	9.476	6.32172388e-11	0.000130654	0.000355722	0.000376703	70.224
410.2886	9.48	6.3243924e-11	8.20165e-05	0.000243188	0.000259401	72.672
411.7399	9.484	6.32706092e-11	1.90736e-06	0.000172616	0.000170709	90.678
413.4823	9.488	6.329729439999999e-11	6.67575e-06	-4.19619e-05	4.00546e-05	-61.314
414.965	9.492	6.33239796e-11	5.43597e-05	-0.000138284	0.000154496	-63.222
416.4557	9.496	6.33506648e-11	7.34334e-05	-0.000242234	0.000254633	-72.504
417.9492	9.5	6.337735e-11	7.72481e-05	-0.000383379	0.000391962	-77.43
419.4288	9.504	6.34040352e-11	9.05995e-05	-0.000407221	0.000415804	-77.442
420.8857	9.508	6.34307204e-11	0.000105858	-0.000494007	0.000504497	-77.604
422.3716	9.512	6.34574056e-11	0.000125886	-0.000514034	0.000527386	-77.196
423.8621	9.516	6.348409079999999e-11	9.82289e-05	-0.000500683	0.000509266	-77.934
425.6036	9.52	6.351077599999999e-11	5.53133e-05	-0.000487329	0.000491146	-83.958
427.0413	9.524	6.353746119999999e-11	0.0	-0.000527386	0.000526432	-89.49
428.5501	9.528	6.35641464e-11	-1.81199e-05	-0.000417711	0.000416758	-91.728
430.0214	9.532	6.35908316e-11	-4.29156e-05	-0.000420572	0.000418665	-93.018
431.4919	9.536	6.36175168e-11	-2.9564e-05	-0.000335695	0.000335695	-96.114
432.9636	9.54	6.3644202e-11	-0.000102044	-0.000279428	0.000296595	-106.932
434.464	9.544	6.367088719999999e-11	-8.39238e-05	-0.000204087	0.000226975	-113.028
436.172	9.548	6.369757239999999e-11	-6.8665e-05	-0.000131608	0.000145913	-118.8
437.6512	9.552	6.372425759999999e-11	-6.67577e-05	-6.48503e-05	9.05995e-05	-136.47
439.1328	9.556	6.375094279999999e-11	-4.57766e-05	-6.48503e-05	6.67577e-05	-128.766
440.6186	9.56	6.3777628e-11	2.86104e-06	-1.33515e-05	1.90736e-05	-130.032
442.1267	9.564	6.38043132e-11	1.33515e-05	2.57493e-05	2.47956e-05	75.528
443.8572	9.568	6.38309984e-11	4.48229e-05	3.71935e-05	5.9128e-05	43.212
445.3233	9.572	6.38576836e-11	7.91554e-05	3.05178e-05	8.96459e-05	21.564
446.7961	9.576	6.38843688e-11	5.53133e-05	1.33515e-05	5.9128e-05	16.572
448.5269	9.58	6.3911054e-11	7.34334e-05	6.00817e-05	0.00010109	35.754
450.0064	9.584	6.393773919999999e-11	7.82018e-05	-1.04905e-05	8.10628e-05	-8.13
451.4819	9.588	6.396442439999999e-11	1.52589e-05	5.72208e-06	1.23978e-05	26.562
452.9388	9.592	6.39911096e-11	-2.86104e-06	-3.81472e-05	4.10082e-05	-96.054
454.3901	9.596	6.40177948e-11	-3.91009e-05	-9.44142e-05	9.91826e-05	-112.02
455.8664	9.6	6.404448e-11	-4.76839e-05	-0.000104905	0.000116349	-113.37
457.3493	9.604	6.407116519999999e-11	-0.00010109	-7.82018e-05	0.000117302	-139.926
458.8045	9.608	6.40978504e-11	-0.00012684	-0.000113488	0.00017357	-136.836
460.2759	9.612	6.41245356e-11	-0.000141145	-0.000104905	0.000170709	-140.568
461.714	9.616	6.41512208e-11	-0.000160218	-8.86922e-05	0.000175477	-149.904
463.2019	9.62	6.417790599999999e-11	-0.000136376	-7.82018e-05	0.000161172	-150.024
464.6563	9.624	6.42045912e-11	-0.000151635	-4.10082e-05	0.000152589	-166.386
466.4068	9.628	6.42312764e-11	-0.000129701	-3.91009e-05	0.000139237	-163.116
467.8556	9.632	6.425796159999999e-11	-7.91554e-05	-2.28883e-05	9.34605e-05	-167.472
469.3471	9.636	6.428464679999999e-11	-0.000105858	-3.81472e-05	0.000114441	-163.206
470.8279	9.64	6.4311332e-11	-0.00014782	-3.62399e-05	0.000143052	-164.844
472.3156	9.644	6.43380172e-11	-6.38966e-05	-6.48503e-05	9.05995e-05	-142.968
474.0304	9.648	6.43647024e-11	-8.86922e-05	-4.86376e-05	9.44142e-05	-149.244
475.4897	9.652	6.43913876e-11	-0.000102044	-7.05724e-05	0.000130654	-146.31
476.958	9.656	6.44180728e-11	-0.000170709	-9.44142e-05	0.000189782	-151.062
478.6895	9.66	6.444475799999999e-11	-0.000205995	-8.48775e-05	0.000225068	-158.136
480.1593	9.664	6.447144319999999e-11	-0.000215531	-0.000127793	0.000249865	-148.38
481.6278	9.668	6.449812839999999e-11	-0.000275614	-0.000168801	0.000319483	-148.5
483.1005	9.672	6.45248136e-11	-0.000297548	-0.000124932	0.000316622	-155.706
484.5713	9.676	6.45514988e-11	-0.000296595	-0.000113488	0.000331881	-159.27
486.2822	9.68	6.4578184e-11	-0.000328066	-0.000144959	0.000358583	-155.856
487.7498	9.684	6.46048692e-11	-0.000314714	-0.000144006	0.000338556	-154.8
489.2445	9.688	6.46315544e-11	-0.000350954	-0.000124932	0.000366213	-158.82
490.7962	9.692	6.465823959999999e-11	-0.000298502	-0.000112534	0.000315668	-159.87
492.3085	9.696	6.468492479999999e-11	-0.0003109	-0.000114441	0.000327112	-159.252
493.7998	9.7	6.471160999999999e-11	-0.000267984	-0.000166894	0.000313761	-144.126
495.2808	9.704	6.47382952e-11	-0.000188828	-0.000121117	0.000233651	-147.504
496.9986	9.708	6.47649804e-11	-0.000175477	-0.000153542	0.000235558	-139.626
498.4793	9.712	6.47916656e-11	-0.000178338	-0.000174523	0.000249865	-136.5
499.9214	9.716	6.48183508e-11	-0.000144959	-0.000160218	0.000214578	-132.498
501.408	9.72	6.4845036e-11	-0.000128747	-0.000167848	0.000205995	-134.064
502.8958	9.724	6.48717212e-11	-9.72752e-05	-0.000154496	0.000181199	-120.51
504.6222	9.728	6.48984064e-11	-8.86922e-05	-0.000204087	0.000216485	-111.366
506.0935	9.732	6.492509159999999e-11	-0.000104905	-0.000168801	0.000201226	-125.364
507.582	9.736	6.49517768e-11	-0.000104905	-0.000160218	0.000189782	-121.098
509.3286	9.74	6.4978462e-11	-0.000153542	-0.000139237	0.000205041	-138.042
510.8105	9.744	6.50051472e-11	-0.00012684	-7.82018e-05	0.000146867	-148.71
512.2869	9.748	6.503183239999999e-11	-0.000127793	-4.95913e-05	0.000139237	-157.854
513.7702	9.752	6.50585176e-11	-0.000148774	-6.00817e-05	0.000159265	-152.91
515.2592	9.756	6.50852028e-11	-0.000168801	-1.14442e-05	0.000168801	-177.084
516.9598	9.76	6.5111888e-11	-0.000205995	-1.62126e-05	0.000207902	-175.056
518.4256	9.764	6.51385732e-11	-0.000210763	2.19346e-05	0.000209809	171.66
519.8815	9.768	6.51652584e-11	-0.000204087	1.23978e-05	0.000203134	174.942
521.3672	9.772	6.51919436e-11	-0.00021267	2.3842e-05	0.000213624	172.122
522.8255	9.776	6.521862879999999e-11	-0.000190736	0.0	0.000193597	180.0
524.2962	9.78	6.524531399999999e-11	-0.000244142	-3.43325e-05	0.000247957	-174.0
525.7687	9.784	6.52719992e-11	-0.000207902	-2.76567e-05	0.000203134	-172.218
527.2185	9.788	6.52986844e-11	-0.000195504	-6.48503e-05	0.000196458	-161.376
528.9708	9.792	6.53253696e-11	-0.000190736	-8.58312e-05	0.000205041	-157.194
530.4201	9.796	6.53520548e-11	-0.000206948	-9.34605e-05	0.000231744	-155.826
531.8917	9.8	6.537874000000001e-11	-0.000157357	-0.000124932	0.000201226	-142.614
533.3778	9.804	6.540542519999999e-11	-0.000186921	-0.000168801	0.000252726	-137.556
535.1045	9.808	6.543211039999999e-11	-0.000144006	-0.000132562	0.000185967	-141.804
536.6232	9.812	6.545879559999999e-11	-0.000141145	-0.000128747	0.000181199	-137.424
538.1132	9.816	6.54854808e-11	-0.000141145	-0.000127793	0.000190736	-135.42
539.5893	9.82	6.5512166e-11	-0.000162126	-0.000151635	0.000218392	-135.246
541.0678	9.824	6.55388512e-11	-0.000131608	-0.000154496	0.000207902	-129.414
542.7837	9.828	6.55655364e-11	-0.00017357	-9.53679e-05	0.000196458	-150.834
544.2673	9.832	6.55922216e-11	-0.000134469	-7.62944e-05	0.000157357	-148.374
545.7559	9.836	6.56189068e-11	-0.00018406	-0.000123979	0.000221253	-144.264
547.2653	9.84	6.564559199999999e-11	-0.00015545	-7.34334e-05	0.000168801	-153.84
548.7353	9.844	6.567227719999999e-11	-0.000141145	-4.29156e-05	0.00014782	-163.524
550.1872	9.848	6.56989624e-11	-0.000156404	-9.53679e-05	0.000180245	-149.73
551.6801	9.852	6.57256476e-11	-0.00015545	-4.19619e-05	0.000156404	-164.358
553.1504	9.856	6.57523328e-11	-0.000144959	-4.95913e-05	0.000150681	-160.77
554.8565	9.86	6.577901799999999e-11	-0.000138284	-3.05178e-05	0.000138284	-168.198
556.3268	9.864	6.58057032e-11	-8.86922e-05	-1.81199e-05	9.15532e-05	-165.066
557.8047	9.868	6.58323884e-11	-8.67848e-05	1.90736e-06	9.53679e-05	-178.854
559.2851	9.872	6.58590736e-11	-9.91826e-05	-9.53682e-07	0.000102044	-178.89
560.7417	9.876	6.58857588e-11	-7.82018e-05	-3.24252e-05	8.48775e-05	-158.61
562.1978	9.88	6.5912444e-11	-3.14715e-05	-3.14715e-05	4.86376e-05	-139.638
563.6553	9.884	6.59391292e-11	-4.48229e-05	-4.7684e-06	3.62399e-05	-174.51
565.3864	9.888	6.59658144e-11	-2.00273e-05	2.19346e-05	2.86103e-05	142.596
566.8488	9.892	6.599249959999999e-11	-6.19893e-05	-1.43052e-05	5.9128e-05	-167.256
568.309	9.896	6.60191848e-11	-3.91009e-05	1.90736e-06	3.91009e-05	173.556
569.7813	9.9	6.604587e-11	-6.48503e-05	-8.67848e-05	0.000102997	-129.906
571.2326	9.904	6.60725552e-11	-6.2943e-05	-3.81473e-06	6.00817e-05	-174.918
572.9493	9.908	6.60992404e-11	-4.95913e-05	-3.14715e-05	6.10356e-05	-153.168
574.4216	9.912	6.61259256e-11	-7.1526e-05	-2.00273e-05	7.91554e-05	-163.032
575.8924	9.916	6.61526108e-11	-7.34334e-05	-1.62126e-05	7.72481e-05	-168.6
577.6318	9.92	6.617929599999999e-11	-9.91826e-05	1.90736e-05	8.39238e-05	171.0
579.0869	9.924	6.620598119999999e-11	-8.20165e-05	3.81473e-06	7.72481e-05	172.302
580.5574	9.928	6.62326664e-11	-0.000108719	1.71663e-05	0.000110627	167.436
582.032	9.932	6.62593516e-11	-6.19893e-05	-3.24252e-05	7.05724e-05	-157.992
583.5224	9.936	6.62860368e-11	-0.00011158	-4.86376e-05	0.000110627	-150.876
585.2435	9.94	6.6312722e-11	-0.000127793	-3.33788e-05	0.000136376	-167.292
586.7159	9.944	6.633940720000001e-11	-0.000129701	3.24252e-05	0.000129701	164.262
588.1713	9.948	6.63660924e-11	-9.25069e-05	-2.47956e-05	9.63216e-05	-166.734
589.6728	9.952	6.639277759999999e-11	-0.000121117	-2.6703e-05	0.000110627	-164.748
591.1593	9.956	6.641946279999999e-11	-0.000100136	-6.48503e-05	0.000117302	-146.22
592.6483	9.96	6.6446148e-11	-0.000133515	-6.5804e-05	0.000142098	-149.082
594.134	9.964	6.64728332e-11	-0.000124932	-8.29701e-05	0.00015545	-145.902
595.8763	9.968	6.64995184e-11	-7.1526e-05	-0.000123979	0.000136376	-124.638
597.38	9.972	6.65262036e-11	-8.01091e-05	-0.000110627	0.000136376	-122.178
598.8511	9.976	6.65528888e-11	-7.34334e-05	-5.6267e-05	8.67848e-05	-140.712
600.329	9.98	6.6579574e-11	-1.71663e-05	-0.000114441	0.000113488	-95.778
601.7786	9.984	6.66062592e-11	-2.47956e-05	-7.62944e-05	8.01091e-05	-113.574
603.559	9.988	6.663294439999999e-11	2.86104e-06	-9.53679e-05	9.63216e-05	-87.312
605.0093	9.992	6.66596296e-11	4.19619e-05	-5.6267e-05	6.5804e-05	-59.442
606.4802	9.996	6.66863148e-11	1.52589e-05	-5.9128e-05	6.19893e-05	-68.43
607.9595	10.0	6.6713e-11	1.04905e-05	-4.57766e-05	4.76839e-05	-74.268
609.4141	10.004	6.673968519999999e-11	2.0981e-05	-3.33788e-05	4.10082e-05	-43.728
610.8698	10.008	6.676637039999999e-11	5.53133e-05	1.14442e-05	4.38693e-05	21.612
612.3242	10.012	6.67930556e-11	4.29156e-05	-6.67575e-06	4.19619e-05	-4.464
613.7904	10.016	6.68197408e-11	3.71935e-05	-1.14442e-05	3.91009e-05	-17.178
615.2657	10.02	6.6846426e-11	-3.81473e-06	2.0981e-05	1.90736e-05	68.55
616.7661	10.024	6.68731112e-11	3.24252e-05	6.38966e-05	7.1526e-05	61.698
618.237	10.028	6.68997964e-11	3.81472e-05	2.9564e-05	4.95913e-05	34.344
619.6756	10.032	6.692648159999999e-11	1.04905e-05	7.82018e-05	7.82018e-05	89.514
621.1316	10.036	6.695316679999999e-11	-4.29156e-05	6.67575e-06	3.91009e-05	163.11
622.6086	10.04	6.697985199999999e-11	-3.71935e-05	1.62126e-05	3.43325e-05	161.568
624.1087	10.044	6.70065372e-11	-5.81744e-05	1.04905e-05	5.3406e-05	164.25
625.8212	10.048	6.70332224e-11	-4.76839e-05	3.71935e-05	6.19893e-05	137.058
627.3018	10.052	6.70599076e-11	-6.00817e-05	3.05178e-05	6.5804e-05	152.406
628.7824	10.056	6.70865928e-11	-4.48229e-05	6.67575e-06	4.67303e-05	168.366
630.2515	10.06	6.7113278e-11	-3.24252e-05	2.86103e-05	3.71935e-05	137.418
631.7334	10.064	6.713996319999999e-11	1.52589e-05	-3.43325e-05	2.86103e-05	-62.022
633.4632	10.068	6.716664839999999e-11	1.23978e-05	-3.43325e-05	3.52862e-05	-74.652
634.965	10.072	6.719333359999999e-11	-1.14442e-05	1.90736e-06	1.04905e-05	160.02
636.4402	10.076	6.72200188e-11	-1.14442e-05	-6.96187e-05	7.05724e-05	-87.858
637.9081	10.08	6.7246704e-11	5.53133e-05	-3.52862e-05	7.91554e-05	-25.74
639.3642	10.084	6.72733892e-11	9.53679e-05	-2.28883e-05	9.91826e-05	-14.034
640.8644	10.088	6.73000744e-11	5.9128e-05	-7.1526e-05	9.25069e-05	-50.826
642.354	10.092	6.73267596e-11	7.24797e-05	-7.53407e-05	0.000112534	-38.046
643.8791	10.096	6.73534448e-11	2.57493e-05	-1.62126e-05	3.33788e-05	-18.756
645.599	10.1	6.738012999999999e-11	9.82289e-05	-2.3842e-05	0.00010109	-11.832
647.0759	10.104	6.740681519999999e-11	6.67577e-05	6.67575e-06	6.19893e-05	7.596
648.5566	10.108	6.74335004e-11	6.5804e-05	-4.00546e-05	7.72481e-05	-30.714
650.0046	10.112	6.74601856e-11	5.9128e-05	3.71935e-05	7.72481e-05	26.142
651.4544	10.116	6.74868708e-11	1.90736e-05	1.23978e-05	2.19346e-05	35.136
652.9273	10.12	6.751355599999999e-11	5.72208e-06	1.04905e-05	8.58313e-06	4.398
654.4174	10.124	6.75402412e-11	5.24523e-05	4.95913e-05	6.2943e-05	45.912
656.1099	10.128	6.75669264e-11	3.71935e-05	6.48503e-05	7.72481e-05	61.128
657.5826	10.132	6.75936116e-11	1.43052e-05	6.19893e-05	6.48503e-05	78.348
659.0538	10.136	6.762029679999999e-11	1.52589e-05	7.62944e-05	8.29701e-05	83.37
660.535	10.14	6.7646982e-11	3.52862e-05	2.00273e-05	3.91009e-05	31.908
662.0146	10.144	6.76736672e-11	2.19346e-05	6.38966e-05	6.5804e-05	63.72
663.726	10.148	6.770035239999999e-11	1.90736e-05	3.33788e-05	3.43325e-05	60.252
665.1766	10.152	6.772703759999999e-11	9.5368e-06	1.71663e-05	1.90736e-05	42.396
666.6157	10.156	6.77537228e-11	2.3842e-05	4.10082e-05	5.72207e-05	60.774
668.3276	10.16	6.7780408e-11	4.29156e-05	-2.9564e-05	5.53133e-05	-32.736
669.7788	10.164	6.78070932e-11	6.67577e-05	-1.71663e-05	6.77113e-05	-19.314
671.2696	10.168	6.78337784e-11	2.3842e-05	-2.0981e-05	3.71935e-05	-31.296
672.7405	10.172	6.78604636e-11	6.10356e-05	-3.81472e-05	7.05724e-05	-37.302
674.2014	10.176	6.788714879999999e-11	6.19893e-05	-9.5368e-06	6.5804e-05	-4.53
675.6489	10.18	6.791383399999999e-11	2.86104e-06	-1.90736e-05	1.71663e-05	-90.0
677.0891	10.184	6.794051919999999e-11	-2.86104e-06	1.33515e-05	1.62126e-05	79.506
678.5499	10.188	6.79672044e-11	6.5804e-05	-3.14715e-05	7.34334e-05	-20.922
680.2597	10.192	6.79938896e-11	-3.81472e-05	-3.05178e-05	3.71935e-05	-124.992
681.7403	10.196	6.80205748e-11	-6.67575e-06	-5.24523e-05	5.0545e-05	-82.974
683.2028	10.2	6.804726e-11	-3.71935e-05	-4.95913e-05	6.00817e-05	-128.556
684.6835	10.204	6.807394520000001e-11	-4.19619e-05	-9.5368e-06	2.6703e-05	-161.568
686.4023	10.208	6.810063039999999e-11	-2.00273e-05	-6.19893e-05	6.19893e-05	-104.334
687.873	10.212	6.812731559999999e-11	-2.3842e-05	-2.86104e-06	1.90736e-05	-168.69
689.3228	10.216	6.815400079999999e-11	-3.81472e-05	-6.67575e-06	4.19619e-05	-171.996
690.8012	10.22	6.8180686e-11	-3.81472e-05	-2.86104e-06	2.57493e-05	-161.076
692.2321	10.224	6.82073712e-11	-4.86376e-05	-1.33515e-05	5.3406e-05	-165.294
693.9516	10.228	6.82340564e-11	-2.47956e-05	-3.81472e-05	4.57766e-05	-124.854
695.4019	10.232	6.82607416e-11	3.81473e-06	-3.62399e-05	3.43325e-05	-85.518
696.9035	10.236	6.82874268e-11	0.0	-2.47956e-05	2.6703e-05	-117.12
698.6293	10.24	6.8314112e-11	-1.71663e-05	-2.47956e-05	2.86103e-05	-121.704
700.117	10.244	6.83407972e-11	3.91009e-05	-5.9128e-05	7.1526e-05	-56.016
701.6098	10.248	6.836748239999999e-11	-1.90736e-06	-2.28883e-05	2.19346e-05	-94.512
703.0652	10.252	6.83941676e-11	1.90736e-05	-3.62399e-05	4.29156e-05	-53.472
704.537	10.256	6.84208528e-11	3.52862e-05	-4.00546e-05	5.53133e-05	-42.51
706.2284	10.26	6.8447538e-11	-2.00273e-05	-3.81472e-05	4.10082e-05	-116.994
707.7153	10.264	6.847422319999999e-11	3.05178e-05	-2.28883e-05	3.91009e-05	-52.764
709.1917	10.268	6.85009084e-11	2.3842e-05	1.14442e-05	3.52862e-05	16.968
710.6617	10.272	6.85275936e-11	4.19619e-05	-2.28883e-05	4.38693e-05	-33.93
712.1334	10.276	6.85542788e-11	3.33788e-05	-1.81199e-05	3.05178e-05	-42.36
713.6158	10.28	6.8580964e-11	5.9128e-05	8.58313e-06	6.8665e-05	12.204
715.0731	10.284	6.86076492e-11	5.0545e-05	4.7684e-06	5.24523e-05	5.004
716.7704	10.288	6.86343344e-11	5.24523e-05	-3.05178e-05	5.81744e-05	-34.044
718.2516	10.292	6.866101959999999e-11	5.43597e-05	1.71663e-05	5.53133e-05	16.428
719.7311	10.296	6.868770479999999e-11	4.57766e-05	8.58313e-06	6.5804e-05	3.78
721.2012	10.3	6.871439e-11	2.76567e-05	-1.71663e-05	2.86103e-05	-28.494
722.6574	10.304	6.87410752e-11	3.24252e-05	3.71935e-05	5.24523e-05	41.514
724.3982	10.308	6.87677604e-11	-1.71663e-05	1.04905e-05	1.33515e-05	110.226
725.888	10.312	6.87944456e-11	-5.72208e-06	4.76839e-05	4.76839e-05	106.926
727.3526	10.316	6.88211308e-11	2.00273e-05	2.57493e-05	4.10082e-05	34.416
728.8584	10.32	6.884781599999999e-11	1.33515e-05	-9.5368e-06	7.62945e-06	-71.568
730.3142	10.324	6.887450119999999e-11	1.90736e-05	-2.86104e-06	1.33515e-05	19.29
732.0738	10.328	6.890118639999999e-11	2.28883e-05	3.81473e-06	2.19346e-05	20.376
733.5089	10.332	6.89278716e-11	3.05178e-05	2.28883e-05	3.81472e-05	43.566
734.9699	10.336	6.89545568e-11	6.38966e-05	0.0	6.77113e-05	-4.854
736.7123	10.34	6.8981242e-11	6.5804e-05	1.04905e-05	7.43871e-05	11.406
738.1833	10.344	6.90079272e-11	3.91009e-05	-5.72208e-06	4.19619e-05	-6.054
739.6408	10.348	6.90346124e-11	9.25069e-05	-1.04905e-05	9.25069e-05	-5.46
741.0927	10.352	6.90612976e-11	5.72207e-05	2.9564e-05	5.9128e-05	30.162
742.569	10.356	6.908798279999999e-11	6.5804e-05	1.81199e-05	5.81744e-05	20.886
744.2585	10.36	6.911466799999999e-11	7.72481e-05	2.19346e-05	7.24797e-05	16.326
745.7449	10.364	6.91413532e-11	4.76839e-05	-5.72208e-06	4.67303e-05	5.046
747.2012	10.368	6.91680384e-11	1.04905e-05	6.67575e-06	1.52589e-05	15.642
748.6615	10.372	6.91947236e-11	-9.53682e-07	-2.76567e-05	2.76567e-05	-103.704
750.1322	10.376	6.92214088e-11	-4.29156e-05	-1.04905e-05	4.29156e-05	-168.156
751.6138	10.38	6.9248094e-11	2.00273e-05	-2.86104e-06	2.86103e-05	1.248
753.074	10.384	6.92747792e-11	-1.14442e-05	3.81473e-06	8.58313e-06	121.608
754.7947	10.388	6.93014644e-11	2.86103e-05	0.0	2.0981e-05	6.342
756.2436	10.392	6.932814959999999e-11	-9.53682e-07	-1.62126e-05	1.71663e-05	-72.18
757.6947	10.396	6.93548348e-11	3.52862e-05	-2.3842e-05	3.91009e-05	-39.288
759.1494	10.4	6.938152e-11	3.81472e-05	2.28883e-05	4.29156e-05	28.176
760.6394	10.404	6.94082052e-11	1.71663e-05	-2.9564e-05	3.05178e-05	-59.268
762.3517	10.408	6.943489039999999e-11	4.38693e-05	-1.52589e-05	4.57766e-05	-31.098
763.8196	10.412	6.94615756e-11	3.05178e-05	-6.67575e-06	3.05178e-05	-16.818
765.2922	10.416	6.94882608e-11	6.67577e-05	2.9564e-05	7.1526e-05	22.296
767.033	10.42	6.9514946e-11	3.24252e-05	-2.76567e-05	4.67303e-05	-31.92
768.5045	10.424	6.95416312e-11	4.19619e-05	2.57493e-05	5.3406e-05	22.308
769.965	10.428	6.95683164e-11	3.62399e-05	-3.33788e-05	4.86376e-05	-47.16
771.4155	10.432	6.95950016e-11	8.39238e-05	-1.90736e-06	7.82018e-05	-6.738
772.8862	10.436	6.962168679999999e-11	-1.14442e-05	-1.81199e-05	2.3842e-05	-140.388
774.3475	10.44	6.964837199999999e-11	3.24252e-05	-1.62126e-05	4.38693e-05	-21.654
775.7954	10.444	6.96750572e-11	5.14986e-05	-3.14715e-05	5.24523e-05	-32.826
777.2845	10.448	6.97017424e-11	-2.6703e-05	3.81473e-06	3.24252e-05	178.938
778.7412	10.452	6.97284276e-11	-4.00546e-05	-2.86103e-05	4.95913e-05	-148.242
780.2123	10.456	6.97551128e-11	1.90736e-05	1.90736e-06	1.71663e-05	-6.582
781.6631	10.46	6.978179800000001e-11	-1.33515e-05	-1.04905e-05	1.62126e-05	-156.798
783.1241	10.464	6.980848319999999e-11	3.81473e-06	5.72208e-06	3.81473e-06	-18.432
784.8316	10.468	6.983516839999999e-11	-1.33515e-05	-1.90736e-05	2.19346e-05	-148.17
786.3023	10.472	6.986185359999999e-11	1.52589e-05	2.9564e-05	3.33788e-05	60.252
787.774	10.476	6.98885388e-11	8.58313e-06	6.67575e-06	2.00273e-05	75.582
789.2526	10.48	6.9915224e-11	0.0	-1.62126e-05	1.71663e-05	-71.568
790.6829	10.484	6.99419092e-11	8.58313e-06	8.58313e-06	6.67575e-06	120.966
792.4161	10.488	6.99685944e-11	2.28883e-05	-2.6703e-05	3.81472e-05	-41.1
793.8668	10.492	6.99952796e-11	-3.71935e-05	-3.24252e-05	4.86376e-05	-138.3
795.3434	10.496	7.00219648e-11	1.52589e-05	-2.28883e-05	2.6703e-05	-83.658
797.0653	10.5	7.004865e-11	2.86103e-05	-3.62399e-05	4.10082e-05	-47.292
798.5759	10.504	7.007533519999999e-11	-2.19346e-05	-2.19346e-05	3.24252e-05	-131.904
800.0564	10.508	7.010202039999999e-11	0.0	-3.14715e-05	3.05178e-05	-100.08
801.5421	10.512	7.01287056e-11	-1.43052e-05	-2.76567e-05	2.76567e-05	-119.934
803.0212	10.516	7.01553908e-11	-3.81473e-06	-2.00273e-05	2.57493e-05	-131.532
804.7784	10.52	7.018207599999999e-11	1.23978e-05	-3.62399e-05	4.48229e-05	-62.022
806.2301	10.524	7.020876119999999e-11	3.91009e-05	-4.7684e-06	4.29156e-05	-13.188
807.707	10.528	7.02354464e-11	1.33515e-05	-2.6703e-05	2.57493e-05	-79.284
809.1578	10.532	7.02621316e-11	-1.33515e-05	-1.23978e-05	1.52589e-05	-109.176
810.6498	10.536	7.02888168e-11	1.33515e-05	-2.0981e-05	2.19346e-05	-47.724
812.1204	10.54	7.031550199999998e-11	1.71663e-05	4.38693e-05	4.57766e-05	67.716
813.5914	10.544	7.03421872e-11	4.29156e-05	2.19346e-05	4.67303e-05	30.258
815.3123	10.548	7.03688724e-11	5.72207e-05	-3.81473e-06	6.00817e-05	-7.764
816.7715	10.552	7.039555759999999e-11	2.6703e-05	5.72208e-06	2.57493e-05	22.62
818.2442	10.556	7.042224279999999e-11	3.05178e-05	5.9128e-05	6.77113e-05	62.94
819.7265	10.56	7.0448928e-11	5.3406e-05	-2.86104e-06	4.67303e-05	-10.458
821.2191	10.564	7.04756132e-11	3.05178e-05	8.58313e-06	2.9564e-05	31.608
822.9241	10.568	7.05022984e-11	4.19619e-05	1.90736e-05	4.86376e-05	20.556
824.3829	10.572	7.05289836e-11	4.19619e-05	2.6703e-05	5.72207e-05	30.432
825.8741	10.576	7.05556688e-11	8.58313e-06	4.10082e-05	3.91009e-05	72.216
827.5846	10.58	7.058235399999999e-11	2.57493e-05	-6.67575e-06	3.05178e-05	-13.17
829.0521	10.584	7.060903919999999e-11	3.81472e-05	1.71663e-05	5.53133e-05	14.352
830.5094	10.588	7.063572439999999e-11	-9.5368e-06	5.14986e-05	5.14986e-05	98.13
831.9847	10.592	7.06624096e-11	1.90736e-06	3.05178e-05	3.05178e-05	111.126
833.4544	10.596	7.06890948e-11	-1.33515e-05	-2.6703e-05	2.76567e-05	-119.934
835.1623	10.6	7.071578e-11	1.52589e-05	5.72208e-06	8.58313e-06	106.392
836.6486	10.604	7.07424652e-11	-2.0981e-05	-1.04905e-05	1.04905e-05	153.438
838.1047	10.608	7.07691504e-11	6.67575e-06	-2.00273e-05	1.81199e-05	-74.358
839.595	10.612	7.079583559999999e-11	1.90736e-05	-8.58313e-06	2.3842e-05	-21.54
841.0664	10.616	7.082252079999999e-11	5.81744e-05	2.00273e-05	5.72207e-05	19.926
842.5679	10.62	7.084920599999999e-11	2.19346e-05	-2.28883e-05	2.9564e-05	-52.854
844.0508	10.624	7.08758912e-11	1.90736e-05	-1.81199e-05	3.33788e-05	-26.562
845.7794	10.628	7.09025764e-11	3.43325e-05	9.5368e-06	4.19619e-05	8.004
847.2664	10.632	7.09292616e-11	4.38693e-05	-2.47956e-05	5.43597e-05	-38.766
848.736	10.636	7.095594679999999e-11	2.57493e-05	-1.04905e-05	2.47956e-05	-14.826
850.1935	10.64	7.0982632e-11	4.76839e-05	3.33788e-05	5.53133e-05	39.192
851.6518	10.644	7.10093172e-11	4.48229e-05	1.90736e-06	4.48229e-05	6.612
853.3437	10.648	7.10360024e-11	5.0545e-05	-5.6267e-05	7.72481e-05	-49.65
854.8024	10.652	7.106268759999999e-11	1.23978e-05	0.0	1.52589e-05	-11.31
856.2619	10.656	7.10893728e-11	3.91009e-05	-2.9564e-05	5.43597e-05	-36.87
858.002	10.66	7.1116058e-11	3.81472e-05	2.19346e-05	4.29156e-05	38.658
859.4576	10.664	7.114274319999999e-11	2.57493e-05	2.3842e-05	3.52862e-05	40.236
860.9284	10.668	7.116942839999999e-11	4.38693e-05	1.43052e-05	4.10082e-05	31.122
862.402	10.672	7.11961136e-11	-2.28883e-05	2.19346e-05	4.29156e-05	136.578
863.8719	10.676	7.12227988e-11	2.57493e-05	-8.58313e-06	1.71663e-05	-57.096
865.3261	10.68	7.1249484e-11	1.52589e-05	4.29156e-05	4.57766e-05	57.726
866.7775	10.684	7.12761692e-11	-1.14442e-05	3.24252e-05	3.14715e-05	102.096
868.2717	10.688	7.13028544e-11	4.00546e-05	-2.47956e-05	4.00546e-05	-25.254
869.741	10.692	7.132953959999999e-11	8.58313e-06	-9.5368e-06	1.04905e-05	-93.012
871.2127	10.696	7.135622479999999e-11	1.04905e-05	0.0	9.5368e-06	-12.996
872.682	10.7	7.138290999999999e-11	-5.72208e-06	-4.7684e-06	0.0	53.13
874.1543	10.704	7.14095952e-11	1.62126e-05	1.90736e-06	1.33515e-05	-14.034
875.8645	10.708	7.14362804e-11	2.0981e-05	-2.86103e-05	3.71935e-05	-42.21
877.3833	10.712	7.14629656e-11	5.53133e-05	5.72208e-06	5.24523e-05	-2.094
878.8339	10.716	7.14896508e-11	3.05178e-05	-2.86103e-05	4.38693e-05	-32.004
880.2904	10.72	7.151633600000001e-11	3.52862e-05	1.90736e-06	3.81472e-05	14.934
881.7686	10.724	7.154302119999999e-11	4.38693e-05	1.33515e-05	4.86376e-05	15.846
883.5253	10.728	7.156970639999999e-11	7.05724e-05	-1.33515e-05	7.05724e-05	-13.77
885.0067	10.732	7.159639159999999e-11	2.3842e-05	3.52862e-05	4.48229e-05	47.34
886.4851	10.736	7.16230768e-11	4.29156e-05	4.7684e-06	4.00546e-05	14.268
888.176	10.74	7.1649762e-11	4.19619e-05	-2.00273e-05	4.57766e-05	-26.19
889.646	10.744	7.16764472e-11	1.23978e-05	1.62126e-05	1.90736e-05	67.83
891.1248	10.748	7.17031324e-11	3.05178e-05	-1.14442e-05	3.14715e-05	-21.57
892.5965	10.752	7.17298176e-11	2.3842e-05	-1.33515e-05	3.14715e-05	-27.594
894.0781	10.756	7.17565028e-11	9.5368e-06	2.19346e-05	2.3842e-05	67.932
895.5334	10.76	7.178318799999999e-11	-8.58313e-06	2.86103e-05	2.76567e-05	102.996
896.9746	10.764	7.180987319999999e-11	-1.04905e-05	4.10082e-05	4.19619e-05	108.156
898.4812	10.768	7.18365584e-11	-1.81199e-05	-3.81473e-06	1.90736e-05	168.366
899.9376	10.772	7.18632436e-11	-5.81744e-05	-1.62126e-05	5.72207e-05	-168.558
901.4567	10.776	7.18899288e-11	2.3842e-05	-3.05178e-05	3.43325e-05	-45.852
902.9739	10.78	7.191661399999999e-11	1.62126e-05	1.04905e-05	1.04905e-05	136.974
904.4469	10.784	7.19432992e-11	-5.6267e-05	-2.0981e-05	5.3406e-05	-168.834
906.1758	10.788	7.19699844e-11	-6.67575e-06	-2.00273e-05	1.71663e-05	-117.756
907.6462	10.792	7.19966696e-11	-9.5368e-06	6.67575e-06	8.58313e-06	156.798
909.1277	10.796	7.20233548e-11	-1.14442e-05	-5.3406e-05	5.43597e-05	-103.692
910.6058	10.8	7.205004e-11	2.57493e-05	2.86104e-06	3.71935e-05	17.04
912.0566	10.804	7.20767252e-11	4.38693e-05	0.0	4.57766e-05	-8.244
913.509	10.808	7.210341039999999e-11	1.04905e-05	-2.9564e-05	2.86103e-05	-90.0
914.9863	10.812	7.213009559999999e-11	0.0	-2.57493e-05	2.28883e-05	-78.024
916.436	10.816	7.21567808e-11	1.90736e-05	-1.62126e-05	2.9564e-05	-38.478
917.9065	10.82	7.2183466e-11	6.67575e-06	-5.53133e-05	5.43597e-05	-74.556
919.3467	10.824	7.22101512e-11	-1.71663e-05	-6.00817e-05	6.38966e-05	-106.974
921.0441	10.828	7.22368364e-11	9.5368e-06	9.53682e-07	1.43052e-05	2.202
922.5107	10.832	7.22635216e-11	2.3842e-05	-5.6267e-05	6.38966e-05	-59.334
923.9707	10.836	7.229020679999999e-11	2.0981e-05	-3.62399e-05	3.91009e-05	-59.886
925.4628	10.84	7.231689199999999e-11	4.86376e-05	-2.86104e-06	4.57766e-05	-6.054
926.9315	10.844	7.234357719999999e-11	7.72481e-05	-2.86104e-06	6.77113e-05	-6.402
928.3853	10.848	7.23702624e-11	7.53407e-05	2.57493e-05	8.10628e-05	16.518
929.8573	10.852	7.23969476e-11	7.05724e-05	-4.00546e-05	8.58312e-05	-24.69
931.3397	10.856	7.24236328e-11	9.53679e-05	-1.52589e-05	9.72752e-05	-7.224
932.8133	10.86	7.2450318e-11	8.10628e-05	5.72208e-06	7.82018e-05	0.492
934.2859	10.864	7.247700320000001e-11	5.53133e-05	-1.04905e-05	4.76839e-05	10.824
935.7689	10.868	7.25036884e-11	9.25069e-05	2.19346e-05	9.72752e-05	10.476
937.2314	10.872	7.253037359999999e-11	9.82289e-05	3.81473e-06	9.05995e-05	3.036
938.6842	10.876	7.255705879999999e-11	0.000112534	3.52862e-05	0.000116349	20.748
940.1513	10.88	7.2583744e-11	8.48775e-05	-2.00273e-05	8.77385e-05	-13.41
941.6313	10.884	7.26104292e-11	3.81472e-05	9.5368e-06	3.52862e-05	17.022
943.3338	10.888	7.26371144e-11	8.39238e-05	5.6267e-05	0.000102044	30.84
944.7919	10.892	7.26637996e-11	7.24797e-05	-2.9564e-05	7.53407e-05	-30.114
946.248	10.896	7.26904848e-11	6.19893e-05	4.57766e-05	7.82018e-05	33.414
947.7166	10.9	7.271717e-11	8.77385e-05	-2.6703e-05	9.44142e-05	-18.432
949.1709	10.904	7.27438552e-11	7.91554e-05	-3.14715e-05	7.72481e-05	-24.276
950.9004	10.908	7.277054039999999e-11	3.24252e-05	-2.00273e-05	4.19619e-05	-30.066
952.3574	10.912	7.27972256e-11	6.19893e-05	-2.28883e-05	6.38966e-05	-20.412
953.8494	10.916	7.28239108e-11	5.81744e-05	-4.29156e-05	6.77113e-05	-39.804
955.5392	10.92	7.2850596e-11	7.43871e-05	-2.19346e-05	7.43871e-05	-18.594
957.0159	10.924	7.287728119999999e-11	6.19893e-05	2.57493e-05	6.2943e-05	26.286
958.4644	10.928	7.29039664e-11	7.53407e-05	0.0	7.91554e-05	0.474
959.9417	10.932	7.29306516e-11	0.000129701	-2.9564e-05	0.000135423	-12.804
961.3923	10.936	7.29573368e-11	8.39238e-05	-1.14442e-05	8.48775e-05	-12.96
962.8513	10.94	7.2984022e-11	7.1526e-05	-2.0981e-05	7.43871e-05	-20.556
964.323	10.944	7.30107072e-11	8.86922e-05	-4.29156e-05	9.91826e-05	-23.808
965.7738	10.948	7.30373924e-11	9.44142e-05	-6.38966e-05	0.000106812	-36.0
967.4718	10.952	7.306407759999999e-11	6.77113e-05	-6.2943e-05	9.05995e-05	-41.736
968.9218	10.956	7.309076279999999e-11	7.24797e-05	0.0	7.43871e-05	0.504
970.3993	10.96	7.3117448e-11	7.05724e-05	-3.62399e-05	8.39238e-05	-24.774
971.8802	10.964	7.31441332e-11	8.39238e-05	-1.04905e-05	8.10628e-05	-11.13
973.5997	10.968	7.31708184e-11	9.53679e-05	-2.47956e-05	0.000103951	-13.074
975.0666	10.972	7.31975036e-11	0.000121117	-3.81473e-06	0.00011921	-0.33
976.5691	10.976	7.322418880000001e-11	0.000115395	1.90736e-06	0.000110627	-1.062
978.0215	10.98	7.325087399999999e-11	0.000105858	-1.62126e-05	0.000105858	-9.342
979.4939	10.984	7.327755919999999e-11	9.53679e-05	-9.53682e-07	7.82018e-05	-1.56
980.9653	10.988	7.330424439999999e-11	9.25069e-05	-1.62126e-05	9.53679e-05	-9.528
982.4526	10.992	7.33309296e-11	0.000118256	1.04905e-05	0.000124932	4.764
983.9105	10.996	7.33576148e-11	0.000105858	6.67575e-06	0.000107766	6.114
985.6511	11.0	7.33843e-11	0.000107766	-9.5368e-06	0.00010109	-5.904
987.1233	11.004	7.34109852e-11	0.00012684	-2.86104e-06	0.000131608	-1.692
988.6096	11.008	7.343767039999999e-11	0.000104905	6.67575e-06	0.000105858	6.258
990.0641	11.012	7.34643556e-11	1.33515e-05	1.04905e-05	1.90736e-05	12.204
991.5542	11.016	7.34910408e-11	8.86922e-05	-4.38693e-05	0.000107766	-25.164
993.2656	11.02	7.351772599999999e-11	4.57766e-05	-2.86104e-06	4.95913e-05	-14.4
994.721	11.024	7.354441119999999e-11	6.38966e-05	-5.9128e-05	8.39238e-05	-42.396
996.1827	11.028	7.35710964e-11	3.05178e-05	-4.67303e-05	4.95913e-05	-70.56
997.6524	11.032	7.35977816e-11	5.24523e-05	-2.86104e-06	5.24523e-05	1.434
999.1226	11.036	7.36244668e-11	2.6703e-05	-5.6267e-05	6.19893e-05	-51.342
1000.5943	11.04	7.365115199999999e-11	6.00817e-05	-2.86104e-06	5.43597e-05	-0.726
1002.027	11.044	7.36778372e-11	5.72207e-05	-4.19619e-05	7.05724e-05	-37.404
1003.5166	11.048	7.37045224e-11	1.23978e-05	2.57493e-05	2.0981e-05	62.526
1005.0074	11.052	7.37312076e-11	8.10628e-05	-1.14442e-05	8.10628e-05	-11.604
1006.4792	11.056	7.375789279999998e-11	5.9128e-05	-1.71663e-05	6.38966e-05	-18.252
1007.9623	11.06	7.3784578e-11	3.52862e-05	-2.86104e-06	3.05178e-05	-13.446
1009.4156	11.064	7.38112632e-11	4.29156e-05	-1.81199e-05	3.91009e-05	-23.334
1011.1514	11.068	7.383794839999999e-11	4.86376e-05	-4.67303e-05	6.5804e-05	-45.0
1012.6199	11.072	7.386463359999999e-11	1.62126e-05	1.62126e-05	1.90736e-05	60.75
1014.0917	11.076	7.38913188e-11	8.39238e-05	-2.6703e-05	8.77385e-05	-18.984
1015.5729	11.08	7.3918004e-11	8.58313e-06	7.62945e-06	1.04905e-05	68.964
1017.0475	11.084	7.39446892e-11	-1.81199e-05	-2.47956e-05	2.86103e-05	-117.822
1018.5175	11.088	7.39713744e-11	5.72208e-06	-3.71935e-05	3.52862e-05	-87.666
1019.9943	11.092	7.39980596e-11	5.72208e-06	-4.19619e-05	4.76839e-05	-73.74
1021.4301	11.096	7.402474479999999e-11	-1.71663e-05	1.23978e-05	2.0981e-05	146.31
1023.154	11.1	7.405142999999999e-11	-5.72208e-06	-3.05178e-05	3.05178e-05	-119.43
1024.6121	11.104	7.407811519999999e-11	-2.9564e-05	1.14442e-05	3.24252e-05	155.556
1026.073	11.108	7.41048004e-11	1.81199e-05	2.47956e-05	3.33788e-05	61.146
1027.5448	11.112	7.41314856e-11	-1.62126e-05	3.71935e-05	3.81472e-05	99.636
1028.9945	11.116	7.41581708e-11	-4.29156e-05	2.9564e-05	4.67303e-05	129.804
1030.4686	11.12	7.4184856e-11	-1.81199e-05	1.90736e-05	2.3842e-05	105.948
1031.9014	11.124	7.42115412e-11	-2.47956e-05	8.20165e-05	8.58312e-05	105.882
1033.6287	11.128	7.423822639999999e-11	-1.33515e-05	3.52862e-05	3.52862e-05	99.462
1035.1078	11.132	7.426491159999999e-11	9.5368e-06	-4.7684e-06	1.33515e-05	-25.2
1036.5874	11.136	7.429159679999999e-11	-1.90736e-05	3.71935e-05	4.00546e-05	110.556
1038.0489	11.14	7.4318282e-11	-1.43052e-05	9.15532e-05	9.44142e-05	99.198
1039.5152	11.144	7.43449672e-11	1.71663e-05	7.34334e-05	8.10628e-05	76.074
1041.2397	11.148	7.43716524e-11	3.71935e-05	2.19346e-05	3.91009e-05	34.248
1042.7021	11.152	7.439833759999999e-11	9.5368e-06	5.24523e-05	5.72207e-05	75.81
1044.1559	11.156	7.44250228e-11	4.10082e-05	4.67303e-05	6.38966e-05	45.426
1045.6087	11.16	7.4451708e-11	4.10082e-05	7.05724e-05	7.91554e-05	62.796
1047.0814	11.164	7.447839319999999e-11	5.24523e-05	9.15532e-05	0.00011158	56.844
1048.5337	11.168	7.450507839999999e-11	4.57766e-05	8.67848e-05	9.91826e-05	61.392
1050.0132	11.172	7.45317636e-11	6.96187e-05	0.000107766	0.000127793	59.958
1051.4817	11.176	7.45584488e-11	3.91009e-05	0.000105858	0.000116349	61.68
1053.1752	11.18	7.458513399999999e-11	6.5804e-05	7.24797e-05	0.000100136	42.3
1054.6618	11.184	7.461181919999999e-11	6.5804e-05	0.000102044	0.00011921	60.822
1056.1537	11.188	7.46385044e-11	4.38693e-05	0.000110627	0.00011921	68.916
1057.6092	11.192	7.46651896e-11	3.71935e-05	3.81472e-05	5.72207e-05	45.0
1059.0783	11.196	7.46918748e-11	1.14442e-05	7.43871e-05	7.24797e-05	82.092
1060.5498	11.2	7.471856e-11	3.05178e-05	7.82018e-05	7.91554e-05	72.348
1062.0217	11.204	7.47452452e-11	3.91009e-05	4.86376e-05	5.9128e-05	57.726
1063.5048	11.208	7.47719304e-11	2.57493e-05	4.76839e-05	5.72207e-05	55.008
1064.9468	11.212	7.479861559999999e-11	1.52589e-05	3.24252e-05	3.52862e-05	56.634
1066.3981	11.216	7.482530079999999e-11	3.52862e-05	3.71935e-05	5.14986e-05	49.638
1067.8589	11.22	7.4851986e-11	3.05178e-05	3.81473e-06	3.05178e-05	22.038
1069.3247	11.224	7.48786712e-11	2.9564e-05	-5.3406e-05	6.19893e-05	-53.13
1071.0534	11.228	7.49053564e-11	6.5804e-05	-2.47956e-05	6.8665e-05	-17.556
1072.5107	11.232	7.49320416e-11	5.72207e-05	-4.29156e-05	7.05724e-05	-35.79
1073.9794	11.236	7.49587268e-11	6.19893e-05	-6.67577e-05	9.44142e-05	-38.538
1075.4567	11.24	7.498541199999999e-11	6.96187e-05	-9.5368e-06	6.8665e-05	-13.518
1076.9119	11.244	7.501209719999999e-11	8.10628e-05	-6.19893e-05	9.91826e-05	-36.054
1078.3945	11.248	7.503878239999999e-11	0.000105858	-4.10082e-05	9.91826e-05	-13.218
1079.8532	11.252	7.50654676e-11	0.000112534	-6.96187e-05	0.000136376	-26.442
1081.3226	11.256	7.50921528e-11	0.00010109	-4.67303e-05	0.000112534	-23.826
1083.0339	11.26	7.5118838e-11	0.000107766	-2.9564e-05	0.000107766	-17.046
1084.5267	11.264	7.51455232e-11	0.00013733	-4.67303e-05	0.000146867	-16.818
1085.9981	11.268	7.51722084e-11	0.000109673	-2.86104e-06	0.000102044	0.0
1087.4824	11.272	7.51988936e-11	9.91826e-05	-1.71663e-05	0.000102044	-9.822
1088.9535	11.276	7.522557879999999e-11	9.25069e-05	-1.04905e-05	0.000109673	-4.374
1090.4358	11.28	7.525226399999999e-11	0.000115395	-1.71663e-05	0.00011158	-9.462
1091.9277	11.284	7.52789492e-11	9.91826e-05	2.86103e-05	9.34605e-05	14.85
1093.4264	11.288	7.53056344e-11	8.77385e-05	3.24252e-05	0.000103951	20.838
1095.1266	11.292	7.53323196e-11	5.9128e-05	3.91009e-05	7.24797e-05	30.786
1096.5694	11.296	7.535900479999999e-11	5.72207e-05	3.81473e-06	6.00817e-05	3.048
1098.0672	11.3	7.538569e-11	6.10356e-05	5.53133e-05	8.20165e-05	40.452
1099.5381	11.304	7.54123752e-11	3.62399e-05	2.3842e-05	4.57766e-05	51.804
1101.2654	11.308	7.54390604e-11	3.71935e-05	5.72207e-05	6.48503e-05	44.13
1102.7266	11.312	7.546574559999999e-11	4.48229e-05	2.76567e-05	5.6267e-05	30.966
1104.2074	11.316	7.54924308e-11	2.6703e-05	4.48229e-05	5.24523e-05	60.522
1105.6666	11.32	7.5519116e-11	1.14442e-05	4.95913e-05	5.14986e-05	80.076
1107.1404	11.324	7.554580119999999e-11	2.19346e-05	4.19619e-05	5.3406e-05	62.526
1108.8451	11.328	7.557248639999999e-11	1.04905e-05	8.58313e-06	1.62126e-05	2.118
1110.3061	11.332	7.55991716e-11	-1.04905e-05	3.71935e-05	4.19619e-05	120.066
1111.7751	11.336	7.56258568e-11	-2.28883e-05	-9.5368e-06	2.00273e-05	-144.462
1113.2289	11.34	7.5652542e-11	-2.86104e-06	-3.81472e-05	3.62399e-05	-98.586
1114.701	11.344	7.56792272e-11	1.14442e-05	-4.19619e-05	4.10082e-05	-73.392
1116.1684	11.348	7.57059124e-11	1.52589e-05	-1.33515e-05	1.52589e-05	-67.164
1117.639	11.352	7.57325976e-11	7.62945e-06	-4.67303e-05	4.76839e-05	-85.362
1119.1317	11.356	7.575928279999999e-11	3.33788e-05	-6.67577e-05	7.24797e-05	-62.73
1120.5853	11.36	7.578596799999999e-11	8.58313e-06	-5.6267e-05	5.53133e-05	-76.638
1122.086	11.364	7.58126532e-11	3.91009e-05	-2.47956e-05	4.95913e-05	-34.284
1123.5623	11.368	7.58393384e-11	4.86376e-05	-2.6703e-05	5.9128e-05	-29.982
1125.0351	11.372	7.58660236e-11	3.24252e-05	-2.0981e-05	4.95913e-05	-26.856
1126.516	11.376	7.58927088e-11	2.57493e-05	-5.81744e-05	5.9128e-05	-75.354
1127.9895	11.38	7.591939400000001e-11	6.77113e-05	-1.62126e-05	5.81744e-05	-9.924
1129.4623	11.384	7.594607919999999e-11	7.1526e-05	6.67575e-06	7.62944e-05	10.26
1131.1528	11.388	7.597276439999999e-11	6.10356e-05	-2.0981e-05	6.5804e-05	-19.884
1132.6323	11.392	7.599944959999999e-11	5.43597e-05	2.19346e-05	6.10356e-05	18.63
1134.0838	11.396	7.60261348e-11	1.71663e-05	2.86103e-05	3.43325e-05	47.292
1135.5563	11.4	7.605282e-11	2.3842e-05	1.52589e-05	2.86103e-05	42.276
1137.0281	11.404	7.60795052e-11	5.6267e-05	1.52589e-05	6.00817e-05	18.636
1138.5161	11.408	7.61061904e-11	3.81473e-06	1.62126e-05	1.04905e-05	125.538
1139.9988	11.412	7.61328756e-11	-5.72208e-06	4.57766e-05	5.14986e-05	108.216
1141.4843	11.416	7.61595608e-11	-1.04905e-05	4.86376e-05	5.24523e-05	98.796
1143.1818	11.42	7.6186246e-11	-1.90736e-06	3.62399e-05	3.71935e-05	69.102
1144.6554	11.424	7.621293119999999e-11	-1.71663e-05	2.6703e-05	3.91009e-05	144.564
1146.1066	11.428	7.62396164e-11	1.43052e-05	3.43325e-05	3.62399e-05	66.798
1147.5808	11.432	7.62663016e-11	-3.81473e-06	5.81744e-05	6.00817e-05	99.864
1149.0168	11.436	7.62929868e-11	4.7684e-06	9.5368e-06	1.23978e-05	52.596
1150.507	11.44	7.631967199999999e-11	6.67575e-06	2.86103e-05	2.86103e-05	62.742
1151.9445	11.444	7.63463572e-11	3.24252e-05	-1.62126e-05	3.43325e-05	-22.008
1153.4234	11.448	7.63730424e-11	1.52589e-05	-3.62399e-05	4.19619e-05	-50.298
1154.8854	11.452	7.63997276e-11	-1.14442e-05	-2.6703e-05	2.76567e-05	-102.678
1156.3417	11.456	7.64264128e-11	2.19346e-05	-4.19619e-05	5.43597e-05	-59.37
1157.7963	11.46	7.6453098e-11	2.9564e-05	-3.05178e-05	3.81472e-05	-52.122
1159.2675	11.464	7.64797832e-11	-1.43052e-05	-5.3406e-05	5.3406e-05	-100.752
1161.0156	11.468	7.650646839999999e-11	-9.5368e-06	-5.14986e-05	4.48229e-05	-93.69
1162.4877	11.472	7.653315359999999e-11	-2.57493e-05	-4.48229e-05	5.43597e-05	-120.966
1163.9593	11.476	7.65598388e-11	3.52862e-05	-4.67303e-05	5.72207e-05	-58.476
1165.4273	11.48	7.6586524e-11	-3.81473e-06	-1.14442e-05	1.04905e-05	-93.576
1166.8959	11.484	7.66132092e-11	-2.28883e-05	-5.14986e-05	4.95913e-05	-107.928
1168.6454	11.488	7.66398944e-11	-3.71935e-05	-9.53682e-07	2.86103e-05	-169.56
1170.0973	11.492	7.666657960000001e-11	-2.0981e-05	-3.81472e-05	4.38693e-05	-122.988
1171.5718	11.496	7.669326479999999e-11	1.14442e-05	-2.00273e-05	2.3842e-05	-59.532
1173.3106	11.5	7.671994999999999e-11	-5.6267e-05	-1.33515e-05	5.3406e-05	-159.36
1174.7662	11.504	7.674663519999999e-11	-5.3406e-05	1.90736e-05	6.19893e-05	165.528
1176.2406	11.508	7.677332039999999e-11	-4.67303e-05	8.58313e-06	5.14986e-05	-174.144
1177.7227	11.512	7.68000056e-11	-2.6703e-05	9.5368e-06	2.28883e-05	142.122
1179.2193	11.516	7.68266908e-11	-4.48229e-05	-1.23978e-05	4.48229e-05	-160.71
1180.7067	11.52	7.6853376e-11	-2.86104e-06	1.62126e-05	2.19346e-05	96.954
1182.1395	11.524	7.68800612e-11	-1.62126e-05	-2.9564e-05	3.52862e-05	-120.966
1183.5998	11.528	7.69067464e-11	1.71663e-05	-2.3842e-05	3.05178e-05	-54.06
1185.0499	11.532	7.693343159999999e-11	3.24252e-05	-2.9564e-05	4.86376e-05	-38.076
1186.5384	11.536	7.696011679999999e-11	3.71935e-05	-2.76567e-05	4.38693e-05	-24.588
1187.9917	11.54	7.698680199999999e-11	1.90736e-06	0.0	9.5368e-06	23.202
1189.4504	11.544	7.70134872e-11	7.72481e-05	-6.10356e-05	9.91826e-05	-43.668
1191.1739	11.548	7.70401724e-11	2.28883e-05	-3.14715e-05	4.10082e-05	-42.336
1192.6632	11.552	7.70668576e-11	3.43325e-05	2.3842e-05	4.48229e-05	15.036
1194.1015	11.556	7.709354279999999e-11	4.76839e-05	-4.38693e-05	6.00817e-05	-39.804
1195.5739	11.56	7.7120228e-11	3.14715e-05	-1.62126e-05	2.47956e-05	-29.478
1197.0754	11.564	7.71469132e-11	-3.05178e-05	5.72208e-06	3.14715e-05	171.162
1198.824	11.568	7.71735984e-11	-9.5368e-06	-6.67575e-06	1.23978e-05	-148.572
1200.2658	11.572	7.720028359999999e-11	-1.62126e-05	2.47956e-05	3.33788e-05	135.0
1201.7356	11.576	7.72269688e-11	1.90736e-06	1.62126e-05	1.71663e-05	95.904
1203.4783	11.58	7.7253654e-11	-4.00546e-05	5.72208e-06	4.48229e-05	-167.904
1204.9322	11.584	7.728033919999999e-11	-9.53679e-05	0.0	9.25069e-05	-177.894
1206.4229	11.588	7.730702439999999e-11	-5.0545e-05	-1.52589e-05	5.24523e-05	-177.066
1207.8923	11.592	7.73337096e-11	-3.62399e-05	-2.9564e-05	4.19619e-05	-141.792
1209.3643	11.596	7.73603948e-11	-2.28883e-05	-9.53682e-07	2.3842e-05	-175.236
1210.8355	11.6	7.738708e-11	-8.20165e-05	-4.10082e-05	9.82289e-05	-152.064
1212.301	11.604	7.74137652e-11	-4.57766e-05	-2.28883e-05	4.86376e-05	-154.932
1213.8091	11.608	7.74404504e-11	-2.00273e-05	-4.7684e-06	2.0981e-05	-171.87
1215.2903	11.612	7.746713559999999e-11	-1.33515e-05	-3.91009e-05	4.29156e-05	-110.184
1216.7509	11.616	7.749382079999999e-11	2.86103e-05	-5.81744e-05	6.48503e-05	-60.774
1218.2315	11.62	7.752050599999999e-11	3.24252e-05	-4.00546e-05	5.0545e-05	-54.888
1219.7097	11.624	7.75471912e-11	1.90736e-06	-3.14715e-05	2.76567e-05	-74.748
1221.4083	11.628	7.75738764e-11	3.81473e-06	-3.81472e-05	3.62399e-05	-80.178
1222.8943	11.632	7.76005616e-11	1.90736e-06	-6.8665e-05	6.8665e-05	-79.446
1224.3261	11.636	7.76272468e-11	4.10082e-05	-7.91554e-05	8.67848e-05	-61.032
1225.7983	11.64	7.7653932e-11	6.48503e-05	-6.2943e-05	8.39238e-05	-48.9
1227.238	11.644	7.768061719999999e-11	6.10356e-05	-5.53133e-05	8.29701e-05	-43.38
1228.7068	11.648	7.770730239999999e-11	2.47956e-05	-2.3842e-05	3.62399e-05	-40.914
1230.151	11.652	7.773398759999999e-11	6.48503e-05	-5.81744e-05	8.20165e-05	-44.328
1231.6375	11.656	7.77606728e-11	4.38693e-05	2.57493e-05	6.5804e-05	32.226
1233.3296	11.66	7.7787358e-11	9.53682e-07	-9.5368e-06	1.33515e-05	-60.522
1234.8077	11.664	7.78140432e-11	1.71663e-05	2.57493e-05	4.00546e-05	51.984
1236.278	11.668	7.784072839999999e-11	1.71663e-05	-2.86104e-06	3.05178e-05	1.062
1237.72	11.672	7.78674136e-11	4.29156e-05	2.19346e-05	4.95913e-05	23.1
1239.1873	11.676	7.78940988e-11	2.3842e-05	6.38966e-05	6.77113e-05	71.214
1240.9495	11.68	7.792078399999999e-11	2.86103e-05	6.48503e-05	6.8665e-05	53.016
1242.4008	11.684	7.794746919999999e-11	2.3842e-05	5.9128e-05	6.19893e-05	72.942
1243.8592	11.688	7.79741544e-11	3.14715e-05	6.19893e-05	7.24797e-05	58.77
1245.3107	11.692	7.80008396e-11	2.86103e-05	2.19346e-05	3.81472e-05	26.994
1246.7678	11.696	7.80275248e-11	2.6703e-05	3.24252e-05	4.19619e-05	31.8
1248.2559	11.7	7.805420999999999e-11	7.05724e-05	2.3842e-05	7.1526e-05	19.734
1249.7092	11.704	7.80808952e-11	7.24797e-05	0.0	7.05724e-05	0.552
1251.4176	11.708	7.81075804e-11	5.43597e-05	-2.47956e-05	4.86376e-05	-29.22
1252.9075	11.712	7.81342656e-11	7.05724e-05	-1.14442e-05	6.38966e-05	-4.548
1254.3647	11.716	7.81609508e-11	8.01091e-05	-7.62945e-06	8.48775e-05	-3.846
1255.8474	11.72	7.8187636e-11	5.43597e-05	-9.5368e-06	5.43597e-05	-16.038
1257.3032	11.724	7.82143212e-11	1.90736e-05	1.23978e-05	2.47956e-05	15.522
1259.0341	11.728	7.824100639999999e-11	4.57766e-05	1.90736e-05	4.48229e-05	31.122
1260.508	11.732	7.826769159999999e-11	1.52589e-05	1.43052e-05	2.3842e-05	22.62
1261.9643	11.736	7.82943768e-11	1.90736e-05	4.7684e-06	1.33515e-05	-8.97
1263.6912	11.74	7.8321062e-11	-9.5368e-06	2.86104e-06	1.33515e-05	170.136
1265.1618	11.744	7.83477472e-11	-9.5368e-06	1.23978e-05	1.52589e-05	119.748
1266.6034	11.748	7.83744324e-11	1.90736e-05	0.0	1.90736e-05	10.494
1268.0848	11.752	7.84011176e-11	-1.33515e-05	1.62126e-05	1.90736e-05	136.47
1269.5724	11.756	7.842780279999999e-11	-8.67848e-05	-1.04905e-05	7.53407e-05	-169.41
1271.2678	11.76	7.845448799999999e-11	-3.05178e-05	0.0	2.57493e-05	160.644
1272.7366	11.764	7.848117319999999e-11	-3.52862e-05	-4.29156e-05	5.24523e-05	-120.102
1274.2072	11.768	7.85078584e-11	-2.9564e-05	-2.00273e-05	2.76567e-05	-143.43
1275.6867	11.772	7.85345436e-11	3.52862e-05	-1.43052e-05	3.62399e-05	-17.748
1277.1574	11.776	7.85612288e-11	-2.00273e-05	-6.67577e-05	6.2943e-05	-103.242
1278.658	11.78	7.8587914e-11	1.23978e-05	-7.62944e-05	7.91554e-05	-81.0
1280.1128	11.784	7.86145992e-11	2.28883e-05	-4.19619e-05	4.86376e-05	-57.828
1281.8357	11.788	7.86412844e-11	5.3406e-05	3.81473e-06	5.6267e-05	0.0
1283.322	11.792	7.866796959999999e-11	8.20165e-05	-2.0981e-05	8.20165e-05	-16.338
1284.7808	11.796	7.869465479999999e-11	6.96187e-05	-4.7684e-06	7.82018e-05	-3.312
1286.2662	11.8	7.872134e-11	4.57766e-05	-2.9564e-05	5.24523e-05	-30.204
1287.7536	11.804	7.87480252e-11	6.5804e-05	-2.76567e-05	7.24797e-05	-27.51
1289.5123	11.808	7.87747104e-11	4.19619e-05	-9.5368e-06	4.38693e-05	-30.258
1290.9685	11.812	7.880139559999999e-11	3.05178e-05	1.90736e-06	3.43325e-05	14.298
1292.4612	11.816	7.88280808e-11	3.91009e-05	-6.67575e-06	4.57766e-05	-14.982
1293.9155	11.82	7.8854766e-11	1.62126e-05	4.38693e-05	4.67303e-05	58.338
1295.4059	11.824	7.88814512e-11	9.53682e-07	3.81473e-06	5.72208e-06	21.036
1297.112	11.828	7.890813639999999e-11	-6.67575e-06	3.52862e-05	3.33788e-05	107.28
1298.5851	11.832	7.89348216e-11	-2.47956e-05	2.3842e-05	2.47956e-05	106.188
1300.0449	11.836	7.89615068e-11	-3.91009e-05	2.19346e-05	3.33788e-05	165.648
1301.4944	11.84	7.8988192e-11	-2.76567e-05	1.90736e-06	2.3842e-05	-178.314
1302.9513	11.844	7.901487719999999e-11	-6.19893e-05	7.82018e-05	0.000103951	130.986
1304.402	11.848	7.90415624e-11	-5.9128e-05	1.71663e-05	6.48503e-05	162.474
1305.8907	11.852	7.90682476e-11	-1.81199e-05	4.10082e-05	4.57766e-05	130.872
1307.3488	11.856	7.90949328e-11	-2.47956e-05	2.19346e-05	2.9564e-05	142.854
1309.0909	11.86	7.9121618e-11	-4.00546e-05	1.23978e-05	4.00546e-05	153.888
1310.5469	11.864	7.91483032e-11	-5.3406e-05	2.0981e-05	5.53133e-05	163.77
1312.0217	11.868	7.91749884e-11	-5.9128e-05	0.0	5.14986e-05	176.136
1313.4735	11.872	7.920167359999999e-11	-4.57766e-05	-3.91009e-05	5.72207e-05	-135.0
1314.9486	11.876	7.922835879999999e-11	1.04905e-05	-6.19893e-05	6.38966e-05	-71.376
1316.4288	11.88	7.9255044e-11	-1.90736e-05	-6.2943e-05	6.19893e-05	-92.388
1317.9221	11.884	7.92817292e-11	6.67575e-06	-3.81472e-05	4.57766e-05	-79.14
1319.6112	11.888	7.93084144e-11	8.58313e-06	-3.14715e-05	3.05178e-05	-76.296
1321.0907	11.892	7.93350996e-11	1.52589e-05	-5.3406e-05	5.72207e-05	-81.96
1322.5706	11.896	7.936178480000001e-11	2.28883e-05	-6.2943e-05	6.38966e-05	-75.192
1324.0596	11.9	7.938846999999999e-11	3.05178e-05	-3.81472e-05	4.67303e-05	-35.64
1325.5138	11.904	7.941515519999999e-11	4.86376e-05	-3.52862e-05	6.10356e-05	-41.988
1327.2609	11.908	7.944184039999999e-11	5.24523e-05	-4.00546e-05	7.05724e-05	-43.47
1328.7121	11.912	7.94685256e-11	5.53133e-05	0.0	3.91009e-05	-1.122
1330.1841	11.916	7.94952108e-11	0.000102997	1.71663e-05	0.000110627	8.268
1331.893	11.92	7.9521896e-11	7.43871e-05	-6.67575e-06	7.72481e-05	-4.398
1333.3685	11.924	7.95485812e-11	5.72207e-05	8.58313e-06	5.0545e-05	7.908
1334.8228	11.928	7.95752664e-11	5.0545e-05	7.82018e-05	9.44142e-05	56.976
1336.2986	11.932	7.96019516e-11	1.90736e-05	5.0545e-05	6.2943e-05	68.718
1337.7492	11.936	7.962863679999999e-11	6.5804e-05	4.7684e-06	5.72207e-05	5.574
1339.515	11.94	7.965532199999999e-11	3.52862e-05	3.81473e-06	4.48229e-05	3.972
1340.9858	11.944	7.96820072e-11	3.24252e-05	8.01091e-05	8.48775e-05	66.858
1342.4572	11.948	7.97086924e-11	1.43052e-05	6.67577e-05	7.1526e-05	83.886
1343.8972	11.952	7.97353776e-11	2.86103e-05	8.77385e-05	9.25069e-05	70.266
1345.3971	11.956	7.976206279999999e-11	3.24252e-05	2.9564e-05	4.00546e-05	59.196
1346.8483	11.96	7.9788748e-11	1.43052e-05	5.24523e-05	5.3406e-05	69.954
1348.3352	11.964	7.98154332e-11	4.57766e-05	3.52862e-05	5.9128e-05	46.788
1350.0536	11.968	7.98421184e-11	4.67303e-05	-2.9564e-05	5.72207e-05	-27.132
1351.5478	11.972	7.98688036e-11	2.86103e-05	9.5368e-06	2.3842e-05	31.506
1353.0265	11.976	7.98954888e-11	2.3842e-05	-9.5368e-06	2.86103e-05	-22.89
1354.512	11.98	7.9922174e-11	3.33788e-05	-2.3842e-05	3.71935e-05	-28.524
1355.9866	11.984	7.994885919999999e-11	1.90736e-06	2.19346e-05	2.0981e-05	117.348
1357.7266	11.988	7.997554439999999e-11	-2.00273e-05	-2.86104e-06	2.19346e-05	178.266
1359.1786	11.992	8.00022296e-11	-1.14442e-05	-2.6703e-05	2.86103e-05	-119.58
1360.6365	11.996	8.00289148e-11	1.33515e-05	-3.14715e-05	3.24252e-05	-63.438
1362.0874	12.0	8.00556e-11	6.67575e-06	-5.81744e-05	5.6267e-05	-82.17
1363.5775	12.004	8.00822852e-11	-2.00273e-05	-7.82018e-05	8.20165e-05	-109.866
1365.0338	12.008	8.01089704e-11	9.53682e-07	-2.6703e-05	2.57493e-05	-69.276
1366.4914	12.012	8.01356556e-11	-6.48503e-05	-5.81744e-05	8.67848e-05	-137.466
1367.9425	12.016	8.016234079999999e-11	-4.67303e-05	-4.48229e-05	6.5804e-05	-138.18
1369.6549	12.02	8.018902599999999e-11	-3.81472e-05	-2.47956e-05	3.91009e-05	-144.348
1371.1107	12.024	8.021571119999999e-11	-4.19619e-05	-4.57766e-05	5.9128e-05	-127.128
1372.5962	12.028	8.02423964e-11	2.00273e-05	-1.71663e-05	2.9564e-05	-46.548
1374.074	12.032	8.02690816e-11	-1.04905e-05	-2.9564e-05	3.33788e-05	-109.134
1375.5561	12.036	8.02957668e-11	3.81473e-06	-3.14715e-05	3.05178e-05	-102.906
1377.0431	12.04	8.0322452e-11	5.6267e-05	-1.71663e-05	5.24523e-05	-30.582
1378.5138	12.044	8.03491372e-11	4.95913e-05	-2.47956e-05	5.24523e-05	-27.9
1380.2327	12.048	8.037582239999999e-11	4.67303e-05	9.5368e-06	4.00546e-05	4.926
1381.7024	12.052	8.040250759999999e-11	2.86103e-05	-3.33788e-05	4.57766e-05	-42.168
1383.1743	12.056	8.042919279999999e-11	2.86103e-05	-1.14442e-05	2.57493e-05	-29.538
1384.6414	12.06	8.0455878e-11	4.19619e-05	-4.86376e-05	5.53133e-05	-54.462
1386.113	12.064	8.04825632e-11	2.9564e-05	-3.62399e-05	4.19619e-05	-51.792
1387.8387	12.068	8.05092484e-11	1.90736e-06	5.72208e-06	7.62945e-06	65.556
1389.2954	12.072	8.053593359999999e-11	2.86104e-06	-1.90736e-05	1.81199e-05	-66.252
1390.7633	12.076	8.05626188e-11	2.28883e-05	2.00273e-05	3.14715e-05	40.602
1392.4816	12.08	8.0589304e-11	-1.81199e-05	1.90736e-05	3.05178e-05	137.49
1393.9293	12.084	8.061598919999999e-11	-2.19346e-05	5.24523e-05	5.0545e-05	106.296
1395.3902	12.088	8.064267439999999e-11	-2.6703e-05	1.04905e-05	2.57493e-05	155.322
1396.8481	12.092	8.06693596e-11	5.72208e-06	2.00273e-05	2.00273e-05	72.756
1398.3152	12.096	8.06960448e-11	3.52862e-05	1.52589e-05	3.52862e-05	38.16
1400.0285	12.1	8.072272999999999e-11	5.72208e-06	8.58313e-06	1.14442e-05	40.236
1401.5098	12.104	8.074941519999999e-11	-3.33788e-05	-3.81473e-06	3.05178e-05	-166.908
1402.99	12.108	8.07761004e-11	2.57493e-05	-2.6703e-05	2.9564e-05	-42.276
1404.4405	12.112	8.08027856e-11	0.0	-1.14442e-05	1.23978e-05	-81.03
1405.9118	12.116	8.08294708e-11	-3.81473e-06	-2.9564e-05	3.05178e-05	-121.158
1407.3879	12.12	8.0856156e-11	-3.14715e-05	-1.62126e-05	3.24252e-05	-163.884
1408.8404	12.124	8.08828412e-11	-2.9564e-05	-1.71663e-05	2.9564e-05	-164.406
1410.5499	12.128	8.090952639999999e-11	-3.14715e-05	-4.86376e-05	5.9128e-05	-120.432
1412.001	12.132	8.093621159999999e-11	-5.9128e-05	-7.34334e-05	9.05995e-05	-130.416
1413.4596	12.136	8.096289679999999e-11	-7.24797e-05	-5.81744e-05	8.96459e-05	-134.1
1414.9129	12.14	8.0989582e-11	-2.6703e-05	-3.05178e-05	3.62399e-05	-125.79
1416.4018	12.144	8.10162672e-11	-4.67303e-05	-3.14715e-05	5.0545e-05	-139.992
1417.8873	12.148	8.10429524e-11	-3.24252e-05	-2.3842e-05	3.52862e-05	-157.992
1419.3774	12.152	8.10696376e-11	-5.81744e-05	-4.86376e-05	7.62944e-05	-136.044
1420.8636	12.156	8.109632279999999e-11	-5.81744e-05	-6.00817e-05	8.10628e-05	-141.732
1422.589	12.16	8.112300799999999e-11	-3.33788e-05	-7.43871e-05	8.58312e-05	-113.142
1424.0473	12.164	8.114969319999999e-11	9.5368e-06	-5.14986e-05	5.3406e-05	-69.36
1425.5232	12.168	8.117637839999999e-11	9.5368e-06	-4.19619e-05	3.81472e-05	-83.772
1426.9733	12.172	8.12030636e-11	4.86376e-05	-5.14986e-05	7.05724e-05	-44.256
1428.4292	12.176	8.12297488e-11	5.72208e-06	-5.81744e-05	5.9128e-05	-84.474
1430.1713	12.18	8.1256434e-11	2.76567e-05	-4.67303e-05	5.24523e-05	-69.36
1431.648	12.184	8.12831192e-11	4.95913e-05	-3.33788e-05	6.48503e-05	-23.73
1433.1137	12.188	8.13098044e-11	3.14715e-05	-7.62944e-05	7.62944e-05	-74.838
1434.5678	12.192	8.13364896e-11	2.0981e-05	-3.62399e-05	3.81472e-05	-68.748
1436.0237	12.196	8.136317479999999e-11	9.5368e-06	-3.33788e-05	3.33788e-05	-53.364
1437.5124	12.2	8.138985999999999e-11	5.14986e-05	0.0	4.38693e-05	-0.924
1439.0143	12.204	8.14165452e-11	5.72208e-06	-9.5368e-06	7.62945e-06	-90.0
1440.7625	12.208	8.14432304e-11	-5.72208e-06	-2.28883e-05	1.81199e-05	-132.708
1442.2153	12.212	8.14699156e-11	2.57493e-05	-3.62399e-05	3.91009e-05	-70.944
1443.7059	12.216	8.149660079999999e-11	3.14715e-05	7.62945e-06	3.05178e-05	1.362
1445.1772	12.22	8.1523286e-11	1.90736e-06	5.3406e-05	4.48229e-05	83.556
1446.6575	12.224	8.15499712e-11	1.90736e-06	-1.33515e-05	9.5368e-06	-118.608
1448.1349	12.228	8.15766564e-11	-3.33788e-05	2.28883e-05	4.48229e-05	149.172
1449.5926	12.232	8.160334159999999e-11	-1.90736e-06	-1.90736e-05	1.62126e-05	-128.292
1451.0957	12.236	8.16300268e-11	6.67575e-06	4.19619e-05	3.91009e-05	95.388
1452.8694	12.24	8.1656712e-11	2.00273e-05	0.0	1.23978e-05	16.392
1454.3341	12.244	8.168339719999999e-11	-3.81472e-05	0.0	3.33788e-05	-177.564
1455.8245	12.248	8.171008239999999e-11	1.90736e-06	-1.14442e-05	1.52589e-05	-68.196
1457.2832	12.252	8.17367676e-11	2.86103e-05	-3.43325e-05	4.95913e-05	-43.956
1458.732	12.256	8.17634528e-11	9.53682e-07	-2.47956e-05	2.86103e-05	-86.76
1460.4643	12.26	8.1790138e-11	1.04905e-05	-4.57766e-05	4.19619e-05	-82.182
1461.9152	12.264	8.18168232e-11	2.00273e-05	-8.01091e-05	8.10628e-05	-81.936
1463.3858	12.268	8.18435084e-11	-1.14442e-05	-5.81744e-05	6.10356e-05	-108.24
1464.8487	12.272	8.187019359999999e-11	2.0981e-05	-3.62399e-05	3.71935e-05	-73.908
1466.3312	12.276	8.189687879999999e-11	-4.29156e-05	-0.000106812	0.000114441	-98.97
1467.8011	12.28	8.192356399999999e-11	-3.81472e-05	-3.91009e-05	5.53133e-05	-133.092
1469.2593	12.284	8.19502492e-11	-2.3842e-05	-4.95913e-05	5.53133e-05	-116.262
1470.966	12.288	8.19769344e-11	-3.33788e-05	-5.53133e-05	6.00817e-05	-109.824
1472.4458	12.292	8.20036196e-11	-6.67575e-06	-9.5368e-06	1.52589e-05	-98.43
1473.8965	12.296	8.20303048e-11	-1.71663e-05	-7.62945e-06	1.52589e-05	-167.196
1475.3683	12.3	8.205699e-11	-7.62945e-06	-7.72481e-05	7.62944e-05	-95.658
1476.8438	12.304	8.208367519999999e-11	-6.67575e-06	-7.1526e-05	7.34334e-05	-97.698
1478.5493	12.308	8.211036039999999e-11	-1.43052e-05	-5.6267e-05	5.53133e-05	-96.954
1480.0243	12.312	8.213704559999999e-11	-7.62945e-06	-5.81744e-05	5.72207e-05	-82.362
1481.4951	12.316	8.21637308e-11	3.24252e-05	-3.14715e-05	4.57766e-05	-48.888
1482.9469	12.32	8.2190416e-11	3.91009e-05	-6.38966e-05	7.24797e-05	-60.846
1484.4373	12.324	8.22171012e-11	4.76839e-05	-7.34334e-05	8.77385e-05	-64.404
1486.1517	12.328	8.22437864e-11	3.71935e-05	-5.24523e-05	6.8665e-05	-49.92
1487.6198	12.332	8.22704716e-11	5.0545e-05	-4.48229e-05	6.38966e-05	-36.51
1489.0709	12.336	8.22971568e-11	2.28883e-05	-6.5804e-05	7.34334e-05	-73.392
1490.7824	12.34	8.2323842e-11	6.38966e-05	-3.71935e-05	7.43871e-05	-32.856
1492.2384	12.344	8.235052719999999e-11	7.43871e-05	-4.48229e-05	8.39238e-05	-31.122
1493.6804	12.348	8.23772124e-11	2.19346e-05	-3.81472e-05	4.57766e-05	-61.326
1495.1506	12.352	8.24038976e-11	5.72207e-05	-5.24523e-05	7.53407e-05	-49.188
1496.6419	12.356	8.24305828e-11	6.77113e-05	-8.29701e-05	0.000103951	-46.062
1498.3639	12.36	8.245726799999999e-11	2.00273e-05	-3.43325e-05	3.91009e-05	-53.748
1499.8193	12.364	8.24839532e-11	6.8665e-05	-6.00817e-05	8.77385e-05	-40.314
1501.2965	12.368	8.25106384e-11	3.33788e-05	-1.14442e-05	4.19619e-05	-5.964
1502.7676	12.372	8.25373236e-11	4.76839e-05	-5.14986e-05	6.19893e-05	-61.782
1504.2217	12.376	8.25640088e-11	7.34334e-05	-4.95913e-05	8.77385e-05	-37.836
1505.7081	12.38	8.2590694e-11	5.24523e-05	-2.3842e-05	5.24523e-05	-33.084
1507.1631	12.384	8.26173792e-11	4.19619e-05	-4.19619e-05	5.53133e-05	-45.516
1508.9066	12.388	8.264406439999999e-11	6.38966e-05	-3.14715e-05	6.77113e-05	-40.722
1510.3779	12.392	8.267074959999999e-11	8.10628e-05	-3.81472e-05	8.67848e-05	-26.364
1511.8507	12.396	8.26974348e-11	9.25069e-05	7.62945e-06	9.15532e-05	-1.23
1513.3317	12.4	8.272412e-11	0.000115395	-2.86104e-06	0.000112534	-0.342