Time (s) 	 Position (mm) 	 Delay (s) 	 X 	 Y 	 R 	 theta 
#Without Preamplifier,Fluence with Filter (NE09A-B), ZnTe detector angle 40deg, Chopper 230Hz, time constant=0.1s 18dB, waiting time= 0.9s, sensitivity=20mV
1.8822	8.5	5.670605e-11	4.95913e-05	2.3842e-05	5.72207e-05	25.986
3.3928	8.504	5.6732735199999996e-11	3.81473e-06	-3.62399e-05	3.71935e-05	-72.822
4.8612	8.508	5.675942039999999e-11	3.62399e-05	-2.9564e-05	5.53133e-05	-32.418
6.3485	8.512	5.67861056e-11	2.0981e-05	1.04905e-05	2.86103e-05	-9.636
7.8352	8.516	5.68127908e-11	-7.62945e-06	-3.33788e-05	3.24252e-05	-90.0
9.5489	8.52	5.6839475999999996e-11	-1.23978e-05	3.05178e-05	3.24252e-05	115.02
10.9982	8.524	5.6866161199999994e-11	4.38693e-05	-5.3406e-05	6.5804e-05	-49.266
12.4559	8.528	5.68928464e-11	2.3842e-05	6.38966e-05	6.77113e-05	58.734
13.9607	8.532	5.69195316e-11	4.76839e-05	4.67303e-05	6.48503e-05	30.3
15.4314	8.536	5.6946216799999995e-11	6.67575e-06	-2.86104e-06	6.67575e-06	18.432
16.9037	8.54	5.697290199999999e-11	9.5368e-06	3.71935e-05	3.43325e-05	85.134
18.3754	8.544	5.69995872e-11	2.0981e-05	-2.9564e-05	3.43325e-05	-54.726
20.0821	8.548	5.7026272399999996e-11	-2.28883e-05	1.90736e-05	2.19346e-05	139.398
21.5526	8.552	5.7052957599999994e-11	2.3842e-05	1.90736e-06	1.81199e-05	16.926
23.0398	8.556	5.707964279999999e-11	2.28883e-05	1.04905e-05	2.19346e-05	43.83
24.5274	8.56	5.7106328000000004e-11	-6.67575e-06	-2.86104e-06	5.72208e-06	147.528
26.0025	8.564	5.7133013199999995e-11	2.3842e-05	1.52589e-05	3.24252e-05	31.326
27.7333	8.568	5.7159698399999994e-11	1.71663e-05	-1.71663e-05	2.86103e-05	-49.896
29.2038	8.572	5.718638359999999e-11	4.57766e-05	1.62126e-05	4.38693e-05	26.562
30.6749	8.576	5.72130688e-11	2.86104e-06	3.81473e-06	1.23978e-05	20.856
32.4108	8.58	5.7239753999999995e-11	2.3842e-05	1.52589e-05	2.19346e-05	29.052
33.898	8.584	5.726643919999999e-11	1.71663e-05	-4.7684e-06	1.52589e-05	-27.756
35.3366	8.588	5.729312439999999e-11	3.91009e-05	3.81473e-06	5.0545e-05	8.328
36.8155	8.592	5.73198096e-11	1.71663e-05	1.14442e-05	2.19346e-05	16.392
38.2864	8.596	5.73464948e-11	5.24523e-05	8.58313e-06	5.0545e-05	8.346
40.03	8.6	5.737317999999999e-11	1.23978e-05	-1.81199e-05	2.86103e-05	-62.928
41.478	8.604	5.739986519999999e-11	3.91009e-05	2.9564e-05	5.0545e-05	40.194
42.9569	8.608	5.74265504e-11	1.62126e-05	1.52589e-05	2.6703e-05	41.424
44.4377	8.612	5.74532356e-11	1.33515e-05	1.23978e-05	2.28883e-05	45.0
45.913	8.616	5.74799208e-11	2.86103e-05	-6.8665e-05	7.05724e-05	-63.438
47.3636	8.62	5.750660599999999e-11	-2.28883e-05	-2.00273e-05	2.9564e-05	-132.36
48.8236	8.624	5.75332912e-11	1.43052e-05	-5.24523e-05	5.43597e-05	-82.362
50.5543	8.628	5.75599764e-11	1.52589e-05	-6.67575e-06	8.58313e-06	5.196
52.0371	8.632	5.75866616e-11	3.43325e-05	-4.7684e-06	3.52862e-05	-6.228
53.492	8.636	5.761334679999999e-11	-7.62945e-06	-6.67575e-06	1.33515e-05	-157.752
54.9611	8.64	5.7640032e-11	3.62399e-05	5.72208e-06	2.86103e-05	12.996
56.431	8.644	5.76667172e-11	1.33515e-05	7.62945e-06	1.23978e-05	45.0
58.1513	8.648	5.7693402399999996e-11	4.38693e-05	-2.9564e-05	4.76839e-05	-50.598
59.6013	8.652	5.7720087599999994e-11	6.67575e-06	2.00273e-05	1.90736e-05	97.854
61.0775	8.656	5.77467728e-11	1.04905e-05	-1.62126e-05	1.71663e-05	-62.448
62.8159	8.66	5.7773458e-11	1.04905e-05	-9.5368e-06	9.5368e-06	-61.392
64.272	8.664	5.7800143199999996e-11	3.91009e-05	2.28883e-05	3.91009e-05	41.466
65.7267	8.668	5.7826828399999994e-11	1.71663e-05	-2.6703e-05	2.86103e-05	-78.18
67.2015	8.672	5.78535136e-11	2.3842e-05	1.62126e-05	2.86103e-05	34.776
68.6692	8.676	5.7880198799999997e-11	1.90736e-05	1.90736e-06	1.62126e-05	-2.49
70.4262	8.68	5.7906883999999995e-11	1.23978e-05	-4.95913e-05	4.76839e-05	-93.18
71.9046	8.684	5.793356919999999e-11	-9.53682e-07	-2.0981e-05	2.19346e-05	-107.448
73.3738	8.688	5.7960254400000004e-11	8.58313e-06	-9.5368e-06	4.7684e-06	-14.034
74.8451	8.692	5.7986939599999996e-11	3.05178e-05	2.6703e-05	3.91009e-05	33.96
76.3136	8.696	5.8013624799999994e-11	-2.86104e-06	-1.14442e-05	1.04905e-05	-86.184
77.7871	8.7	5.804030999999999e-11	5.72208e-06	3.91009e-05	4.38693e-05	94.83
79.2585	8.704	5.8066995200000003e-11	4.7684e-06	6.67575e-06	1.71663e-05	30.696
80.9805	8.708	5.8093680399999995e-11	2.86104e-06	5.72208e-06	9.5368e-06	19.656
82.4422	8.712	5.8120365599999993e-11	-9.5368e-06	9.53682e-07	1.43052e-05	169.044
83.8935	8.716	5.814705079999999e-11	1.71663e-05	-2.28883e-05	2.86103e-05	-52.002
85.3845	8.72	5.8173736e-11	-2.86104e-06	1.90736e-06	3.81473e-06	-150.252
86.8705	8.724	5.82004212e-11	-1.33515e-05	-9.5368e-06	1.23978e-05	-135.0
88.6013	8.728	5.82271064e-11	-1.14442e-05	2.3842e-05	2.6703e-05	105.018
90.073	8.732	5.82537916e-11	4.10082e-05	-3.81473e-06	4.29156e-05	-14.658
91.5037	8.736	5.82804768e-11	8.58313e-06	-4.7684e-06	1.43052e-05	-21.372
92.9757	8.74	5.8307162e-11	7.43871e-05	1.62126e-05	7.72481e-05	14.514
94.4531	8.744	5.833384719999999e-11	2.86104e-06	-2.76567e-05	2.9564e-05	-99.618
95.9065	8.748	5.836053239999999e-11	3.33788e-05	2.0981e-05	3.71935e-05	37.074
97.3617	8.752	5.83872176e-11	0.0	-6.67575e-06	1.23978e-05	24.624
98.8462	8.756	5.84139028e-11	3.43325e-05	9.5368e-06	3.24252e-05	13.734
100.5562	8.76	5.8440588e-11	1.04905e-05	1.14442e-05	1.62126e-05	68.628
102.0455	8.764	5.84672732e-11	-9.5368e-06	9.5368e-06	1.90736e-05	154.722
103.5196	8.768	5.849395840000001e-11	2.28883e-05	-3.81473e-06	1.23978e-05	-17.1
105.0014	8.772	5.852064359999999e-11	1.04905e-05	-1.90736e-06	4.7684e-06	-114.444
106.4812	8.776	5.854732879999999e-11	2.3842e-05	-2.6703e-05	3.52862e-05	-33.996
107.9325	8.78	5.857401399999999e-11	-2.86104e-06	-1.81199e-05	1.71663e-05	-109.176
109.3879	8.784	5.86006992e-11	1.23978e-05	-7.62945e-06	1.71663e-05	-10.494
110.8621	8.788	5.86273844e-11	-2.28883e-05	-3.81473e-06	1.52589e-05	-171.87
112.5505	8.792	5.86540696e-11	2.19346e-05	0.0	2.47956e-05	14.742
114.0104	8.796	5.86807548e-11	-3.14715e-05	2.28883e-05	3.33788e-05	136.788
115.4821	8.8	5.870744e-11	3.24252e-05	-3.81473e-06	3.14715e-05	-11.31
116.9536	8.804	5.87341252e-11	-2.3842e-05	3.33788e-05	3.43325e-05	125.676
118.7289	8.808	5.87608104e-11	-3.81473e-06	-6.67575e-06	1.04905e-05	176.184
120.2008	8.812	5.878749559999999e-11	4.57766e-05	3.05178e-05	5.6267e-05	43.212
121.683	8.816	5.88141808e-11	-3.81473e-06	-1.04905e-05	9.5368e-06	-67.38
123.1568	8.82	5.8840866e-11	-1.90736e-06	-2.6703e-05	2.47956e-05	-99.726
124.6316	8.824	5.88675512e-11	1.04905e-05	6.67575e-06	1.04905e-05	96.342
126.1023	8.828	5.889423639999999e-11	-9.5368e-06	1.04905e-05	1.14442e-05	171.03
127.5749	8.832	5.89209216e-11	2.00273e-05	-2.57493e-05	3.24252e-05	-61.86
129.027	8.836	5.89476068e-11	-1.81199e-05	2.86103e-05	3.05178e-05	101.31
130.7697	8.84	5.8974292e-11	5.72208e-06	5.72208e-06	1.23978e-05	-2.724
132.225	8.844	5.90009772e-11	2.86104e-06	-1.33515e-05	1.04905e-05	-94.398
133.7114	8.848	5.90276624e-11	-1.14442e-05	8.58313e-06	1.04905e-05	94.086
135.203	8.852	5.90543476e-11	-2.47956e-05	-2.9564e-05	4.10082e-05	-136.89
136.6727	8.856	5.908103279999999e-11	-6.67575e-06	1.71663e-05	2.00273e-05	123.69
138.1438	8.86	5.910771799999999e-11	-1.04905e-05	2.28883e-05	2.28883e-05	127.566
139.6151	8.864	5.91344032e-11	-9.53682e-07	1.04905e-05	4.7684e-06	180.0
141.1125	8.868	5.91610884e-11	6.67575e-06	0.0	5.72208e-06	6.342
142.863	8.872	5.91877736e-11	-4.29156e-05	2.86104e-06	4.19619e-05	169.44
144.2952	8.876	5.92144588e-11	-1.81199e-05	-3.14715e-05	3.52862e-05	-111.192
145.7667	8.88	5.924114400000001e-11	9.53682e-07	4.7684e-06	1.23978e-05	20.226
147.2623	8.884	5.926782919999999e-11	-2.86103e-05	1.90736e-06	2.86103e-05	168.408
148.9663	8.888	5.929451439999999e-11	-2.47956e-05	1.71663e-05	3.43325e-05	148.326
150.4234	8.892	5.932119959999999e-11	-2.47956e-05	-1.33515e-05	2.28883e-05	-154.23
151.883	8.896	5.93478848e-11	-9.5368e-06	-1.43052e-05	1.71663e-05	-93.942
153.3817	8.9	5.937457e-11	-2.6703e-05	-6.67575e-06	1.62126e-05	-139.896
154.8378	8.904	5.94012552e-11	-3.91009e-05	1.71663e-05	4.86376e-05	159.114
156.6162	8.908	5.94279404e-11	-5.3406e-05	2.3842e-05	5.53133e-05	158.598
158.0873	8.912	5.945462560000001e-11	-1.14442e-05	-2.00273e-05	2.28883e-05	-97.122
159.5591	8.916	5.94813108e-11	-1.14442e-05	-3.81472e-05	4.00546e-05	-113.682
161.2803	8.92	5.950799599999999e-11	-6.67575e-06	-1.62126e-05	2.19346e-05	-82.092
162.7678	8.924	5.953468119999999e-11	-2.00273e-05	-3.81472e-05	3.62399e-05	-120.174
164.2073	8.928	5.95613664e-11	1.52589e-05	1.52589e-05	1.90736e-05	70.974
165.6964	8.932	5.95880516e-11	-1.04905e-05	-2.47956e-05	2.3842e-05	-105.708
167.1557	8.936	5.96147368e-11	-5.24523e-05	-2.00273e-05	5.81744e-05	-159.522
168.6285	8.94	5.9641422e-11	1.90736e-06	-9.5368e-06	8.58313e-06	-41.988
170.0801	8.944	5.96681072e-11	-5.6267e-05	-1.90736e-06	5.9128e-05	-176.922
171.5359	8.948	5.96947924e-11	-2.47956e-05	2.86104e-06	3.14715e-05	167.346
173.2759	8.952	5.97214776e-11	-4.57766e-05	-7.62945e-06	3.91009e-05	-167.694
174.7466	8.956	5.97481628e-11	0.0	-2.00273e-05	1.90736e-05	-72.9
176.2182	8.96	5.9774848e-11	-2.9564e-05	-3.33788e-05	4.29156e-05	-129.474
177.72	8.964	5.98015332e-11	-6.10356e-05	-1.62126e-05	7.05724e-05	-166.608
179.4818	8.968	5.98282184e-11	-6.2943e-05	-4.7684e-06	5.53133e-05	-167.796
180.9417	8.972	5.985490359999999e-11	-6.2943e-05	1.90736e-06	5.72207e-05	-176.592
182.4098	8.976	5.98815888e-11	-1.62126e-05	-3.33788e-05	3.62399e-05	-117.9
183.8838	8.98	5.9908274e-11	-2.9564e-05	-1.81199e-05	2.86103e-05	-149.742
185.3656	8.984	5.99349592e-11	-4.86376e-05	2.28883e-05	6.10356e-05	159.654
187.0936	8.988	5.99616444e-11	-2.9564e-05	-1.90736e-05	3.91009e-05	-152.202
188.5492	8.992	5.99883296e-11	-5.0545e-05	-4.57766e-05	6.5804e-05	-137.844
190.0077	8.996	6.00150148e-11	-2.6703e-05	1.33515e-05	2.6703e-05	144.294
191.4952	9.0	6.004169999999999e-11	-5.6267e-05	8.58313e-06	5.24523e-05	159.18
192.9847	9.004	6.006838519999999e-11	-5.24523e-05	-3.71935e-05	6.5804e-05	-145.41
194.4686	9.008	6.009507039999999e-11	-1.14442e-05	-3.71935e-05	3.71935e-05	-117.9
195.9552	9.012	6.01217556e-11	-4.19619e-05	-1.81199e-05	4.86376e-05	-153.78
197.4623	9.016	6.01484408e-11	-5.72207e-05	2.57493e-05	6.19893e-05	162.942
198.9354	9.02	6.0175126e-11	-5.43597e-05	-2.86103e-05	5.53133e-05	-149.16
200.3969	9.024	6.02018112e-11	-2.6703e-05	1.23978e-05	2.86103e-05	152.85
201.8616	9.028	6.02284964e-11	-3.14715e-05	-1.62126e-05	3.71935e-05	-154.698
203.5685	9.032	6.025518159999999e-11	-4.95913e-05	3.52862e-05	6.2943e-05	146.31
205.056	9.036	6.028186679999999e-11	-6.38966e-05	-1.62126e-05	5.9128e-05	-162.18
206.5294	9.04	6.030855199999999e-11	-8.29701e-05	-5.6267e-05	9.91826e-05	-148.83
208.0149	9.044	6.03352372e-11	-5.24523e-05	3.91009e-05	7.05724e-05	145.05
209.5152	9.048	6.03619224e-11	-8.48775e-05	3.62399e-05	9.25069e-05	157.068
210.9687	9.052	6.03886076e-11	-6.67577e-05	3.05178e-05	7.53407e-05	155.472
212.4604	9.056	6.041529279999999e-11	-5.14986e-05	-1.81199e-05	6.2943e-05	-157.872
213.9679	9.06	6.0441978e-11	-6.48503e-05	-4.00546e-05	7.72481e-05	-144.012
215.4202	9.064	6.04686632e-11	-5.43597e-05	-1.62126e-05	5.72207e-05	-165.03
217.1286	9.068	6.049534839999999e-11	-4.29156e-05	-2.47956e-05	5.0545e-05	-150.162
218.6179	9.072	6.052203359999999e-11	-6.48503e-05	1.14442e-05	6.19893e-05	172.536
220.0774	9.076	6.05487188e-11	-2.00273e-05	-5.72207e-05	5.9128e-05	-117.726
221.5639	9.08	6.0575404e-11	-3.43325e-05	-2.28883e-05	4.29156e-05	-154.614
223.0479	9.084	6.06020892e-11	-5.53133e-05	-1.62126e-05	5.6267e-05	-161.352
224.5384	9.088	6.062877439999999e-11	-4.48229e-05	-4.86376e-05	6.38966e-05	-144.186
226.002	9.092	6.06554596e-11	-3.62399e-05	-2.0981e-05	4.86376e-05	-147.132
227.4735	9.096	6.06821448e-11	-2.3842e-05	-1.14442e-05	2.3842e-05	-145.008
229.2044	9.1	6.070883e-11	-6.10356e-05	-2.28883e-05	6.67577e-05	-159.774
230.6627	9.104	6.07355152e-11	-1.81199e-05	-8.01091e-05	8.77385e-05	-117.876
232.1292	9.108	6.07622004e-11	-7.53407e-05	-3.81473e-06	6.77113e-05	-176.46
233.5716	9.112	6.07888856e-11	-4.67303e-05	-5.53133e-05	7.43871e-05	-130.71
235.0398	9.116	6.081557079999999e-11	-7.05724e-05	-6.48503e-05	9.05995e-05	-137.814
236.5416	9.12	6.084225599999999e-11	-7.91554e-05	-4.00546e-05	8.58312e-05	-148.956
238.0532	9.124	6.08689412e-11	-9.44142e-05	-6.67575e-06	0.00010109	-175.11
239.7622	9.128	6.08956264e-11	-7.82018e-05	-1.33515e-05	7.91554e-05	-176.25
241.2462	9.132	6.09223116e-11	-7.82018e-05	-5.0545e-05	8.86922e-05	-148.734
242.7177	9.136	6.09489968e-11	-5.3406e-05	-5.53133e-05	7.72481e-05	-136.056
244.1688	9.14	6.0975682e-11	-7.91554e-05	-3.14715e-05	8.01091e-05	-154.722
245.6283	9.144	6.100236719999999e-11	-8.67848e-05	-1.81199e-05	8.58312e-05	-170.538
247.3739	9.148	6.102905239999999e-11	-6.5804e-05	-2.76567e-05	7.05724e-05	-150.582
248.8558	9.152	6.105573759999999e-11	-8.77385e-05	3.81473e-06	8.77385e-05	172.77
250.3673	9.156	6.10824228e-11	-0.000120163	-1.81199e-05	0.000121117	-170.28
251.8199	9.16	6.1109108e-11	-6.38966e-05	-2.6703e-05	6.38966e-05	-165.966
253.2771	9.164	6.11357932e-11	-5.24523e-05	-3.33788e-05	6.5804e-05	-148.356
254.7264	9.168	6.11624784e-11	-6.00817e-05	-4.67303e-05	7.91554e-05	-144.354
256.1989	9.172	6.11891636e-11	-6.8665e-05	-6.48503e-05	8.86922e-05	-137.166
257.6752	9.176	6.12158488e-11	-6.2943e-05	-1.14442e-05	6.2943e-05	-172.128
259.3664	9.18	6.124253399999999e-11	-5.9128e-05	-5.9128e-05	8.48775e-05	-130.134
260.8428	9.184	6.126921919999999e-11	-0.000102997	-4.00546e-05	0.000105858	-153.756
262.3143	9.188	6.12959044e-11	-5.3406e-05	-4.67303e-05	6.77113e-05	-138.222
263.7675	9.192	6.13225896e-11	-6.8665e-05	-4.00546e-05	7.82018e-05	-147.678
265.2505	9.196	6.13492748e-11	-4.00546e-05	-6.8665e-05	8.77385e-05	-131.568
266.7223	9.2	6.137595999999999e-11	-0.000118256	-5.72207e-05	0.000136376	-154.644
268.2311	9.204	6.14026452e-11	-9.15532e-05	-1.62126e-05	9.15532e-05	-172.98
269.9735	9.208	6.14293304e-11	-5.6267e-05	-0.000104905	0.000120163	-123.078
271.4453	9.212	6.14560156e-11	-8.48775e-05	-4.38693e-05	8.86922e-05	-152.082
272.9175	9.216	6.148270079999999e-11	-7.62944e-05	-0.00010109	0.000125886	-125.292
274.3679	9.22	6.1509386e-11	-6.00817e-05	-6.00817e-05	7.82018e-05	-128.352
275.8261	9.224	6.15360712e-11	-0.000108719	-8.67848e-05	0.000141145	-138.012
277.552	9.228	6.15627564e-11	-8.58312e-05	-3.14715e-05	9.72752e-05	-162.648
279.0233	9.232	6.158944159999999e-11	-6.38966e-05	-5.3406e-05	8.67848e-05	-141.606
280.5463	9.236	6.16161268e-11	-8.29701e-05	-6.96187e-05	0.000107766	-139.014
282.0095	9.24	6.1642812e-11	-0.000116349	-8.48775e-05	0.000130654	-142.578
283.4958	9.244	6.16694972e-11	-7.82018e-05	-9.53679e-05	0.000122071	-136.548
284.9675	9.248	6.16961824e-11	-0.000112534	-6.00817e-05	0.000127793	-151.44
286.4591	9.252	6.17228676e-11	-0.000102044	-7.62944e-05	0.000130654	-141.384
287.9259	9.256	6.17495528e-11	-5.81744e-05	-5.53133e-05	7.82018e-05	-139.71
289.6697	9.26	6.177623799999999e-11	-9.82289e-05	-0.000130654	0.000154496	-124.404
291.1811	9.264	6.180292319999999e-11	-0.000118256	-7.34334e-05	0.000144006	-152.256
292.6615	9.268	6.18296084e-11	-0.000109673	-0.000122071	0.000157357	-128.892
294.1348	9.272	6.18562936e-11	-5.3406e-05	-0.000105858	0.000118256	-119.514
295.6025	9.276	6.18829788e-11	-0.000135423	-5.81744e-05	0.000143052	-156.762
297.1228	9.28	6.1909664e-11	-8.48775e-05	-9.25069e-05	0.000125886	-132.21
298.5941	9.284	6.193634920000001e-11	-7.72481e-05	-0.000105858	0.000129701	-128.658
300.3241	9.288	6.196303439999999e-11	-6.67577e-05	-6.00817e-05	9.63216e-05	-142.668
301.7918	9.292	6.198971959999999e-11	-8.96459e-05	-9.25069e-05	0.000134469	-137.952
303.268	9.296	6.201640479999999e-11	-0.000104905	-0.000127793	0.000163079	-127.566
304.741	9.3	6.204309e-11	-0.000113488	-0.000144959	0.000178338	-129.0
306.2135	9.304	6.20697752e-11	-7.34334e-05	-0.00015545	0.000171662	-112.572
307.9358	9.308	6.20964604e-11	-0.000141145	-0.000122071	0.000183106	-139.218
309.4423	9.312	6.21231456e-11	-0.000112534	-0.000144959	0.000179292	-124.974
310.9273	9.316	6.21498308e-11	-0.000103951	-0.000135423	0.000170709	-127.176
312.3965	9.32	6.2176516e-11	-9.82289e-05	-0.000140191	0.000172616	-126.042
313.8839	9.324	6.22032012e-11	-9.91826e-05	-0.000156404	0.000180245	-122.802
315.6125	9.328	6.222988639999999e-11	-0.000124932	-0.00017357	0.00021267	-123.642
317.1032	9.332	6.22565716e-11	-0.000108719	-0.000142098	0.000177384	-125.466
318.607	9.336	6.22832568e-11	-5.9128e-05	-0.000146867	0.000167848	-114.354
320.0885	9.34	6.2309942e-11	-0.000135423	-0.000153542	0.000191689	-128.724
321.5755	9.344	6.233662719999999e-11	-0.000124932	-0.000135423	0.000182153	-129.276
323.0943	9.348	6.23633124e-11	-8.86922e-05	-0.000166894	0.000185967	-116.838
324.5538	9.352	6.23899976e-11	-7.72481e-05	-0.00015545	0.00017357	-118.818
326.0095	9.356	6.24166828e-11	-7.1526e-05	-0.000150681	0.000172616	-117.636
327.5121	9.36	6.2443368e-11	-7.43871e-05	-0.00018406	0.000201226	-114.366
328.9796	9.364	6.24700532e-11	-8.48775e-05	-0.000185014	0.000205995	-115.008
330.4589	9.368	6.24967384e-11	-8.20165e-05	-0.00015545	0.000176431	-116.952
331.9616	9.372	6.252342359999999e-11	-6.00817e-05	-0.000180245	0.000185014	-113.856
333.4335	9.376	6.255010879999999e-11	-7.34334e-05	-0.000197412	0.000211717	-107.31
334.8845	9.38	6.2576794e-11	-4.19619e-05	-0.000200273	0.00020218	-102.792
336.352	9.384	6.26034792e-11	-7.34334e-05	-0.000191689	0.000210763	-112.17
338.0837	9.388	6.26301644e-11	-7.72481e-05	-0.00020218	0.000214578	-109.17
339.5357	9.392	6.26568496e-11	-3.43325e-05	-0.000182153	0.000185014	-98.448
341.0053	9.396	6.268353480000001e-11	-3.05178e-05	-0.000179292	0.000183106	-98.718
342.4966	9.4	6.271022e-11	4.76839e-05	-0.000177384	0.000185014	-78.732
343.9542	9.404	6.273690519999999e-11	-9.53682e-07	-0.000159265	0.000161172	-88.86
345.7159	9.408	6.276359039999999e-11	5.24523e-05	-0.000182153	0.000191689	-73.512
347.1673	9.412	6.27902756e-11	6.77113e-05	-0.000180245	0.000192643	-68.124
348.6246	9.416	6.28169608e-11	7.24797e-05	-0.000138284	0.00015545	-61.914
350.3459	9.42	6.2843646e-11	9.72752e-05	-0.000148774	0.000181199	-49.8
351.8489	9.424	6.28703312e-11	0.000152589	-0.00018406	0.000241281	-49.158
353.323	9.428	6.289701640000001e-11	0.000150681	-0.000144006	0.000206948	-42.264
354.7928	9.432	6.29237016e-11	0.000229836	-6.38966e-05	0.000234605	-17.46
356.2491	9.436	6.295038679999999e-11	0.00025654	-3.52862e-05	0.000267984	-6.588
357.7397	9.44	6.297707199999999e-11	0.000325205	-1.62126e-05	0.000327112	-2.886
359.1914	9.444	6.30037572e-11	0.000342371	-1.71663e-05	0.000353815	-2.454
360.6617	9.448	6.30304424e-11	0.000448229	7.62945e-06	0.000439646	0.612
362.1407	9.452	6.30571276e-11	0.00046921	6.67577e-05	0.000478746	7.65
363.6441	9.456	6.30838128e-11	0.000563625	0.000151635	0.000586513	15.042
365.1258	9.46	6.3110498e-11	0.000675205	0.000181199	0.000699047	15.084
366.598	9.464	6.31371832e-11	0.000690464	0.000209809	0.00071812	17.274
368.3455	9.468	6.31638684e-11	0.000793461	0.00030327	0.00084782	19.614
369.8015	9.472	6.31905536e-11	0.000863079	0.000338556	0.000926975	21.666
371.2828	9.476	6.32172388e-11	0.000990875	0.000384333	0.00106049	21.558
372.7577	9.48	6.3243924e-11	0.00100518	0.000454905	0.00110245	24.21
374.2097	9.484	6.32706092e-11	0.00109387	0.000537876	0.0012045	26.766
375.9372	9.488	6.329729439999999e-11	0.0011778	0.000537876	0.00129891	24.132
377.4044	9.492	6.33239796e-11	0.00118161	0.000626568	0.0013342	27.924
378.8797	9.496	6.33506648e-11	0.00123788	0.00068951	0.0014124	29.28
380.3187	9.5	6.337735e-11	0.00116444	0.000757221	0.00138951	32.724
381.7705	9.504	6.34040352e-11	0.00121308	0.000812534	0.00146294	33.738
383.2327	9.508	6.34307204e-11	0.00117589	0.000872616	0.00146771	36.444
384.673	9.512	6.34574056e-11	0.00113107	0.000861172	0.00141907	37.548
386.1296	9.516	6.348409079999999e-11	0.00102139	0.000881199	0.00134946	40.572
387.8565	9.52	6.351077599999999e-11	0.000933651	0.00089455	0.00129033	43.302
389.3277	9.524	6.353746119999999e-11	0.000821117	0.000864986	0.00118924	46.296
390.7905	9.528	6.35641464e-11	0.000675205	0.000891689	0.00111962	52.572
392.2827	9.532	6.35908316e-11	0.000537876	0.000821117	0.000978477	56.118
393.7508	9.536	6.36175168e-11	0.000440599	0.000749592	0.000869755	59.856
395.2423	9.54	6.3644202e-11	0.000316622	0.000653271	0.000723843	64.524
396.6951	9.544	6.367088719999999e-11	0.000190736	0.000589374	0.000622753	71.064
398.4224	9.548	6.369757239999999e-11	0.000107766	0.000482561	0.000489239	77.088
399.8635	9.552	6.372425759999999e-11	2.9564e-05	0.000349047	0.000345232	84.066
401.3548	9.556	6.375094279999999e-11	-3.62399e-05	0.000221253	0.000221253	103.32
402.8362	9.56	6.3777628e-11	-6.00817e-05	9.25069e-05	0.000115395	124.506
404.2775	9.564	6.38043132e-11	-7.53407e-05	-6.19893e-05	8.96459e-05	-138.558
405.9857	9.568	6.38309984e-11	-9.53679e-05	-0.000149728	0.00017357	-122.826
407.4744	9.572	6.38576836e-11	-6.2943e-05	-0.000232697	0.000241281	-102.732
408.9427	9.576	6.38843688e-11	6.67575e-06	-0.000308992	0.000309946	-87.672
410.6739	9.58	6.3911054e-11	-4.7684e-06	-0.000372889	0.000371935	-90.204
412.163	9.584	6.393773919999999e-11	3.33788e-05	-0.000418665	0.000429155	-85.554
413.6446	9.588	6.396442439999999e-11	4.38693e-05	-0.00041485	0.000411989	-83.28
415.1356	9.592	6.39911096e-11	5.43597e-05	-0.000475885	0.000486376	-83.298
416.6103	9.596	6.40177948e-11	4.10082e-05	-0.000471117	0.000475885	-85.926
418.0786	9.6	6.404448e-11	-2.47956e-05	-0.000416758	0.00041485	-92.67
419.5348	9.604	6.407116519999999e-11	-3.14715e-05	-0.000434877	0.000433924	-93.828
421.0231	9.608	6.40978504e-11	-4.86376e-05	-0.00036812	0.000373842	-96.936
422.4752	9.612	6.41245356e-11	-7.82018e-05	-0.000362398	0.000371935	-102.774
423.9794	9.616	6.41512208e-11	-7.91554e-05	-0.000288965	0.000296595	-106.194
425.4364	9.62	6.417790599999999e-11	-0.000104905	-0.000219346	0.000239373	-114.258
426.9268	9.624	6.42045912e-11	-7.53407e-05	-0.000181199	0.000200273	-114.984
428.6508	9.628	6.42312764e-11	-0.000107766	-0.00012684	0.000163079	-132.24
430.1393	9.632	6.425796159999999e-11	-6.96187e-05	-7.1526e-05	9.25069e-05	-134.088
431.6114	9.636	6.428464679999999e-11	-7.82018e-05	-4.76839e-05	8.58312e-05	-150.99
433.0933	9.64	6.4311332e-11	-4.76839e-05	1.04905e-05	5.53133e-05	172.71
434.5334	9.644	6.43380172e-11	-3.43325e-05	8.39238e-05	8.39238e-05	109.2
436.2634	9.648	6.43647024e-11	5.53133e-05	4.57766e-05	7.05724e-05	41.904
437.7348	9.652	6.43913876e-11	5.9128e-05	7.05724e-05	9.44142e-05	46.956
439.1839	9.656	6.44180728e-11	0.000107766	4.38693e-05	0.000112534	24.702
440.885	9.66	6.444475799999999e-11	4.19619e-05	1.71663e-05	3.71935e-05	24.078
442.3573	9.664	6.447144319999999e-11	-5.72208e-06	-2.57493e-05	2.3842e-05	-106.188
443.8121	9.668	6.449812839999999e-11	2.3842e-05	-3.91009e-05	4.67303e-05	-64.11
445.2826	9.672	6.45248136e-11	-9.53682e-07	-3.62399e-05	4.29156e-05	-109.98
446.7549	9.676	6.45514988e-11	-2.76567e-05	-7.53407e-05	7.91554e-05	-107.382
448.2283	9.68	6.4578184e-11	-9.91826e-05	-4.48229e-05	0.000105858	-156.99
449.7	9.684	6.46048692e-11	-7.82018e-05	-8.77385e-05	0.000114441	-129.078
451.1672	9.688	6.46315544e-11	-0.000162126	-7.82018e-05	0.000182153	-158.934
452.634	9.692	6.465823959999999e-11	-0.000139237	-8.29701e-05	0.000161172	-148.794
454.1459	9.696	6.468492479999999e-11	-0.00010109	-7.34334e-05	0.000132562	-146.466
455.6262	9.7	6.471160999999999e-11	-0.000164033	-7.05724e-05	0.000176431	-154.98
457.0962	9.704	6.47382952e-11	-0.000141145	-7.1526e-05	0.00015545	-152.67
458.8443	9.708	6.47649804e-11	-0.000105858	-4.00546e-05	0.000127793	-159.918
460.3125	9.712	6.47916656e-11	-5.81744e-05	1.90736e-06	6.48503e-05	180.0
461.7831	9.716	6.48183508e-11	-9.15532e-05	-3.81473e-06	9.53679e-05	-179.226
463.246	9.72	6.4845036e-11	-7.53407e-05	-4.48229e-05	7.72481e-05	-153.204
464.7296	9.724	6.48717212e-11	-5.72207e-05	-3.71935e-05	6.5804e-05	-144.864
466.441	9.728	6.48984064e-11	-8.77385e-05	-4.29156e-05	9.44142e-05	-154.536
467.9116	9.732	6.492509159999999e-11	-0.000104905	-6.2943e-05	0.00011921	-151.698
469.4025	9.736	6.49517768e-11	-0.00011158	-8.58313e-06	0.000114441	-177.09
471.1457	9.74	6.4978462e-11	-0.00014782	-8.58312e-05	0.000161172	-144.408
472.634	9.744	6.50051472e-11	-0.000166894	-6.48503e-05	0.000176431	-156.126
474.1158	9.748	6.503183239999999e-11	-0.00021267	-7.34334e-05	0.000227929	-162.624
475.5911	9.752	6.50585176e-11	-0.000223161	-8.29701e-05	0.000245096	-161.808
477.0581	9.756	6.50852028e-11	-0.000229836	-0.000106812	0.000260355	-153.18
478.5287	9.76	6.5111888e-11	-0.000259401	-0.000125886	0.000288965	-154.728
480.0068	9.764	6.51385732e-11	-0.000279428	-8.67848e-05	0.000287058	-163.572
481.4594	9.768	6.51652584e-11	-0.00023079	-9.91826e-05	0.000251772	-157.32
482.9116	9.772	6.51919436e-11	-0.000235558	-9.82289e-05	0.000249865	-158.544
484.3995	9.776	6.521862879999999e-11	-0.000233651	-9.82289e-05	0.000254633	-157.47
485.876	9.78	6.524531399999999e-11	-0.000161172	-0.000106812	0.000189782	-145.188
487.3587	9.784	6.52719992e-11	-0.000164033	-6.19893e-05	0.000181199	-158.934
489.0674	9.788	6.52986844e-11	-0.000158311	-0.000106812	0.000189782	-144.96
490.5694	9.792	6.53253696e-11	-0.000130654	-5.81744e-05	0.000128747	-148.704
492.0802	9.796	6.53520548e-11	-6.67577e-05	-0.000106812	0.000130654	-120.096
493.5426	9.8	6.537874000000001e-11	-8.58312e-05	-0.000108719	0.000144959	-128.982
495.035	9.804	6.540542519999999e-11	-3.71935e-05	-0.000121117	0.000127793	-107.778
496.472	9.808	6.543211039999999e-11	-4.29156e-05	-0.000160218	0.000163079	-105.912
497.9649	9.812	6.545879559999999e-11	-8.96459e-05	-0.00013733	0.000156404	-117.372
499.4464	9.816	6.54854808e-11	-6.5804e-05	-0.000108719	0.000122071	-128.514
500.933	9.82	6.5512166e-11	-0.000112534	-6.48503e-05	0.000122071	-148.872
502.4263	9.824	6.55388512e-11	-0.000113488	-9.63216e-05	0.000144006	-133.128
504.1312	9.828	6.55655364e-11	-0.000109673	-1.62126e-05	0.000109673	-171.972
505.6053	9.832	6.55922216e-11	-0.000124932	-2.28883e-05	0.000130654	-169.488
507.0951	9.836	6.56189068e-11	-0.000113488	-4.7684e-06	0.00011158	-177.51
508.5948	9.84	6.564559199999999e-11	-0.000123025	1.04905e-05	0.000123025	176.904
510.0647	9.844	6.567227719999999e-11	-8.01091e-05	7.62945e-06	8.20165e-05	175.95
511.5352	9.848	6.56989624e-11	-0.000121117	1.23978e-05	0.00011921	172.68
512.9955	9.852	6.57256476e-11	-0.000133515	1.81199e-05	0.000133515	171.99
514.4847	9.856	6.57523328e-11	-0.000144006	-6.67575e-06	0.000145913	-179.202
516.189	9.86	6.577901799999999e-11	-0.000153542	-9.5368e-06	0.000159265	-178.35
517.7007	9.864	6.58057032e-11	-0.000127793	-6.67575e-06	0.000121117	-175.626
519.1727	9.868	6.58323884e-11	-8.58312e-05	-1.04905e-05	8.67848e-05	-178.698
520.6601	9.872	6.58590736e-11	-0.000138284	-5.6267e-05	0.000149728	-156.036
522.1475	9.876	6.58857588e-11	-0.000104905	-9.05995e-05	0.000141145	-139.314
523.5798	9.88	6.5912444e-11	-0.000148774	-6.19893e-05	0.000162126	-158.892
525.0695	9.884	6.59391292e-11	-0.00011158	-7.24797e-05	0.000138284	-148.62
526.8168	9.888	6.59658144e-11	-8.20165e-05	-0.000109673	0.000130654	-126.93
528.2986	9.892	6.599249959999999e-11	-7.82018e-05	-9.91826e-05	0.000125886	-128.658
529.7561	9.896	6.60191848e-11	-5.6267e-05	-0.000105858	0.00011921	-118.302
531.2396	9.9	6.604587e-11	-7.34334e-05	-9.25069e-05	0.000114441	-125.382
532.702	9.904	6.60725552e-11	-0.000146867	-0.00011158	0.000183106	-143.424
534.4219	9.908	6.60992404e-11	-7.72481e-05	-8.67848e-05	0.000118256	-132.546
535.8934	9.912	6.61259256e-11	-0.000106812	-7.82018e-05	0.000140191	-145.572
537.4139	9.916	6.61526108e-11	-8.01091e-05	-6.2943e-05	0.000100136	-140.766
538.8834	9.92	6.617929599999999e-11	-8.96459e-05	-6.67577e-05	0.000112534	-151.014
540.3949	9.924	6.620598119999999e-11	-0.00011158	-3.71935e-05	0.00011158	-160.344
541.8659	9.928	6.62326664e-11	-0.000117302	-1.52589e-05	0.000123025	-174.588
543.3283	9.932	6.62593516e-11	-9.82289e-05	-3.71935e-05	0.000107766	-160.908
544.8006	9.936	6.62860368e-11	-6.96187e-05	-3.05178e-05	7.91554e-05	-154.698
546.5654	9.94	6.6312722e-11	-6.67577e-05	-1.04905e-05	6.38966e-05	-165.966
548.0201	9.944	6.633940720000001e-11	-6.77113e-05	-3.24252e-05	8.10628e-05	-153.438
549.5222	9.948	6.63660924e-11	-7.1526e-05	-1.14442e-05	6.38966e-05	-171.96
551.0214	9.952	6.639277759999999e-11	-7.1526e-05	-6.67575e-06	7.05724e-05	-168.276
552.4927	9.956	6.641946279999999e-11	-2.47956e-05	-9.5368e-06	2.3842e-05	-153.438
553.9649	9.96	6.6446148e-11	-3.43325e-05	-1.81199e-05	3.71935e-05	-164.196
555.4378	9.964	6.64728332e-11	-3.05178e-05	-2.00273e-05	2.9564e-05	-135.936
557.1684	9.968	6.64995184e-11	2.9564e-05	-2.86104e-06	3.71935e-05	-2.91
558.6351	9.972	6.65262036e-11	3.05178e-05	-9.5368e-06	2.57493e-05	-43.92
560.1062	9.976	6.65528888e-11	-9.5368e-06	6.67575e-06	1.43052e-05	103.494
561.585	9.98	6.6579574e-11	-1.14442e-05	-2.3842e-05	2.47956e-05	-117.9
563.052	9.984	6.66062592e-11	-2.57493e-05	-1.62126e-05	2.28883e-05	-150.948
564.7817	9.988	6.663294439999999e-11	-2.76567e-05	1.04905e-05	3.33788e-05	166.236
566.2338	9.992	6.66596296e-11	-2.86103e-05	-1.14442e-05	2.86103e-05	-141.144
567.6733	9.996	6.66863148e-11	-6.8665e-05	-3.14715e-05	7.43871e-05	-151.188
569.1279	10.0	6.6713e-11	-5.3406e-05	9.5368e-06	5.72207e-05	164.748
570.6278	10.004	6.673968519999999e-11	-7.1526e-05	8.58313e-06	9.05995e-05	172.326
572.0855	10.008	6.676637039999999e-11	-7.82018e-05	3.05178e-05	9.15532e-05	161.694
573.5394	10.012	6.67930556e-11	-6.48503e-05	2.3842e-05	6.00817e-05	151.074
575.0106	10.016	6.68197408e-11	-4.00546e-05	-1.33515e-05	4.19619e-05	-162.426
576.7229	10.02	6.6846426e-11	-8.48775e-05	2.57493e-05	8.58312e-05	161.844
578.1649	10.024	6.68731112e-11	-8.96459e-05	0.0	8.86922e-05	179.574
579.6532	10.028	6.68997964e-11	-6.8665e-05	-1.90736e-06	7.91554e-05	-178.638
581.1221	10.032	6.692648159999999e-11	-8.01091e-05	-1.81199e-05	7.91554e-05	-160.218
582.6313	10.036	6.695316679999999e-11	-8.48775e-05	-2.47956e-05	9.34605e-05	-173.172
584.0831	10.04	6.697985199999999e-11	-6.8665e-05	-2.86104e-06	6.5804e-05	-167.988
585.5504	10.044	6.70065372e-11	-5.24523e-05	-3.14715e-05	5.53133e-05	-148.914
587.2698	10.048	6.70332224e-11	-5.3406e-05	-6.96187e-05	8.58312e-05	-128.586
588.7714	10.052	6.70599076e-11	-7.53407e-05	-0.000100136	0.000121117	-118.476
590.2253	10.056	6.70865928e-11	-1.14442e-05	-6.8665e-05	6.77113e-05	-99.648
591.6925	10.06	6.7113278e-11	-9.5368e-06	-8.01091e-05	8.77385e-05	-101.394
593.1814	10.064	6.713996319999999e-11	8.58313e-06	-2.28883e-05	2.86103e-05	-92.292
594.892	10.068	6.716664839999999e-11	3.05178e-05	-4.95913e-05	5.81744e-05	-57.378
596.3844	10.072	6.719333359999999e-11	-1.04905e-05	-4.29156e-05	4.19619e-05	-121.908
597.8349	10.076	6.72200188e-11	2.0981e-05	-2.00273e-05	2.47956e-05	-55.842
599.2928	10.08	6.7246704e-11	2.9564e-05	-4.48229e-05	4.95913e-05	-60.948
600.7508	10.084	6.72733892e-11	6.67575e-06	-1.14442e-05	1.52589e-05	-47.862
602.2142	10.088	6.73000744e-11	6.96187e-05	1.81199e-05	6.67577e-05	21.252
603.6914	10.092	6.73267596e-11	7.72481e-05	2.86104e-06	7.62944e-05	-2.508
605.1487	10.096	6.73534448e-11	4.38693e-05	2.3842e-05	4.95913e-05	27.258
606.8731	10.1	6.738012999999999e-11	4.57766e-05	1.90736e-05	5.24523e-05	30.36
608.3313	10.104	6.740681519999999e-11	3.91009e-05	5.24523e-05	6.19893e-05	54.312
609.8131	10.108	6.74335004e-11	-4.7684e-06	3.91009e-05	4.19619e-05	70.02
611.2994	10.112	6.74601856e-11	-6.67575e-06	5.9128e-05	6.10356e-05	95.646
612.7601	10.116	6.74868708e-11	-2.76567e-05	4.57766e-05	5.14986e-05	115.89
614.2336	10.12	6.751355599999999e-11	-2.3842e-05	3.62399e-05	4.38693e-05	103.11
615.7136	10.124	6.75402412e-11	-5.3406e-05	2.3842e-05	5.0545e-05	159.252
617.4248	10.128	6.75669264e-11	-3.52862e-05	1.33515e-05	3.52862e-05	162.582
618.8859	10.132	6.75936116e-11	0.0	2.76567e-05	2.76567e-05	98.13
620.3841	10.136	6.762029679999999e-11	-5.72207e-05	3.05178e-05	7.24797e-05	148.95
621.8757	10.14	6.7646982e-11	-6.00817e-05	9.5368e-06	6.19893e-05	164.796
623.3407	10.144	6.76736672e-11	-1.62126e-05	-9.53682e-07	1.90736e-05	-176.184
625.0694	10.148	6.770035239999999e-11	-1.90736e-05	3.81473e-06	1.71663e-05	-173.418
626.5406	10.152	6.772703759999999e-11	4.7684e-06	-6.67575e-06	0.0	126.87
628.0304	10.156	6.77537228e-11	4.48229e-05	8.58313e-06	5.24523e-05	4.548
629.7593	10.16	6.7780408e-11	-1.52589e-05	-6.67575e-06	2.19346e-05	-142.818
631.2178	10.164	6.78070932e-11	1.04905e-05	-2.57493e-05	2.86103e-05	-47.814
632.6814	10.168	6.78337784e-11	6.10356e-05	-5.24523e-05	8.39238e-05	-36.252
634.1441	10.172	6.78604636e-11	4.00546e-05	-5.6267e-05	6.5804e-05	-52.542
635.6295	10.176	6.788714879999999e-11	4.19619e-05	-3.91009e-05	6.5804e-05	-40.776
637.3728	10.18	6.791383399999999e-11	6.67577e-05	-9.53682e-07	6.77113e-05	1.77
638.8441	10.184	6.794051919999999e-11	2.3842e-05	-2.47956e-05	3.71935e-05	-45.66
640.2967	10.188	6.79672044e-11	7.05724e-05	-1.90736e-06	6.77113e-05	5.142
641.7648	10.192	6.79938896e-11	6.19893e-05	3.91009e-05	7.72481e-05	34.212
643.2587	10.196	6.80205748e-11	1.52589e-05	3.81473e-06	1.52589e-05	72.072
644.7596	10.2	6.804726e-11	-6.67575e-06	5.53133e-05	5.9128e-05	97.044
646.2158	10.204	6.807394520000001e-11	1.14442e-05	4.67303e-05	4.76839e-05	67.128
647.9395	10.208	6.810063039999999e-11	-1.04905e-05	1.62126e-05	1.90736e-05	132.138
649.3983	10.212	6.812731559999999e-11	1.90736e-05	4.38693e-05	4.95913e-05	67.932
650.8711	10.216	6.815400079999999e-11	-2.86104e-06	4.10082e-05	3.91009e-05	76.2
652.3518	10.22	6.8180686e-11	1.71663e-05	3.52862e-05	4.19619e-05	70.752
653.8314	10.224	6.82073712e-11	8.58313e-06	8.48775e-05	8.67848e-05	84.726
655.5543	10.228	6.82340564e-11	-2.86104e-06	1.52589e-05	1.90736e-05	78.114
657.0297	10.232	6.82607416e-11	4.38693e-05	3.91009e-05	5.72207e-05	39.804
658.4625	10.236	6.82874268e-11	2.19346e-05	1.71663e-05	2.3842e-05	27.348
660.1808	10.24	6.8314112e-11	3.71935e-05	1.43052e-05	3.91009e-05	8.82
661.6134	10.244	6.83407972e-11	3.52862e-05	-1.62126e-05	4.48229e-05	-15.396
663.1234	10.248	6.836748239999999e-11	4.7684e-06	-9.53682e-07	3.81473e-06	-90.0
664.578	10.252	6.83941676e-11	2.28883e-05	-2.0981e-05	3.05178e-05	-44.172
666.0735	10.256	6.84208528e-11	9.5368e-06	-1.81199e-05	1.90736e-05	-70.974
667.8092	10.26	6.8447538e-11	3.24252e-05	-9.53682e-07	4.19619e-05	9.462
669.2755	10.264	6.847422319999999e-11	2.47956e-05	4.7684e-06	1.62126e-05	-2.49
670.7349	10.268	6.85009084e-11	-1.81199e-05	-1.71663e-05	2.19346e-05	-127.236
672.2066	10.272	6.85275936e-11	5.14986e-05	-2.28883e-05	6.00817e-05	-24.09
673.6593	10.276	6.85542788e-11	-4.86376e-05	-2.6703e-05	5.53133e-05	-154.074
675.1259	10.28	6.8580964e-11	2.9564e-05	-6.67577e-05	7.53407e-05	-62.988
676.5881	10.284	6.86076492e-11	-1.90736e-06	-3.81472e-05	4.00546e-05	-89.106
678.3308	10.288	6.86343344e-11	-4.7684e-06	-4.00546e-05	3.91009e-05	-108.432
679.7834	10.292	6.866101959999999e-11	-1.90736e-05	-2.76567e-05	3.71935e-05	-132.336
681.2855	10.296	6.868770479999999e-11	-4.57766e-05	-1.33515e-05	4.10082e-05	-163.302
682.7564	10.3	6.871439e-11	1.71663e-05	-4.00546e-05	4.10082e-05	-67.308
684.2257	10.304	6.87410752e-11	-2.47956e-05	2.6703e-05	4.10082e-05	142.044
685.9773	10.308	6.87677604e-11	3.62399e-05	5.72208e-06	3.91009e-05	3.24
687.429	10.312	6.87944456e-11	1.04905e-05	-2.00273e-05	2.28883e-05	-49.236
688.9145	10.316	6.88211308e-11	-7.62945e-06	-2.47956e-05	2.47956e-05	-100.716
690.3835	10.32	6.884781599999999e-11	3.71935e-05	3.81473e-06	3.91009e-05	16.608
691.859	10.324	6.887450119999999e-11	2.00273e-05	-2.47956e-05	2.9564e-05	-54.462
693.5728	10.328	6.890118639999999e-11	1.90736e-06	-5.14986e-05	4.76839e-05	-92.724
695.0425	10.332	6.89278716e-11	3.05178e-05	-4.95913e-05	5.43597e-05	-56.916
696.5158	10.336	6.89545568e-11	-1.14442e-05	-3.33788e-05	3.52862e-05	-97.122
698.254	10.34	6.8981242e-11	2.28883e-05	-5.24523e-05	5.72207e-05	-62.838
699.7233	10.344	6.90079272e-11	1.90736e-06	-2.47956e-05	2.3842e-05	-90.0
701.2009	10.348	6.90346124e-11	1.71663e-05	-4.29156e-05	4.67303e-05	-77.064
702.6728	10.352	6.90612976e-11	4.00546e-05	-1.04905e-05	3.71935e-05	-17.784
704.124	10.356	6.908798279999999e-11	5.53133e-05	-2.3842e-05	5.9128e-05	-23.118
705.8199	10.36	6.911466799999999e-11	3.91009e-05	1.90736e-05	4.86376e-05	33.888
707.3029	10.364	6.91413532e-11	2.3842e-05	2.86103e-05	3.91009e-05	38.208
708.775	10.368	6.91680384e-11	8.39238e-05	2.3842e-05	9.53679e-05	15.564
710.2456	10.372	6.91947236e-11	2.86103e-05	9.91826e-05	0.000110627	68.892
711.7364	10.376	6.92214088e-11	1.33515e-05	0.0	1.71663e-05	-9.162
713.1937	10.38	6.9248094e-11	2.86103e-05	3.33788e-05	4.86376e-05	44.484
714.6514	10.384	6.92747792e-11	4.19619e-05	-6.67575e-06	4.95913e-05	-5.13
716.3775	10.388	6.93014644e-11	4.95913e-05	2.6703e-05	6.00817e-05	36.75
717.8464	10.392	6.932814959999999e-11	2.6703e-05	3.62399e-05	4.86376e-05	41.256
719.3023	10.396	6.93548348e-11	2.3842e-05	-2.86104e-06	1.71663e-05	-17.652
720.7892	10.4	6.938152e-11	1.43052e-05	-1.23978e-05	2.19346e-05	-13.668
722.2264	10.404	6.94082052e-11	-1.33515e-05	2.19346e-05	2.00273e-05	124.284
723.9563	10.408	6.943489039999999e-11	5.3406e-05	2.19346e-05	5.72207e-05	16.956
725.4126	10.412	6.94615756e-11	4.57766e-05	-1.62126e-05	5.0545e-05	-27.528
726.9104	10.416	6.94882608e-11	5.43597e-05	7.62945e-06	6.19893e-05	7.794
728.652	10.42	6.9514946e-11	3.05178e-05	-9.5368e-06	3.81472e-05	-21.63
730.1104	10.424	6.95416312e-11	3.24252e-05	0.0	3.05178e-05	7.434
731.5836	10.428	6.95683164e-11	6.19893e-05	3.71935e-05	7.43871e-05	27.924
733.0551	10.432	6.95950016e-11	3.62399e-05	6.67575e-06	3.43325e-05	7.668
734.5151	10.436	6.962168679999999e-11	3.24252e-05	9.53682e-07	3.43325e-05	5.292
736.2339	10.44	6.964837199999999e-11	2.86103e-05	2.86104e-06	2.76567e-05	16.314
737.7259	10.444	6.96750572e-11	4.48229e-05	1.71663e-05	4.38693e-05	22.692
739.1782	10.448	6.97017424e-11	2.6703e-05	-2.3842e-05	3.52862e-05	-39.666
740.6459	10.452	6.97284276e-11	-2.0981e-05	1.90736e-06	2.19346e-05	162.552
742.1078	10.456	6.97551128e-11	1.04905e-05	0.0	1.62126e-05	-1.974
743.5989	10.46	6.978179800000001e-11	-3.43325e-05	-7.34334e-05	7.82018e-05	-113.004
745.0533	10.464	6.980848319999999e-11	-2.0981e-05	9.53682e-07	2.28883e-05	-178.452
746.7972	10.468	6.983516839999999e-11	0.0	-3.81473e-06	2.86104e-06	170.538
748.28	10.472	6.986185359999999e-11	1.71663e-05	5.53133e-05	5.9128e-05	76.452
749.7352	10.476	6.98885388e-11	1.52589e-05	0.0	2.00273e-05	-1.734
751.1917	10.48	6.9915224e-11	4.19619e-05	-2.47956e-05	4.38693e-05	-39.918
752.6646	10.484	6.99419092e-11	3.91009e-05	-3.81472e-05	6.10356e-05	-35.19
754.3856	10.488	6.99685944e-11	3.05178e-05	3.81473e-06	2.86103e-05	15.948
755.864	10.492	6.99952796e-11	5.72208e-06	-1.62126e-05	2.19346e-05	-36.252
757.3169	10.496	7.00219648e-11	4.38693e-05	-4.7684e-06	4.10082e-05	-0.924
759.0546	10.5	7.004865e-11	2.3842e-05	1.52589e-05	3.05178e-05	33.024
760.5463	10.504	7.007533519999999e-11	2.86103e-05	-2.86104e-06	4.86376e-05	-3.486
762.0221	10.508	7.010202039999999e-11	-7.62945e-06	-4.7684e-06	2.86104e-06	104.034
763.5057	10.512	7.01287056e-11	3.62399e-05	1.71663e-05	4.10082e-05	28.608
764.9763	10.516	7.01553908e-11	5.24523e-05	-2.28883e-05	5.9128e-05	-29.358
766.708	10.52	7.018207599999999e-11	2.19346e-05	-2.47956e-05	3.05178e-05	-49.842
768.1577	10.524	7.020876119999999e-11	1.33515e-05	-2.0981e-05	2.57493e-05	-70.254
769.6181	10.528	7.02354464e-11	-4.7684e-06	-2.86104e-06	5.72208e-06	-161.568
771.066	10.532	7.02621316e-11	3.71935e-05	5.72208e-06	3.81472e-05	1.008
772.538	10.536	7.02888168e-11	-1.71663e-05	-3.81473e-06	2.3842e-05	-172.692
774.011	10.54	7.031550199999998e-11	-3.33788e-05	1.23978e-05	3.81472e-05	158.196
775.4797	10.544	7.03421872e-11	-3.81472e-05	3.81473e-06	4.19619e-05	175.464
777.2113	10.548	7.03688724e-11	3.81473e-06	0.0	3.81473e-06	8.13
778.6863	10.552	7.039555759999999e-11	-9.53682e-07	-2.28883e-05	2.28883e-05	-78.024
780.1395	10.556	7.042224279999999e-11	1.71663e-05	1.43052e-05	2.47956e-05	35.364
781.5907	10.56	7.0448928e-11	-4.7684e-06	5.72208e-06	1.33515e-05	153.438
783.069	10.564	7.04756132e-11	2.3842e-05	-1.14442e-05	2.3842e-05	-33.234
784.811	10.568	7.05022984e-11	-2.0981e-05	-1.52589e-05	2.28883e-05	-144.864
786.2612	10.572	7.05289836e-11	-1.33515e-05	-2.28883e-05	2.47956e-05	-118.608
787.7456	10.576	7.05556688e-11	-6.67575e-06	-4.00546e-05	3.81472e-05	-109.134
789.4792	10.58	7.058235399999999e-11	7.62945e-06	-5.3406e-05	5.9128e-05	-81.96
790.9608	10.584	7.060903919999999e-11	2.28883e-05	-1.90736e-05	2.47956e-05	-53.13
792.4508	10.588	7.063572439999999e-11	1.04905e-05	-1.90736e-06	1.04905e-05	-56.976
793.9099	10.592	7.06624096e-11	-9.53682e-07	-3.71935e-05	4.38693e-05	-87.768
795.3745	10.596	7.06890948e-11	-1.43052e-05	-4.48229e-05	4.19619e-05	-101.31
796.8458	10.6	7.071578e-11	-1.14442e-05	-2.28883e-05	2.28883e-05	-158.196
798.3024	10.604	7.07424652e-11	4.67303e-05	-4.67303e-05	6.19893e-05	-47.724
799.7721	10.608	7.07691504e-11	-1.81199e-05	1.04905e-05	2.3842e-05	148.782
801.2131	10.612	7.079583559999999e-11	3.05178e-05	-6.2943e-05	6.77113e-05	-67.992
802.772	10.616	7.082252079999999e-11	-2.00273e-05	-3.14715e-05	2.9564e-05	-117.18
804.2201	10.62	7.084920599999999e-11	-3.81473e-06	-3.81472e-05	4.10082e-05	-95.118
805.7293	10.624	7.08758912e-11	1.90736e-06	-3.43325e-05	3.24252e-05	-119.748
807.44	10.628	7.09025764e-11	1.23978e-05	-1.62126e-05	2.19346e-05	-49.764
808.924	10.632	7.09292616e-11	3.91009e-05	1.52589e-05	4.48229e-05	-0.798
810.3769	10.636	7.095594679999999e-11	1.23978e-05	6.5804e-05	6.38966e-05	80.436
811.856	10.64	7.0982632e-11	4.48229e-05	3.24252e-05	5.3406e-05	36.552
813.3186	10.644	7.10093172e-11	-4.7684e-06	1.33515e-05	1.71663e-05	88.026
815.0365	10.648	7.10360024e-11	4.38693e-05	9.53682e-07	4.95913e-05	2.202
816.5073	10.652	7.106268759999999e-11	2.3842e-05	6.77113e-05	7.24797e-05	64.824
817.981	10.656	7.10893728e-11	3.91009e-05	1.90736e-06	3.71935e-05	-8.43
819.6845	10.66	7.1116058e-11	2.19346e-05	-1.62126e-05	3.05178e-05	-12.906
821.1254	10.664	7.114274319999999e-11	2.19346e-05	3.62399e-05	4.38693e-05	61.878
822.6138	10.668	7.116942839999999e-11	1.81199e-05	-2.00273e-05	3.05178e-05	-34.698
824.1031	10.672	7.11961136e-11	8.58313e-06	-1.33515e-05	1.04905e-05	-35.538
825.5844	10.676	7.12227988e-11	-3.33788e-05	-2.00273e-05	3.91009e-05	-150.852
827.0794	10.68	7.1249484e-11	3.52862e-05	9.5368e-06	4.00546e-05	8.262
828.552	10.684	7.12761692e-11	-2.86104e-06	1.90736e-06	8.58313e-06	143.748
830.0148	10.688	7.13028544e-11	1.52589e-05	-6.67575e-06	1.71663e-05	-21.372
831.4734	10.692	7.132953959999999e-11	1.43052e-05	3.52862e-05	3.71935e-05	80.364
832.9307	10.696	7.135622479999999e-11	1.52589e-05	-9.5368e-06	3.05178e-05	-30.786
834.4028	10.7	7.138290999999999e-11	-2.28883e-05	1.52589e-05	3.05178e-05	141.168
835.8707	10.704	7.14095952e-11	1.04905e-05	-3.05178e-05	3.24252e-05	-77.346
837.6002	10.708	7.14362804e-11	3.71935e-05	3.81473e-06	3.52862e-05	-2.202
839.0558	10.712	7.14629656e-11	2.00273e-05	1.04905e-05	1.62126e-05	22.248
840.5088	10.716	7.14896508e-11	2.28883e-05	-4.29156e-05	5.24523e-05	-57.846
841.9793	10.72	7.151633600000001e-11	5.9128e-05	8.58313e-06	5.72207e-05	-1.506
843.4703	10.724	7.154302119999999e-11	2.57493e-05	1.90736e-06	3.14715e-05	6.708
845.1633	10.728	7.156970639999999e-11	3.91009e-05	-1.62126e-05	5.0545e-05	-19.56
846.6204	10.732	7.159639159999999e-11	-3.62399e-05	1.81199e-05	3.62399e-05	138.012
848.0745	10.736	7.16230768e-11	6.5804e-05	2.86104e-06	6.48503e-05	7.632
849.8335	10.74	7.1649762e-11	3.43325e-05	1.90736e-06	2.57493e-05	7.698
851.291	10.744	7.16764472e-11	6.5804e-05	-2.47956e-05	6.77113e-05	-18.624
852.7726	10.748	7.17031324e-11	1.90736e-06	1.04905e-05	1.71663e-05	52.764
854.2654	10.752	7.17298176e-11	3.24252e-05	6.67575e-06	3.24252e-05	-8.472
855.7167	10.756	7.17565028e-11	-2.6703e-05	1.33515e-05	3.71935e-05	156.426
857.1935	10.76	7.178318799999999e-11	1.52589e-05	-1.14442e-05	2.00273e-05	-37.566
858.6474	10.764	7.180987319999999e-11	0.0	4.7684e-06	5.72208e-06	135.0
860.1005	10.768	7.18365584e-11	-1.33515e-05	2.86104e-06	1.14442e-05	145.302
861.5719	10.772	7.18632436e-11	-2.00273e-05	-3.81473e-06	2.57493e-05	-160.77
863.0328	10.776	7.18899288e-11	5.72208e-06	1.90736e-05	1.90736e-05	58.674
864.5137	10.78	7.191661399999999e-11	1.23978e-05	1.23978e-05	2.19346e-05	27.348
866.0022	10.784	7.19432992e-11	1.62126e-05	-1.14442e-05	2.57493e-05	-3.99
867.4593	10.788	7.19699844e-11	3.05178e-05	-2.86104e-06	2.28883e-05	-3.576
869.1834	10.792	7.19966696e-11	1.04905e-05	-3.91009e-05	4.48229e-05	-47.778
870.6375	10.796	7.20233548e-11	6.67575e-06	1.90736e-05	2.19346e-05	85.362
872.1325	10.8	7.205004e-11	5.14986e-05	-1.43052e-05	5.0545e-05	-16.698
873.5867	10.804	7.20767252e-11	3.05178e-05	-8.58313e-06	2.47956e-05	-16.992
875.3084	10.808	7.210341039999999e-11	3.81472e-05	-8.58313e-06	4.38693e-05	0.0
876.7662	10.812	7.213009559999999e-11	4.19619e-05	0.0	4.00546e-05	14.742
878.2194	10.816	7.21567808e-11	1.71663e-05	3.33788e-05	3.62399e-05	53.568
879.6795	10.82	7.2183466e-11	2.86103e-05	-2.0981e-05	3.24252e-05	-39.96
881.1482	10.824	7.22101512e-11	8.58313e-06	3.52862e-05	3.24252e-05	85.236
882.8758	10.828	7.22368364e-11	-4.7684e-06	2.3842e-05	2.76567e-05	93.9
884.3428	10.832	7.22635216e-11	4.57766e-05	3.52862e-05	5.72207e-05	37.146
885.815	10.836	7.229020679999999e-11	-7.62945e-06	2.00273e-05	2.3842e-05	122.004
887.2573	10.84	7.231689199999999e-11	1.43052e-05	-1.62126e-05	1.71663e-05	-58.242
888.7302	10.844	7.234357719999999e-11	-4.86376e-05	1.90736e-05	5.43597e-05	162.228
890.1826	10.848	7.23702624e-11	2.00273e-05	5.72208e-06	3.05178e-05	7.524
891.6598	10.852	7.23969476e-11	-2.3842e-05	-1.90736e-06	1.71663e-05	-177.51
893.1298	10.856	7.24236328e-11	-9.5368e-06	-1.81199e-05	2.9564e-05	-141.522
894.5768	10.86	7.2450318e-11	1.62126e-05	-2.28883e-05	3.14715e-05	-32.736
896.0544	10.864	7.247700320000001e-11	2.3842e-05	-2.86104e-06	2.3842e-05	-1.686
897.4903	10.868	7.25036884e-11	3.24252e-05	-3.33788e-05	4.86376e-05	-37.518
898.9757	10.872	7.253037359999999e-11	-2.76567e-05	-6.8665e-05	6.19893e-05	-107.562
900.4479	10.876	7.255705879999999e-11	4.57766e-05	-4.29156e-05	6.00817e-05	-45.912
901.9255	10.88	7.2583744e-11	6.67575e-06	-7.1526e-05	7.05724e-05	-89.472
903.3806	10.884	7.26104292e-11	3.33788e-05	-2.3842e-05	3.43325e-05	-46.734
905.0733	10.888	7.26371144e-11	1.90736e-06	-3.52862e-05	3.24252e-05	-100.842
906.5273	10.892	7.26637996e-11	1.71663e-05	-6.10356e-05	6.19893e-05	-83.034
907.996	10.896	7.26904848e-11	0.0	-5.81744e-05	5.72207e-05	-83.886
909.4681	10.9	7.271717e-11	2.86103e-05	-3.62399e-05	5.24523e-05	-41.124
910.9284	10.904	7.27438552e-11	0.0	-3.81472e-05	3.81472e-05	-101.31
912.6499	10.908	7.277054039999999e-11	6.48503e-05	-2.47956e-05	7.05724e-05	-22.992
914.1128	10.912	7.27972256e-11	2.57493e-05	9.53682e-07	1.90736e-05	6.114
915.5442	10.916	7.28239108e-11	6.19893e-05	-1.14442e-05	6.19893e-05	-7.956
917.0243	10.92	7.2850596e-11	5.0545e-05	-4.29156e-05	6.2943e-05	-47.562
918.5107	10.924	7.287728119999999e-11	4.86376e-05	-1.71663e-05	4.57766e-05	-17.88
919.9442	10.928	7.29039664e-11	7.24797e-05	4.10082e-05	8.77385e-05	25.608
921.4158	10.932	7.29306516e-11	5.0545e-05	2.0981e-05	4.57766e-05	16.782
922.8894	10.936	7.29573368e-11	0.000102997	-6.67575e-06	0.000102044	4.986
924.3762	10.94	7.2984022e-11	4.86376e-05	1.52589e-05	5.72207e-05	7.122
925.8362	10.944	7.30107072e-11	9.05995e-05	-1.43052e-05	8.67848e-05	-12.528
927.3205	10.948	7.30373924e-11	5.24523e-05	2.6703e-05	5.72207e-05	21.318
929.0133	10.952	7.306407759999999e-11	6.67577e-05	3.52862e-05	8.10628e-05	23.682
930.473	10.956	7.309076279999999e-11	7.05724e-05	2.28883e-05	7.34334e-05	18.432
931.9452	10.96	7.3117448e-11	1.43052e-05	6.96187e-05	6.48503e-05	76.266
933.3998	10.964	7.31441332e-11	1.90736e-05	-1.33515e-05	2.86103e-05	-26.562
935.0936	10.968	7.31708184e-11	1.62126e-05	3.91009e-05	4.57766e-05	64.5
936.5613	10.972	7.31975036e-11	3.43325e-05	4.19619e-05	5.3406e-05	47.046
938.0218	10.976	7.322418880000001e-11	2.19346e-05	1.23978e-05	2.6703e-05	31.428
939.4753	10.98	7.325087399999999e-11	5.9128e-05	4.00546e-05	7.34334e-05	27.978
940.9468	10.984	7.327755919999999e-11	4.67303e-05	-1.43052e-05	5.14986e-05	-9.462
942.6534	10.988	7.330424439999999e-11	5.53133e-05	5.72208e-06	5.0545e-05	10.374
944.114	10.992	7.33309296e-11	2.19346e-05	3.52862e-05	3.71935e-05	62.052
945.5984	10.996	7.33576148e-11	3.43325e-05	-1.62126e-05	3.62399e-05	-19.092
947.086	11.0	7.33843e-11	7.72481e-05	1.90736e-06	7.72481e-05	1.926
948.5732	11.004	7.34109852e-11	3.91009e-05	-2.86104e-06	5.14986e-05	-5.196
950.0607	11.008	7.343767039999999e-11	6.96187e-05	-1.04905e-05	5.9128e-05	-23.298
951.5476	11.012	7.34643556e-11	7.62944e-05	1.90736e-06	7.05724e-05	5.928
953.0073	11.016	7.34910408e-11	6.19893e-05	-7.1526e-05	9.25069e-05	-52.38
954.7104	11.02	7.351772599999999e-11	7.43871e-05	-3.43325e-05	8.48775e-05	-22.548
956.1741	11.024	7.354441119999999e-11	6.48503e-05	-1.81199e-05	6.19893e-05	-14.808
957.6391	11.028	7.35710964e-11	7.05724e-05	-2.76567e-05	6.67577e-05	-27.108
959.1489	11.032	7.35977816e-11	5.81744e-05	-1.81199e-05	6.38966e-05	-24.078
960.5994	11.036	7.36244668e-11	7.05724e-05	1.71663e-05	7.72481e-05	18.282
962.0875	11.04	7.365115199999999e-11	5.0545e-05	-2.9564e-05	6.77113e-05	-23.064
963.5469	11.044	7.36778372e-11	1.71663e-05	-8.58313e-06	2.00273e-05	-35.91
965.2741	11.048	7.37045224e-11	1.90736e-06	-2.3842e-05	2.47956e-05	-66.612
966.7262	11.052	7.37312076e-11	3.81473e-06	2.86104e-06	1.04905e-05	10.308
968.2147	11.056	7.375789279999998e-11	8.67848e-05	-1.81199e-05	8.58312e-05	-11.4
969.6827	11.06	7.3784578e-11	3.71935e-05	1.90736e-05	3.71935e-05	36.87
971.1756	11.064	7.38112632e-11	8.48775e-05	-4.7684e-06	9.34605e-05	-4.794
972.8949	11.068	7.383794839999999e-11	3.52862e-05	4.7684e-06	4.19619e-05	14.658
974.3659	11.072	7.386463359999999e-11	9.05995e-05	-2.76567e-05	8.67848e-05	-16.788
975.8459	11.076	7.38913188e-11	8.10628e-05	3.81473e-06	9.44142e-05	2.688
977.2788	11.08	7.3918004e-11	6.19893e-05	-2.28883e-05	6.38966e-05	-26.562
978.74	11.084	7.39446892e-11	7.24797e-05	3.81473e-06	7.72481e-05	-1.434
980.1927	11.088	7.39713744e-11	7.53407e-05	2.3842e-05	7.72481e-05	15.948
981.6643	11.092	7.39980596e-11	9.44142e-05	-4.95913e-05	0.000118256	-22.212
983.1305	11.096	7.402474479999999e-11	5.43597e-05	-2.00273e-05	6.5804e-05	-19.656
984.8495	11.1	7.405142999999999e-11	4.57766e-05	-1.33515e-05	5.43597e-05	-16.956
986.3203	11.104	7.407811519999999e-11	3.52862e-05	-1.33515e-05	3.24252e-05	-18.432
987.7548	11.108	7.41048004e-11	2.86103e-05	-3.24252e-05	4.38693e-05	-49.212
989.2294	11.112	7.41314856e-11	1.23978e-05	-1.62126e-05	2.28883e-05	-34.992
990.6807	11.116	7.41581708e-11	3.52862e-05	-9.5368e-06	2.9564e-05	-12.096
992.1517	11.12	7.4184856e-11	2.57493e-05	4.7684e-06	2.47956e-05	20.556
993.6401	11.124	7.42115412e-11	1.52589e-05	-1.62126e-05	2.47956e-05	-40.764
995.367	11.128	7.423822639999999e-11	4.86376e-05	-2.6703e-05	5.9128e-05	-26.016
996.8097	11.132	7.426491159999999e-11	4.76839e-05	-7.62945e-06	4.95913e-05	-9.966
998.2797	11.136	7.429159679999999e-11	5.72207e-05	3.81473e-06	4.86376e-05	5.628
999.7358	11.14	7.4318282e-11	4.95913e-05	8.58313e-06	5.0545e-05	9.708
1001.2101	11.144	7.43449672e-11	1.81199e-05	-2.9564e-05	3.71935e-05	-51.792
1002.9024	11.148	7.43716524e-11	5.53133e-05	-2.47956e-05	5.9128e-05	-25.986
1004.3839	11.152	7.439833759999999e-11	6.67575e-06	-6.67575e-06	5.72208e-06	-68.196
1005.8552	11.156	7.44250228e-11	1.33515e-05	0.0	8.58313e-06	-53.976
1007.3264	11.16	7.4451708e-11	8.58313e-06	0.0	1.62126e-05	-5.904
1008.8064	11.164	7.447839319999999e-11	5.72208e-06	-3.05178e-05	2.76567e-05	-97.698
1010.2774	11.168	7.450507839999999e-11	-5.72208e-06	-1.90736e-06	5.72208e-06	-135.0
1011.7576	11.172	7.45317636e-11	-1.90736e-06	-1.62126e-05	1.62126e-05	-109.8
1013.2202	11.176	7.45584488e-11	-3.91009e-05	-1.23978e-05	4.67303e-05	-161.568
1014.9275	11.18	7.458513399999999e-11	3.62399e-05	1.90736e-05	3.62399e-05	28.95
1016.4288	11.184	7.461181919999999e-11	-2.28883e-05	9.5368e-06	3.05178e-05	165.006
1017.8837	11.188	7.46385044e-11	-2.9564e-05	6.67575e-06	3.05178e-05	155.136
1019.3455	11.192	7.46651896e-11	1.71663e-05	4.86376e-05	5.24523e-05	82.17
1020.8091	11.196	7.46918748e-11	5.72208e-06	5.72208e-06	5.72208e-06	132.51
1022.2797	11.2	7.471856e-11	3.91009e-05	8.10628e-05	8.39238e-05	75.966
1023.7532	11.204	7.47452452e-11	3.05178e-05	2.19346e-05	3.05178e-05	52.524
1025.2311	11.208	7.47719304e-11	4.7684e-06	1.62126e-05	1.71663e-05	122.622
1026.6831	11.212	7.479861559999999e-11	-1.33515e-05	6.2943e-05	6.38966e-05	96.534
1028.1702	11.216	7.482530079999999e-11	2.86104e-06	9.05995e-05	8.86922e-05	88.698
1029.6229	11.22	7.4851986e-11	7.62945e-06	3.33788e-05	3.52862e-05	92.91
1031.0996	11.224	7.48786712e-11	-4.7684e-06	3.52862e-05	3.71935e-05	98.13
1032.811	11.228	7.49053564e-11	5.72208e-06	3.62399e-05	4.38693e-05	90.0
1034.2738	11.232	7.49320416e-11	-7.62945e-06	6.96187e-05	6.77113e-05	94.002
1035.7452	11.236	7.49587268e-11	3.91009e-05	8.67848e-05	9.44142e-05	62.712
1037.2329	11.24	7.498541199999999e-11	-4.7684e-06	3.05178e-05	3.43325e-05	74.748
1038.7254	11.244	7.501209719999999e-11	5.53133e-05	5.72207e-05	7.91554e-05	50.442
1040.1808	11.248	7.503878239999999e-11	6.48503e-05	0.000103951	0.000123025	54.39
1041.6623	11.252	7.50654676e-11	7.24797e-05	6.5804e-05	9.53679e-05	43.854
1043.1429	11.256	7.50921528e-11	4.19619e-05	4.95913e-05	6.5804e-05	43.362
1044.8288	11.26	7.5118838e-11	6.5804e-05	6.5804e-05	8.58312e-05	44.01
1046.3021	11.264	7.51455232e-11	3.14715e-05	5.0545e-05	5.81744e-05	59.37
1047.763	11.268	7.51722084e-11	4.57766e-05	5.24523e-05	6.77113e-05	54.108
1049.2321	11.272	7.51988936e-11	7.24797e-05	6.5804e-05	9.53679e-05	45.0
1050.7068	11.276	7.522557879999999e-11	3.62399e-05	5.24523e-05	5.9128e-05	68.442
1052.1696	11.28	7.525226399999999e-11	3.52862e-05	3.52862e-05	4.76839e-05	46.698
1053.6417	11.284	7.52789492e-11	-5.72208e-06	2.19346e-05	2.19346e-05	96.708
1055.1119	11.288	7.53056344e-11	5.72207e-05	2.86103e-05	5.53133e-05	34.746
1056.5758	11.292	7.53323196e-11	2.86103e-05	-1.43052e-05	2.6703e-05	-35.364
1058.0394	11.296	7.535900479999999e-11	4.10082e-05	0.0	3.91009e-05	-2.01
1059.4999	11.3	7.538569e-11	4.95913e-05	4.10082e-05	6.10356e-05	47.256
1060.9726	11.304	7.54123752e-11	1.33515e-05	-4.19619e-05	3.91009e-05	-69.102
1062.6948	11.308	7.54390604e-11	6.48503e-05	-6.8665e-05	9.05995e-05	-51.942
1064.1555	11.312	7.546574559999999e-11	3.81472e-05	-2.28883e-05	5.43597e-05	-27.15
1065.6068	11.316	7.54924308e-11	7.24797e-05	-6.77113e-05	0.000102997	-42.42
1067.0953	11.32	7.5519116e-11	5.9128e-05	-4.48229e-05	7.53407e-05	-41.784
1068.5531	11.324	7.554580119999999e-11	8.20165e-05	-5.9128e-05	9.63216e-05	-35.022
1070.2656	11.328	7.557248639999999e-11	9.72752e-05	-6.38966e-05	0.000110627	-34.272
1071.7452	11.332	7.55991716e-11	9.15532e-05	-3.14715e-05	0.000114441	-12.924
1073.2368	11.336	7.56258568e-11	7.62944e-05	-6.19893e-05	0.000107766	-34.938
1074.7229	11.34	7.5652542e-11	0.000102997	-3.62399e-05	0.000105858	-20.514
1076.191	11.344	7.56792272e-11	0.00012684	-4.7684e-06	0.000131608	-2.322
1077.6942	11.348	7.57059124e-11	6.8665e-05	-6.67575e-06	7.05724e-05	-12.828
1079.1737	11.352	7.57325976e-11	8.67848e-05	1.90736e-06	8.10628e-05	-3.282
1080.6576	11.356	7.575928279999999e-11	7.24797e-05	1.90736e-06	8.39238e-05	-4.692
1082.385	11.36	7.578596799999999e-11	7.72481e-05	-5.72208e-06	7.1526e-05	-5.142
1083.8517	11.364	7.58126532e-11	5.0545e-05	0.0	4.57766e-05	-1.734
1085.3123	11.368	7.58393384e-11	8.39238e-05	1.90736e-05	8.39238e-05	13.266
1086.7623	11.372	7.58660236e-11	0.000109673	-3.24252e-05	0.00011921	-16.938
1088.2359	11.376	7.58927088e-11	6.67575e-06	1.90736e-05	2.00273e-05	56.82
1089.7259	11.38	7.591939400000001e-11	2.86103e-05	3.14715e-05	4.38693e-05	36.702
1091.2134	11.384	7.594607919999999e-11	3.05178e-05	6.48503e-05	7.43871e-05	58.2
1092.9515	11.388	7.597276439999999e-11	2.00273e-05	6.38966e-05	7.1526e-05	65.394
1094.4301	11.392	7.599944959999999e-11	5.43597e-05	6.00817e-05	8.39238e-05	51.798
1095.8628	11.396	7.60261348e-11	1.81199e-05	1.62126e-05	1.52589e-05	86.634
1097.3249	11.4	7.605282e-11	3.91009e-05	2.6703e-05	4.29156e-05	29.052
1098.8127	11.404	7.60795052e-11	-9.53682e-07	-3.81473e-06	6.67575e-06	180.0
1100.5382	11.408	7.61061904e-11	8.58313e-06	6.67575e-06	8.58313e-06	63.438
1102.0068	11.412	7.61328756e-11	2.57493e-05	-4.86376e-05	5.72207e-05	-49.326
1103.468	11.416	7.61595608e-11	-2.86104e-06	-5.14986e-05	5.24523e-05	-83.814
1105.1773	11.42	7.6186246e-11	-1.71663e-05	-3.81473e-06	1.14442e-05	-151.698
1106.6662	11.424	7.621293119999999e-11	-1.23978e-05	-1.43052e-05	1.71663e-05	-109.176
1108.1182	11.428	7.62396164e-11	1.71663e-05	-8.58313e-06	1.52589e-05	-50.904
1109.5926	11.432	7.62663016e-11	-9.5368e-06	-5.43597e-05	4.38693e-05	-96.444
1111.044	11.436	7.62929868e-11	5.0545e-05	-4.67303e-05	6.5804e-05	-46.638
1112.519	11.44	7.631967199999999e-11	3.81473e-06	-3.14715e-05	2.86103e-05	-101.82
1114.0013	11.444	7.63463572e-11	1.52589e-05	-9.5368e-06	2.00273e-05	-52.434
1115.4614	11.448	7.63730424e-11	2.19346e-05	-6.2943e-05	6.77113e-05	-65.184
1117.1828	11.452	7.63997276e-11	7.1526e-05	-3.81473e-06	6.38966e-05	-6.816
1118.6532	11.456	7.64264128e-11	8.39238e-05	-1.33515e-05	7.53407e-05	-15.708
1120.1235	11.46	7.6453098e-11	3.71935e-05	-3.71935e-05	5.9128e-05	-28.176
1121.5827	11.464	7.64797832e-11	6.38966e-05	1.23978e-05	6.77113e-05	8.364
1123.2905	11.468	7.650646839999999e-11	2.19346e-05	2.86104e-06	2.57493e-05	-6.486
1124.8018	11.472	7.653315359999999e-11	4.38693e-05	9.53682e-07	5.14986e-05	7.464
1126.2893	11.476	7.65598388e-11	3.33788e-05	-8.58313e-06	3.24252e-05	-6.072
1127.7509	11.48	7.6586524e-11	1.33515e-05	-1.33515e-05	1.71663e-05	-53.532
1129.2392	11.484	7.66132092e-11	2.28883e-05	-2.00273e-05	3.05178e-05	-26.562
1130.9545	11.488	7.66398944e-11	1.14442e-05	-1.62126e-05	2.0981e-05	-36.156
1132.442	11.492	7.666657960000001e-11	2.57493e-05	-2.6703e-05	4.19619e-05	-35.136
1133.9314	11.496	7.669326479999999e-11	8.58313e-06	2.86103e-05	3.43325e-05	76.218
1135.4043	11.5	7.671994999999999e-11	1.23978e-05	5.72207e-05	5.43597e-05	87.738
1136.8759	11.504	7.674663519999999e-11	2.9564e-05	3.71935e-05	4.95913e-05	58.536
1138.3477	11.508	7.677332039999999e-11	-1.71663e-05	5.72207e-05	5.9128e-05	112.674
1139.8294	11.512	7.68000056e-11	-2.00273e-05	6.77113e-05	6.96187e-05	103.494
1141.3009	11.516	7.68266908e-11	1.23978e-05	2.86103e-05	3.05178e-05	93.24
1143.0088	11.52	7.6853376e-11	1.04905e-05	-1.81199e-05	2.19346e-05	-67.89
1144.4995	11.524	7.68800612e-11	-4.7684e-06	-4.19619e-05	3.91009e-05	-106.392
1145.9391	11.528	7.69067464e-11	0.0	-1.43052e-05	1.43052e-05	-87.708
1147.4263	11.532	7.693343159999999e-11	-9.53682e-07	-3.14715e-05	2.86103e-05	-55.956
1148.8857	11.536	7.696011679999999e-11	9.53682e-07	-4.95913e-05	4.48229e-05	-89.118
1150.3684	11.54	7.698680199999999e-11	6.67575e-06	-2.86104e-06	1.04905e-05	-2.724
1151.8692	11.544	7.70134872e-11	5.43597e-05	-6.67575e-06	5.53133e-05	-2.148
1153.5818	11.548	7.70401724e-11	-2.19346e-05	-3.71935e-05	4.00546e-05	-117.012
1155.0521	11.552	7.70668576e-11	-1.04905e-05	-1.43052e-05	2.00273e-05	-132.612
1156.5448	11.556	7.709354279999999e-11	-6.67575e-06	-5.72208e-06	5.72208e-06	165.966
1158.016	11.56	7.7120228e-11	7.62945e-06	-9.5368e-06	8.58313e-06	-124.698
1159.497	11.564	7.71469132e-11	9.5368e-06	-3.43325e-05	2.9564e-05	-71.568
1161.2269	11.568	7.71735984e-11	-2.00273e-05	-2.47956e-05	2.9564e-05	-136.002
1162.7042	11.572	7.720028359999999e-11	-3.91009e-05	-1.33515e-05	3.81472e-05	-162.216
1164.186	11.576	7.72269688e-11	1.90736e-06	1.90736e-06	6.67575e-06	93.576
1165.9193	11.58	7.7253654e-11	-2.28883e-05	1.52589e-05	2.19346e-05	144.462
1167.3496	11.584	7.728033919999999e-11	-2.19346e-05	-1.90736e-05	2.57493e-05	-136.044
1168.8404	11.588	7.730702439999999e-11	-1.14442e-05	-2.3842e-05	2.6703e-05	-95.442
1170.3108	11.592	7.73337096e-11	2.3842e-05	0.0	2.6703e-05	-2.664
1171.7806	11.596	7.73603948e-11	1.04905e-05	8.58313e-06	8.58313e-06	63.438
1173.2584	11.6	7.738708e-11	-4.7684e-06	-1.71663e-05	1.52589e-05	-117.9
1174.7098	11.604	7.74137652e-11	-1.52589e-05	-4.00546e-05	5.14986e-05	-120.63
1176.201	11.608	7.74404504e-11	-2.86104e-06	-3.71935e-05	4.10082e-05	-92.682
1177.6732	11.612	7.746713559999999e-11	2.00273e-05	-1.04905e-05	2.9564e-05	-22.89
1179.1583	11.616	7.749382079999999e-11	1.71663e-05	-2.76567e-05	3.71935e-05	-72.426
1180.6295	11.62	7.752050599999999e-11	5.0545e-05	4.19619e-05	6.77113e-05	47.586
1182.1023	11.624	7.75471912e-11	3.62399e-05	-3.62399e-05	5.53133e-05	-37.128
1183.814	11.628	7.75738764e-11	1.90736e-05	3.05178e-05	3.81472e-05	47.022
1185.2829	11.632	7.76005616e-11	5.72208e-06	-2.00273e-05	1.43052e-05	-42.708
1186.735	11.636	7.76272468e-11	-2.28883e-05	-2.76567e-05	2.9564e-05	-132.882
1188.2072	11.64	7.7653932e-11	1.04905e-05	-1.62126e-05	1.90736e-05	-52.764
1189.7242	11.644	7.768061719999999e-11	2.47956e-05	2.3842e-05	4.19619e-05	40.332
1191.4257	11.648	7.770730239999999e-11	1.14442e-05	2.19346e-05	2.28883e-05	47.862
1192.8777	11.652	7.773398759999999e-11	-9.5368e-06	0.0	1.04905e-05	159.774
1194.3488	11.656	7.77606728e-11	-9.53682e-07	-3.81473e-06	2.86104e-06	0.0
1196.0406	11.66	7.7787358e-11	-3.81472e-05	-6.67575e-06	3.81472e-05	-165.258
1197.5278	11.664	7.78140432e-11	-4.95913e-05	-1.14442e-05	5.43597e-05	-167.904
1198.9708	11.668	7.784072839999999e-11	-4.67303e-05	-9.5368e-06	4.86376e-05	-164.154
1200.4276	11.672	7.78674136e-11	-4.29156e-05	1.71663e-05	4.38693e-05	155.772
1201.9141	11.676	7.78940988e-11	-5.81744e-05	-2.86104e-06	5.3406e-05	-175.062
1203.3722	11.68	7.792078399999999e-11	-6.10356e-05	-8.58313e-06	6.67577e-05	-171.636
1204.8608	11.684	7.794746919999999e-11	-5.72208e-06	-1.71663e-05	1.23978e-05	-126.024
1206.3438	11.688	7.79741544e-11	-1.04905e-05	-2.00273e-05	2.19346e-05	-117.9
1207.8134	11.692	7.80008396e-11	1.14442e-05	-3.91009e-05	4.38693e-05	-61.974
1209.2865	11.696	7.80275248e-11	1.04905e-05	-3.05178e-05	3.43325e-05	-64.8
1210.7549	11.7	7.805420999999999e-11	-4.29156e-05	3.81473e-06	3.33788e-05	-173.658
1212.2158	11.704	7.80808952e-11	2.00273e-05	-5.43597e-05	5.3406e-05	-66.114
1213.9095	11.708	7.81075804e-11	0.0	-3.33788e-05	2.86103e-05	-95.856
1215.3806	11.712	7.81342656e-11	5.0545e-05	-4.86376e-05	7.05724e-05	-41.184
1216.8311	11.716	7.81609508e-11	3.71935e-05	-2.6703e-05	4.76839e-05	-25.158
1218.3431	11.72	7.8187636e-11	1.52589e-05	-2.00273e-05	2.28883e-05	-72.072
1219.8445	11.724	7.82143212e-11	1.52589e-05	9.53682e-07	2.47956e-05	0.0
1221.5575	11.728	7.824100639999999e-11	-9.5368e-06	-9.5368e-06	1.33515e-05	-135.0
1223.0198	11.732	7.826769159999999e-11	1.81199e-05	-5.24523e-05	5.53133e-05	-74.982
1224.5129	11.736	7.82943768e-11	4.76839e-05	-1.81199e-05	4.95913e-05	-29.274
1226.2236	11.74	7.8321062e-11	1.90736e-05	3.43325e-05	4.38693e-05	53.748
1227.6742	11.744	7.83477472e-11	2.47956e-05	4.76839e-05	5.0545e-05	71.094
1229.135	11.748	7.83744324e-11	1.04905e-05	2.86103e-05	2.9564e-05	68.964
1230.6172	11.752	7.84011176e-11	2.0981e-05	7.43871e-05	7.72481e-05	71.088
1232.0604	11.756	7.842780279999999e-11	6.77113e-05	3.52862e-05	7.1526e-05	35.79
1233.5299	11.76	7.845448799999999e-11	1.04905e-05	2.19346e-05	2.28883e-05	68.496
1234.9919	11.764	7.848117319999999e-11	0.0	1.81199e-05	1.90736e-05	119.052
1236.4446	11.768	7.85078584e-11	1.62126e-05	1.33515e-05	2.19346e-05	35.136
1237.8958	11.772	7.85345436e-11	2.86103e-05	3.52862e-05	5.0545e-05	48.546
1239.3862	11.776	7.85612288e-11	3.81472e-05	-4.7684e-06	4.57766e-05	-13.626
1240.8727	11.78	7.8587914e-11	5.0545e-05	4.29156e-05	6.38966e-05	49.146
1242.3309	11.784	7.86145992e-11	3.81473e-06	3.05178e-05	3.14715e-05	77.094
1244.0502	11.788	7.86412844e-11	1.23978e-05	1.90736e-05	2.19346e-05	77.274
1245.5116	11.792	7.866796959999999e-11	5.24523e-05	3.71935e-05	6.8665e-05	27.552
1247.0004	11.796	7.869465479999999e-11	4.19619e-05	-3.14715e-05	5.81744e-05	-35.31
1248.4338	11.8	7.872134e-11	5.9128e-05	-9.5368e-06	5.9128e-05	-10.422
1249.9054	11.804	7.87480252e-11	2.3842e-05	-9.53682e-07	2.6703e-05	2.664
1251.3488	11.808	7.87747104e-11	2.00273e-05	4.86376e-05	5.43597e-05	69.36
1252.8075	11.812	7.880139559999999e-11	2.3842e-05	-6.67575e-06	1.71663e-05	-19.29
1254.2919	11.816	7.88280808e-11	2.57493e-05	-1.14442e-05	3.52862e-05	-30.114
1255.7629	11.82	7.8854766e-11	-3.81473e-06	0.0	1.23978e-05	166.506
1257.2155	11.824	7.88814512e-11	-3.81472e-05	-3.71935e-05	5.24523e-05	-139.806
1258.9427	11.828	7.890813639999999e-11	-9.5368e-06	2.86104e-06	1.52589e-05	178.152
1260.4318	11.832	7.89348216e-11	-4.7684e-06	-2.3842e-05	2.19346e-05	-104.034
1261.8846	11.836	7.89615068e-11	-2.9564e-05	-2.57493e-05	4.38693e-05	-145.146
1263.3465	11.84	7.8988192e-11	-2.0981e-05	-1.33515e-05	2.3842e-05	-158.196
1264.8498	11.844	7.901487719999999e-11	-3.81472e-05	2.3842e-05	4.38693e-05	140.946
1266.3208	11.848	7.90415624e-11	-4.19619e-05	-3.71935e-05	6.38966e-05	-149.742
1267.7918	11.852	7.90682476e-11	2.28883e-05	-4.7684e-06	2.9564e-05	2.544
1269.2638	11.856	7.90949328e-11	4.67303e-05	-1.90736e-05	4.67303e-05	-15.336
1270.9857	11.86	7.9121618e-11	5.72208e-06	-8.58313e-06	8.58313e-06	-60.642
1272.4592	11.864	7.91483032e-11	8.58313e-06	-5.9128e-05	6.19893e-05	-71.568
1273.9107	11.868	7.91749884e-11	2.3842e-05	-2.86103e-05	3.05178e-05	-41.988
1275.3807	11.872	7.920167359999999e-11	5.72208e-06	-2.86103e-05	2.6703e-05	-71.568
1276.8709	11.876	7.922835879999999e-11	9.5368e-06	-3.33788e-05	3.05178e-05	-58.134
1278.339	11.88	7.9255044e-11	4.86376e-05	2.86104e-06	5.0545e-05	-3.714
1279.8008	11.884	7.92817292e-11	3.62399e-05	-2.47956e-05	4.38693e-05	-24.306
1281.5424	11.888	7.93084144e-11	5.81744e-05	-4.95913e-05	7.05724e-05	-46.2
1282.9964	11.892	7.93350996e-11	6.77113e-05	1.33515e-05	7.05724e-05	14.034
1284.4547	11.896	7.936178480000001e-11	4.76839e-05	-2.0981e-05	4.86376e-05	-23.1
1285.9071	11.9	7.938846999999999e-11	-1.43052e-05	1.90736e-05	2.6703e-05	125.538
1287.3841	11.904	7.941515519999999e-11	-2.86104e-06	2.57493e-05	2.57493e-05	87.066
1289.0885	11.908	7.944184039999999e-11	-2.19346e-05	3.81473e-06	2.57493e-05	169.824
1290.5921	11.912	7.94685256e-11	-2.6703e-05	2.57493e-05	3.52862e-05	120.966
1292.0688	11.916	7.94952108e-11	-4.48229e-05	3.24252e-05	5.43597e-05	142.992
1293.5728	11.92	7.9521896e-11	-1.14442e-05	8.58313e-06	1.04905e-05	164.052
1295.0548	11.924	7.95485812e-11	-2.57493e-05	2.86103e-05	3.91009e-05	152.562
1296.5434	11.928	7.95752664e-11	-5.81744e-05	-2.28883e-05	5.6267e-05	-155.898
1298.0319	11.932	7.96019516e-11	-5.81744e-05	3.05178e-05	5.72207e-05	160.2
1299.4879	11.936	7.962863679999999e-11	-7.43871e-05	1.43052e-05	6.77113e-05	169.53
1301.2122	11.94	7.965532199999999e-11	-6.67575e-06	-3.81473e-06	1.04905e-05	-159.144
1302.68	11.944	7.96820072e-11	-5.43597e-05	-1.62126e-05	5.72207e-05	-163.794
1304.1517	11.948	7.97086924e-11	-4.00546e-05	-4.19619e-05	6.10356e-05	-132.816
1305.6236	11.952	7.97353776e-11	2.86104e-06	-6.5804e-05	6.2943e-05	-79.302
1307.0811	11.956	7.976206279999999e-11	-2.3842e-05	-5.81744e-05	6.19893e-05	-117.672
1308.553	11.96	7.9788748e-11	-2.86103e-05	-2.86104e-06	2.28883e-05	-171.636
1310.0293	11.964	7.98154332e-11	1.52589e-05	-1.71663e-05	1.90736e-05	-74.052
1311.7554	11.968	7.98421184e-11	4.29156e-05	-5.9128e-05	6.77113e-05	-54.606
1313.2392	11.972	7.98688036e-11	1.33515e-05	-6.48503e-05	6.67577e-05	-72.252
1314.6768	11.976	7.98954888e-11	3.91009e-05	-6.77113e-05	8.01091e-05	-54.354
1316.1487	11.98	7.9922174e-11	0.0	-2.57493e-05	2.6703e-05	-71.964
1317.6044	11.984	7.994885919999999e-11	3.91009e-05	2.86104e-06	3.81472e-05	0.0
1319.3325	11.988	7.997554439999999e-11	5.72207e-05	1.23978e-05	5.81744e-05	20.478
1320.7705	11.992	8.00022296e-11	5.24523e-05	0.0	6.10356e-05	2.334
1322.2315	11.996	8.00289148e-11	2.47956e-05	2.57493e-05	3.14715e-05	53.88
1323.712	12.0	8.00556e-11	3.43325e-05	6.96187e-05	7.43871e-05	57.654
1325.222	12.004	8.00822852e-11	3.14715e-05	6.5804e-05	7.34334e-05	65.556
1326.7219	12.008	8.01089704e-11	4.48229e-05	1.04905e-05	4.95913e-05	24.324
1328.1789	12.012	8.01356556e-11	1.90736e-05	7.72481e-05	7.91554e-05	71.868
1329.6331	12.016	8.016234079999999e-11	1.23978e-05	1.90736e-05	2.3842e-05	57.996
1331.3445	12.02	8.018902599999999e-11	1.52589e-05	3.52862e-05	4.38693e-05	65.622
1332.8135	12.024	8.021571119999999e-11	-4.7684e-06	6.10356e-05	6.10356e-05	97.122
1334.2853	12.028	8.02423964e-11	-4.7684e-06	4.19619e-05	4.57766e-05	77.958
1335.7748	12.032	8.02690816e-11	2.19346e-05	1.23978e-05	2.9564e-05	36.636
1337.2624	12.036	8.02957668e-11	1.04905e-05	-3.81473e-06	8.58313e-06	-26.562
1338.7446	12.04	8.0322452e-11	3.52862e-05	8.58313e-06	2.57493e-05	11.634
1340.2155	12.044	8.03491372e-11	4.86376e-05	1.62126e-05	4.86376e-05	31.506
1341.9301	12.048	8.037582239999999e-11	2.47956e-05	-2.47956e-05	3.81472e-05	-42.276
1343.4181	12.052	8.040250759999999e-11	2.00273e-05	-1.23978e-05	2.19346e-05	-21.45
1344.8556	12.056	8.042919279999999e-11	3.14715e-05	-3.14715e-05	3.91009e-05	-51.84
1346.324	12.06	8.0455878e-11	-2.00273e-05	-9.53682e-07	1.52589e-05	172.566
1347.8008	12.064	8.04825632e-11	4.57766e-05	-9.53682e-07	4.19619e-05	12.228
1349.5108	12.068	8.05092484e-11	-1.52589e-05	7.62945e-06	1.90736e-05	129.174
1350.964	12.072	8.053593359999999e-11	-2.28883e-05	2.6703e-05	3.62399e-05	133.494
1352.4247	12.076	8.05626188e-11	-3.81473e-06	-5.14986e-05	5.14986e-05	-96.42
1354.1274	12.08	8.0589304e-11	-2.57493e-05	-9.5368e-06	2.3842e-05	-154.884
1355.6165	12.084	8.061598919999999e-11	-1.90736e-06	-3.71935e-05	3.52862e-05	-77.826
1357.1274	12.088	8.064267439999999e-11	-1.33515e-05	-4.95913e-05	5.24523e-05	-105.564
1358.5594	12.092	8.06693596e-11	-6.67577e-05	-2.00273e-05	6.67577e-05	-162.102
1360.0172	12.096	8.06960448e-11	-1.33515e-05	-2.9564e-05	2.86103e-05	-127.998
1361.7497	12.1	8.072272999999999e-11	-3.33788e-05	-1.81199e-05	3.43325e-05	-159.306
1363.2329	12.104	8.074941519999999e-11	1.04905e-05	-2.47956e-05	3.52862e-05	-60.018
1364.6997	12.108	8.07761004e-11	-1.71663e-05	-1.14442e-05	2.00273e-05	-137.388
1366.1602	12.112	8.08027856e-11	3.14715e-05	-4.76839e-05	5.24523e-05	-59.574
1367.6357	12.116	8.08294708e-11	5.81744e-05	1.33515e-05	6.48503e-05	5.142
1369.0895	12.12	8.0856156e-11	1.33515e-05	-2.28883e-05	2.57493e-05	-52.524
1370.541	12.124	8.08828412e-11	2.3842e-05	-3.71935e-05	4.19619e-05	-69.648
1372.2493	12.128	8.090952639999999e-11	0.0	-2.6703e-05	2.57493e-05	-91.398
1373.7099	12.132	8.093621159999999e-11	0.0	1.71663e-05	2.86103e-05	31.158
1375.1922	12.136	8.096289679999999e-11	-4.7684e-06	-5.72208e-06	8.58313e-06	-158.964
1376.6847	12.14	8.0989582e-11	1.71663e-05	-1.14442e-05	2.47956e-05	-32.154
1378.1359	12.144	8.10162672e-11	3.43325e-05	-4.67303e-05	5.81744e-05	-42.138
1379.8657	12.148	8.10429524e-11	9.53682e-07	-1.90736e-06	8.58313e-06	-86.988
1381.3324	12.152	8.10696376e-11	2.6703e-05	-6.8665e-05	7.24797e-05	-74.97
1382.8029	12.156	8.109632279999999e-11	-2.47956e-05	2.57493e-05	3.62399e-05	127.266
1384.5352	12.16	8.112300799999999e-11	-4.00546e-05	2.00273e-05	4.67303e-05	152.064
1386.0178	12.164	8.114969319999999e-11	1.90736e-06	1.52589e-05	1.04905e-05	37.878
1387.4934	12.168	8.117637839999999e-11	2.9564e-05	-3.81473e-06	3.05178e-05	-28.14
1388.9649	12.172	8.12030636e-11	-2.76567e-05	3.43325e-05	4.00546e-05	117.9
1390.432	12.176	8.12297488e-11	1.43052e-05	0.0	9.5368e-06	0.0
1392.1518	12.18	8.1256434e-11	1.43052e-05	1.90736e-06	2.0981e-05	27.978
1393.604	12.184	8.12831192e-11	1.90736e-05	1.71663e-05	3.05178e-05	31.374
1395.1202	12.188	8.13098044e-11	-4.48229e-05	-2.3842e-05	3.43325e-05	-147.528
1396.6137	12.192	8.13364896e-11	-8.58313e-06	6.67575e-06	1.33515e-05	175.032
1398.0979	12.196	8.136317479999999e-11	-9.5368e-06	5.72208e-06	8.58313e-06	135.0
1399.555	12.2	8.138985999999999e-11	-4.00546e-05	-4.29156e-05	5.72207e-05	-126.87
1401.026	12.204	8.14165452e-11	-1.43052e-05	-2.57493e-05	2.86103e-05	-105.594
1402.762	12.208	8.14432304e-11	-9.5368e-06	-6.67575e-06	1.52589e-05	-142.698
1404.2229	12.212	8.14699156e-11	-3.71935e-05	-1.62126e-05	4.67303e-05	-166.89
1405.7139	12.216	8.149660079999999e-11	-6.2943e-05	-3.52862e-05	6.48503e-05	-148.194
1407.1774	12.22	8.1523286e-11	-4.95913e-05	-2.47956e-05	5.6267e-05	-157.326
1408.6982	12.224	8.15499712e-11	-4.29156e-05	-6.19893e-05	7.72481e-05	-131.184
1410.3905	12.228	8.15766564e-11	-3.81472e-05	-5.24523e-05	6.38966e-05	-128.19
1411.8689	12.232	8.160334159999999e-11	3.81473e-06	-1.14442e-05	1.04905e-05	-53.748
1413.3213	12.236	8.16300268e-11	5.72208e-06	-1.62126e-05	1.23978e-05	-58.392
1414.7885	12.24	8.1656712e-11	-4.7684e-06	-2.00273e-05	2.3842e-05	-98.328
1416.2604	12.244	8.168339719999999e-11	7.62945e-06	-6.2943e-05	6.38966e-05	-97.56
1417.7349	12.248	8.171008239999999e-11	4.86376e-05	-1.62126e-05	5.72207e-05	-19.476
1419.2098	12.252	8.17367676e-11	1.71663e-05	-3.52862e-05	4.57766e-05	-75.018
1420.6825	12.256	8.17634528e-11	-2.86104e-06	-1.33515e-05	1.04905e-05	-77.004
1422.403	12.26	8.1790138e-11	4.86376e-05	0.0	5.14986e-05	2.934
1423.8951	12.264	8.18168232e-11	-9.53682e-07	1.90736e-06	6.67575e-06	69.774
1425.3522	12.268	8.18435084e-11	6.8665e-05	1.23978e-05	6.38966e-05	6.966
1426.8053	12.272	8.187019359999999e-11	3.52862e-05	-1.04905e-05	3.14715e-05	-13.734
1428.2912	12.276	8.189687879999999e-11	2.3842e-05	-2.00273e-05	2.3842e-05	-48.654
1429.7436	12.28	8.192356399999999e-11	2.19346e-05	-1.52589e-05	2.86103e-05	-16.818
1431.2023	12.284	8.19502492e-11	-1.90736e-06	-5.53133e-05	5.0545e-05	-83.658
1432.927	12.288	8.19769344e-11	-5.24523e-05	4.7684e-06	5.3406e-05	173.736
1434.3883	12.292	8.20036196e-11	1.90736e-06	3.91009e-05	3.71935e-05	91.08
1435.84	12.296	8.20303048e-11	-5.3406e-05	1.14442e-05	5.9128e-05	163.968
1437.2784	12.3	8.205699e-11	-4.57766e-05	3.52862e-05	5.53133e-05	144.294
1438.7653	12.304	8.208367519999999e-11	2.19346e-05	-2.47956e-05	2.86103e-05	-60.642
1440.4746	12.308	8.211036039999999e-11	8.58313e-06	1.90736e-06	1.23978e-05	22.248
1441.9609	12.312	8.213704559999999e-11	1.90736e-06	1.14442e-05	1.04905e-05	106.392
1443.421	12.316	8.21637308e-11	5.72208e-06	2.9564e-05	3.05178e-05	83.658
1444.8729	12.32	8.2190416e-11	1.62126e-05	2.76567e-05	3.43325e-05	67.458
1446.3669	12.324	8.22171012e-11	5.72208e-06	-2.76567e-05	2.76567e-05	-61.608
1448.0549	12.328	8.22437864e-11	1.62126e-05	-1.81199e-05	2.57493e-05	-55.92
1449.5472	12.332	8.22704716e-11	-1.81199e-05	-4.19619e-05	4.57766e-05	-107.16
1451.05	12.336	8.22971568e-11	1.71663e-05	-6.96187e-05	7.72481e-05	-68.646
1452.7641	12.34	8.2323842e-11	1.81199e-05	-5.53133e-05	5.9128e-05	-68.55
1454.2284	12.344	8.235052719999999e-11	-1.62126e-05	-2.76567e-05	2.86103e-05	-117.18
1455.7007	12.348	8.23772124e-11	0.0	-2.28883e-05	2.3842e-05	-69.078
1457.1941	12.352	8.24038976e-11	-2.76567e-05	-5.53133e-05	5.81744e-05	-120.162
1458.6469	12.356	8.24305828e-11	1.33515e-05	-6.8665e-05	6.48503e-05	-65.448
1460.3737	12.36	8.245726799999999e-11	8.58313e-06	-4.38693e-05	4.38693e-05	-82.878
1461.8425	12.364	8.24839532e-11	-3.71935e-05	-3.81472e-05	5.0545e-05	-124.314
1463.3128	12.368	8.25106384e-11	-2.9564e-05	-2.0981e-05	3.91009e-05	-129.918
1464.7834	12.372	8.25373236e-11	6.67575e-06	-2.00273e-05	2.47956e-05	-73.884
1466.2853	12.376	8.25640088e-11	-7.62945e-06	-3.91009e-05	4.29156e-05	-115.794
1467.7908	12.38	8.2590694e-11	-4.19619e-05	-3.81472e-05	5.9128e-05	-132.78
1469.2681	12.384	8.26173792e-11	-1.43052e-05	-3.33788e-05	3.52862e-05	-135.0
1470.9764	12.388	8.264406439999999e-11	1.23978e-05	-5.3406e-05	5.24523e-05	-66.498
1472.4279	12.392	8.267074959999999e-11	-4.7684e-06	-1.14442e-05	1.33515e-05	-129.804
1473.9132	12.396	8.26974348e-11	1.14442e-05	-5.24523e-05	5.72207e-05	-73.968
1475.3748	12.4	8.272412e-11	-1.43052e-05	-7.34334e-05	7.43871e-05	-98.058
1476.84	12.404	8.27508052e-11	5.53133e-05	-5.3406e-05	7.91554e-05	-41.634
1478.5692	12.408	8.27774904e-11	2.28883e-05	-6.00817e-05	6.38966e-05	-72.138
1480.0427	12.412	8.280417560000001e-11	3.43325e-05	-3.33788e-05	4.38693e-05	-49.398
1481.5144	12.416	8.283086079999999e-11	5.9128e-05	-6.00817e-05	8.39238e-05	-43.398
1483.2612	12.42	8.285754599999999e-11	7.82018e-05	-6.5804e-05	0.000105858	-39.63
1484.7137	12.424	8.288423119999999e-11	1.71663e-05	-3.91009e-05	4.48229e-05	-52.632
1486.1647	12.428	8.29109164e-11	3.71935e-05	-4.00546e-05	5.81744e-05	-39.642
1487.6255	12.432	8.29376016e-11	3.91009e-05	-3.24252e-05	5.0545e-05	-42.918
1489.1069	12.436	8.29642868e-11	3.81472e-05	-5.24523e-05	5.9128e-05	-54.546
1490.5999	12.44	8.2990972e-11	2.47956e-05	-1.23978e-05	2.3842e-05	-43.92
1492.0888	12.444	8.30176572e-11	4.67303e-05	5.72208e-06	4.57766e-05	6.444
1493.5598	12.448	8.30443424e-11	6.38966e-05	-6.67575e-06	6.48503e-05	-8.88
1495.0127	12.452	8.307102759999999e-11	2.86103e-05	-1.52589e-05	2.86103e-05	-8.328
1496.4997	12.456	8.309771279999999e-11	7.24797e-05	2.19346e-05	7.34334e-05	21.33
1497.9719	12.46	8.3124398e-11	2.76567e-05	-2.47956e-05	4.38693e-05	-37.806
1499.4243	12.464	8.31510832e-11	6.5804e-05	-3.81472e-05	6.2943e-05	-42.744
1501.1546	12.468	8.31777684e-11	4.76839e-05	-1.33515e-05	5.24523e-05	-6.498
1502.6575	12.472	8.320445359999999e-11	5.9128e-05	-5.72208e-06	5.53133e-05	-3.624
1504.1323	12.476	8.32311388e-11	5.14986e-05	-4.48229e-05	6.2943e-05	-41.796
1505.6035	12.48	8.3257824e-11	7.43871e-05	6.67575e-06	7.82018e-05	2.364
1507.0859	12.484	8.32845092e-11	0.000130654	-3.14715e-05	0.000134469	-15.48
1508.8147	12.488	8.33111944e-11	0.00011158	-1.43052e-05	0.000106812	-4.086
1510.2826	12.492	8.33378796e-11	0.000152589	3.81473e-06	0.000152589	1.752
1511.752	12.496	8.33645648e-11	0.000179292	-2.86104e-06	0.000178338	0.642
1513.4853	12.5	8.339125e-11	0.000174523	9.53682e-07	0.000169755	1.128