Time (s) 	 Position (mm) 	 Delay (s) 	 X 	 Y 	 R 	 theta 
#Without Preamplifier,Fluence with Filter (NE07A-B), ZnTe detector angle 40deg, Chopper 230Hz, time constant=0.1s 18dB, waiting time= 0.9s, sensitivity=20mV
1.9316	8.7	5.804030999999999e-11	3.33788e-05	2.86103e-05	4.00546e-05	55.434
3.4331	8.704	5.8066995200000003e-11	1.71663e-05	1.90736e-06	2.00273e-05	9.726
5.1546	8.708	5.8093680399999995e-11	2.19346e-05	3.71935e-05	4.95913e-05	56.706
6.6291	8.712	5.8120365599999993e-11	4.57766e-05	-4.19619e-05	6.10356e-05	-44.106
8.1013	8.716	5.814705079999999e-11	-1.43052e-05	2.28883e-05	2.57493e-05	119.934
9.5719	8.72	5.8173736e-11	-3.81473e-06	-2.47956e-05	2.57493e-05	-74.622
11.0068	8.724	5.82004212e-11	1.90736e-06	-1.14442e-05	1.33515e-05	-102.264
12.7169	8.728	5.82271064e-11	3.81473e-06	-2.9564e-05	2.3842e-05	-76.506
14.196	8.732	5.82537916e-11	6.67575e-06	-3.62399e-05	3.71935e-05	-69.864
15.667	8.736	5.82804768e-11	-1.90736e-05	-1.90736e-06	2.19346e-05	171.87
17.3878	8.74	5.8307162e-11	4.19619e-05	-2.28883e-05	4.00546e-05	-39.288
18.867	8.744	5.833384719999999e-11	2.0981e-05	8.58313e-06	2.47956e-05	24.678
20.318	8.748	5.836053239999999e-11	8.58313e-06	2.00273e-05	1.81199e-05	78.234
21.7887	8.752	5.83872176e-11	-1.62126e-05	-2.47956e-05	2.6703e-05	-99.69
23.2493	8.756	5.84139028e-11	1.04905e-05	-2.6703e-05	3.05178e-05	-61.86
24.9611	8.76	5.8440588e-11	0.0	1.52589e-05	1.23978e-05	118.074
26.4299	8.764	5.84672732e-11	-2.6703e-05	1.90736e-06	2.3842e-05	164.748
27.8856	8.768	5.849395840000001e-11	8.58313e-06	5.0545e-05	5.14986e-05	84.996
29.337	8.772	5.852064359999999e-11	1.33515e-05	-3.14715e-05	3.52862e-05	-54.834
30.7973	8.776	5.854732879999999e-11	-2.47956e-05	3.81472e-05	4.57766e-05	115.824
32.2689	8.78	5.857401399999999e-11	3.91009e-05	-4.7684e-06	4.38693e-05	-6.054
33.749	8.784	5.86006992e-11	1.90736e-06	-9.53682e-07	1.43052e-05	21.804
35.4682	8.788	5.86273844e-11	-1.33515e-05	2.3842e-05	2.9564e-05	111.372
36.9373	8.792	5.86540696e-11	-4.67303e-05	2.86104e-06	3.71935e-05	176.634
38.4099	8.796	5.86807548e-11	-2.86104e-06	2.86103e-05	2.86103e-05	56.688
39.8979	8.8	5.870744e-11	-1.81199e-05	-6.67575e-06	1.52589e-05	-167.904
41.3662	8.804	5.87341252e-11	4.95913e-05	-3.33788e-05	6.19893e-05	-32.874
43.0887	8.808	5.87608104e-11	1.33515e-05	-9.5368e-06	1.52589e-05	-63.438
44.5476	8.812	5.878749559999999e-11	3.81473e-06	3.81473e-06	3.81473e-06	71.568
46.0181	8.816	5.88141808e-11	-1.33515e-05	1.62126e-05	1.90736e-05	121.758
47.4712	8.82	5.8840866e-11	-8.58313e-06	-3.91009e-05	3.81472e-05	-106.8
48.9419	8.824	5.88675512e-11	0.0	-4.7684e-06	5.72208e-06	-16.392
50.6526	8.828	5.889423639999999e-11	8.58313e-06	8.58313e-06	1.23978e-05	19.44
52.1427	8.832	5.89209216e-11	4.86376e-05	-1.43052e-05	6.2943e-05	-13.764
53.6146	8.836	5.89476068e-11	2.28883e-05	1.04905e-05	2.28883e-05	0.0
55.0914	8.84	5.8974292e-11	2.86104e-06	-1.81199e-05	1.71663e-05	-69.678
56.5424	8.844	5.90009772e-11	3.91009e-05	2.19346e-05	4.38693e-05	17.85
58.0113	8.848	5.90276624e-11	1.90736e-05	-1.62126e-05	1.90736e-05	-70.908
59.5166	8.852	5.90543476e-11	-3.81473e-06	-1.52589e-05	1.71663e-05	-93.468
60.9679	8.856	5.908103279999999e-11	-2.3842e-05	3.81473e-06	2.28883e-05	-176.73
62.6884	8.86	5.910771799999999e-11	3.71935e-05	-4.7684e-06	4.00546e-05	0.924
64.1589	8.864	5.91344032e-11	8.58313e-06	2.86103e-05	3.24252e-05	68.808
65.6396	8.868	5.91610884e-11	5.72208e-06	-6.67575e-06	5.72208e-06	-135.0
67.0972	8.872	5.91877736e-11	2.57493e-05	-1.81199e-05	3.33788e-05	-35.166
68.5488	8.876	5.92144588e-11	1.90736e-05	2.86103e-05	3.52862e-05	53.568
70.0271	8.88	5.924114400000001e-11	-7.62945e-06	2.19346e-05	2.19346e-05	110.322
71.4793	8.884	5.926782919999999e-11	2.86104e-06	2.76567e-05	2.57493e-05	80.274
73.2104	8.888	5.929451439999999e-11	2.86103e-05	6.67575e-06	2.00273e-05	35.538
74.66	8.892	5.932119959999999e-11	3.14715e-05	-2.47956e-05	3.52862e-05	-33.366
76.1369	8.896	5.93478848e-11	3.05178e-05	0.0	2.3842e-05	24.144
77.589	8.9	5.937457e-11	3.33788e-05	-2.00273e-05	3.14715e-05	-39.474
79.0446	8.904	5.94012552e-11	1.52589e-05	-1.71663e-05	2.00273e-05	-60.018
80.7599	8.908	5.94279404e-11	-9.5368e-06	0.0	1.52589e-05	-175.236
82.24	8.912	5.945462560000001e-11	-6.67575e-06	-1.90736e-05	1.90736e-05	-143.616
83.7283	8.916	5.94813108e-11	-2.86104e-06	3.81473e-06	5.72208e-06	118.302
85.4548	8.92	5.950799599999999e-11	-9.53682e-07	2.19346e-05	2.28883e-05	91.548
86.9421	8.924	5.953468119999999e-11	-7.62945e-06	5.14986e-05	5.0545e-05	100.098
88.4298	8.928	5.95613664e-11	1.43052e-05	-3.81473e-06	1.62126e-05	-2.202
89.8858	8.932	5.95880516e-11	1.33515e-05	1.33515e-05	1.81199e-05	45.0
91.3533	8.936	5.96147368e-11	-9.53682e-07	-4.00546e-05	3.91009e-05	-91.974
93.0715	8.94	5.9641422e-11	1.14442e-05	0.0	1.04905e-05	-24.228
94.5213	8.944	5.96681072e-11	-2.0981e-05	-2.0981e-05	2.28883e-05	-122.196
95.9928	8.948	5.96947924e-11	2.28883e-05	-8.58313e-06	2.6703e-05	-8.328
97.4714	8.952	5.97214776e-11	2.6703e-05	-4.29156e-05	4.48229e-05	-63.438
98.9402	8.956	5.97481628e-11	8.58313e-06	5.72208e-06	1.90736e-05	20.772
100.411	8.96	5.9774848e-11	-5.14986e-05	1.23978e-05	5.53133e-05	170.994
101.8825	8.964	5.98015332e-11	2.0981e-05	1.04905e-05	2.57493e-05	13.326
103.5924	8.968	5.98282184e-11	-2.3842e-05	1.43052e-05	2.76567e-05	161.568
105.0676	8.972	5.985490359999999e-11	-2.3842e-05	-6.67575e-06	2.47956e-05	-167.124
106.5684	8.976	5.98815888e-11	-9.5368e-06	-3.81472e-05	4.10082e-05	-102.528
108.04	8.98	5.9908274e-11	-2.28883e-05	1.52589e-05	2.47956e-05	136.122
109.5143	8.984	5.99349592e-11	2.28883e-05	-1.33515e-05	2.86103e-05	-27.15
111.2407	8.988	5.99616444e-11	3.43325e-05	-2.86104e-06	2.86103e-05	-16.554
112.7122	8.992	5.99883296e-11	1.43052e-05	9.53682e-07	1.62126e-05	-10.884
114.1945	8.996	6.00150148e-11	-8.58313e-06	1.52589e-05	1.23978e-05	95.196
115.6549	9.0	6.004169999999999e-11	-2.00273e-05	3.05178e-05	3.33788e-05	116.562
117.1048	9.004	6.006838519999999e-11	-1.33515e-05	-2.00273e-05	2.76567e-05	-131.31
118.5929	9.008	6.009507039999999e-11	1.90736e-06	-9.5368e-06	1.04905e-05	-19.29
120.0703	9.012	6.01217556e-11	-7.62945e-06	1.62126e-05	2.0981e-05	125.136
121.5511	9.016	6.01484408e-11	-2.86104e-06	-4.95913e-05	4.86376e-05	-87.708
123.2772	9.02	6.0175126e-11	-8.58313e-06	-3.24252e-05	3.24252e-05	-92.436
124.747	9.024	6.02018112e-11	-5.72208e-06	-2.6703e-05	2.6703e-05	-74.622
126.207	9.028	6.02284964e-11	6.67575e-06	5.72208e-06	6.67575e-06	102.996
127.6779	9.032	6.025518159999999e-11	-1.71663e-05	-1.81199e-05	3.14715e-05	-149.034
129.1382	9.036	6.028186679999999e-11	3.71935e-05	-2.00273e-05	4.00546e-05	-20.898
130.6185	9.04	6.030855199999999e-11	5.72208e-06	-2.86104e-06	0.0	116.562
132.056	9.044	6.03352372e-11	-5.3406e-05	-1.81199e-05	5.43597e-05	-163.446
133.7685	9.048	6.03619224e-11	3.81473e-06	5.43597e-05	5.24523e-05	96.666
135.2459	9.052	6.03886076e-11	-1.90736e-05	0.0	1.90736e-05	178.026
136.7252	9.056	6.041529279999999e-11	-1.81199e-05	-9.5368e-06	2.6703e-05	-152.82
138.1991	9.06	6.0441978e-11	8.58313e-06	5.72208e-06	2.3842e-05	16.146
139.6599	9.064	6.04686632e-11	-1.23978e-05	1.90736e-05	2.3842e-05	141.072
141.3971	9.068	6.049534839999999e-11	-3.81473e-06	-7.62945e-06	9.5368e-06	-153.438
142.8557	9.072	6.052203359999999e-11	-3.81473e-06	-3.33788e-05	3.52862e-05	-83.556
144.326	9.076	6.05487188e-11	3.71935e-05	9.53682e-07	3.52862e-05	10.206
145.8123	9.08	6.0575404e-11	-1.81199e-05	1.43052e-05	3.05178e-05	131.184
147.283	9.084	6.06020892e-11	1.33515e-05	-3.81473e-06	1.23978e-05	3.012
148.7615	9.088	6.062877439999999e-11	-3.62399e-05	-3.62399e-05	4.76839e-05	-136.17
150.2426	9.092	6.06554596e-11	5.24523e-05	1.90736e-06	5.43597e-05	2.07
151.7289	9.096	6.06821448e-11	-2.47956e-05	-3.14715e-05	3.14715e-05	-120.528
153.4777	9.1	6.070883e-11	-1.62126e-05	-2.3842e-05	3.05178e-05	-141.912
154.9482	9.104	6.07355152e-11	3.81473e-06	1.33515e-05	1.23978e-05	26.562
156.4009	9.108	6.07622004e-11	-1.33515e-05	-2.0981e-05	2.0981e-05	-79.692
157.8734	9.112	6.07888856e-11	-3.14715e-05	1.52589e-05	3.24252e-05	151.188
159.3248	9.116	6.081557079999999e-11	6.67575e-06	1.90736e-05	2.0981e-05	63.438
160.7975	9.12	6.084225599999999e-11	1.90736e-06	-1.81199e-05	2.47956e-05	-59.034
162.2541	9.124	6.08689412e-11	-2.28883e-05	-4.10082e-05	5.0545e-05	-113.55
163.9994	9.128	6.08956264e-11	2.6703e-05	2.28883e-05	3.81472e-05	34.824
165.4402	9.132	6.09223116e-11	1.90736e-05	-2.47956e-05	3.52862e-05	-52.734
166.911	9.136	6.09489968e-11	-2.47956e-05	3.91009e-05	4.86376e-05	131.034
168.3985	9.14	6.0975682e-11	2.28883e-05	-2.9564e-05	3.43325e-05	-47.64
169.8688	9.144	6.100236719999999e-11	6.67575e-06	2.6703e-05	2.9564e-05	65.058
171.5902	9.148	6.102905239999999e-11	1.62126e-05	1.23978e-05	2.3842e-05	32.004
173.0466	9.152	6.105573759999999e-11	-6.67575e-06	1.04905e-05	1.23978e-05	159.444
174.5558	9.156	6.10824228e-11	-7.62945e-06	5.72208e-06	3.81473e-06	15.948
176.0063	9.16	6.1109108e-11	-2.47956e-05	-2.00273e-05	3.24252e-05	-138.27
177.4972	9.164	6.11357932e-11	-1.81199e-05	9.53682e-07	1.52589e-05	-158.628
178.9655	9.168	6.11624784e-11	-1.62126e-05	-1.71663e-05	2.57493e-05	-150.42
180.4568	9.172	6.11891636e-11	-1.14442e-05	5.72208e-06	1.71663e-05	167.274
181.9276	9.176	6.12158488e-11	3.33788e-05	-6.67575e-06	3.81472e-05	-20.226
183.4171	9.18	6.124253399999999e-11	-4.67303e-05	3.43325e-05	6.19893e-05	145.644
184.8877	9.184	6.126921919999999e-11	-9.53682e-07	4.7684e-06	8.58313e-06	92.862
186.3715	9.188	6.12959044e-11	-1.90736e-06	6.67575e-06	1.90736e-06	0.0
188.0872	9.192	6.13225896e-11	5.72208e-06	-4.67303e-05	4.86376e-05	-66.192
189.5569	9.196	6.13492748e-11	6.67575e-06	-1.71663e-05	1.71663e-05	-83.886
191.0086	9.2	6.137595999999999e-11	3.05178e-05	6.67575e-06	2.47956e-05	15.252
192.4855	9.204	6.14026452e-11	2.57493e-05	2.28883e-05	3.24252e-05	34.698
194.1967	9.208	6.14293304e-11	-2.3842e-05	1.90736e-06	2.57493e-05	173.046
195.6775	9.212	6.14560156e-11	-4.57766e-05	-4.7684e-06	5.9128e-05	-175.698
197.1328	9.216	6.148270079999999e-11	2.86103e-05	2.76567e-05	4.00546e-05	43.638
198.5875	9.22	6.1509386e-11	-1.33515e-05	-3.33788e-05	3.14715e-05	-112.308
200.0584	9.224	6.15360712e-11	-1.62126e-05	-2.3842e-05	3.24252e-05	-129.804
201.7687	9.228	6.15627564e-11	3.81473e-06	6.00817e-05	6.2943e-05	85.914
203.2276	9.232	6.158944159999999e-11	-3.81473e-06	-4.00546e-05	4.19619e-05	-84.21
204.716	9.236	6.16161268e-11	5.72208e-06	3.05178e-05	2.6703e-05	69.078
206.2166	9.24	6.1642812e-11	-2.86103e-05	2.28883e-05	3.43325e-05	135.852
207.6862	9.244	6.16694972e-11	9.5368e-06	-2.00273e-05	2.00273e-05	-95.526
209.1428	9.248	6.16961824e-11	-1.43052e-05	-3.81472e-05	3.81472e-05	-108.102
210.6137	9.252	6.17228676e-11	6.67575e-06	8.58313e-06	3.81473e-06	-68.196
212.0834	9.256	6.17495528e-11	-1.04905e-05	-1.43052e-05	1.52589e-05	-113.202
213.5418	9.26	6.177623799999999e-11	-1.71663e-05	-2.86103e-05	2.86103e-05	-135.0
215.0324	9.264	6.180292319999999e-11	6.67575e-06	5.72208e-06	2.00273e-05	20.922
216.4693	9.268	6.18296084e-11	-3.14715e-05	1.90736e-05	3.52862e-05	141.168
218.1995	9.272	6.18562936e-11	2.9564e-05	-1.33515e-05	3.05178e-05	-30.966
219.6704	9.276	6.18829788e-11	-9.5368e-06	-2.86104e-06	1.14442e-05	-172.878
221.1416	9.28	6.1909664e-11	1.62126e-05	1.14442e-05	2.6703e-05	34.044
222.6004	9.284	6.193634920000001e-11	-2.00273e-05	5.72208e-06	2.19346e-05	173.478
224.3104	9.288	6.196303439999999e-11	0.0	-1.71663e-05	1.62126e-05	-68.628
225.7577	9.292	6.198971959999999e-11	3.05178e-05	-1.62126e-05	2.28883e-05	-22.932
227.2296	9.296	6.201640479999999e-11	-2.00273e-05	-2.6703e-05	3.71935e-05	-130.398
228.7022	9.3	6.204309e-11	-1.14442e-05	-2.28883e-05	2.0981e-05	-105.642
230.1734	9.304	6.20697752e-11	-2.28883e-05	-3.05178e-05	3.52862e-05	-113.334
231.8837	9.308	6.20964604e-11	-2.47956e-05	-2.76567e-05	4.19619e-05	-147.726
233.3721	9.312	6.21231456e-11	-1.14442e-05	2.00273e-05	2.19346e-05	118.074
234.8434	9.316	6.21498308e-11	-5.72208e-06	-6.67575e-06	1.14442e-05	-130.602
236.3044	9.32	6.2176516e-11	-9.5368e-06	2.47956e-05	2.57493e-05	106.554
237.7895	9.324	6.22032012e-11	2.57493e-05	-3.33788e-05	4.10082e-05	-58.392
239.4988	9.328	6.222988639999999e-11	2.19346e-05	-6.00817e-05	6.38966e-05	-76.962
240.9903	9.332	6.22565716e-11	2.19346e-05	-4.48229e-05	4.29156e-05	-80.364
242.4403	9.336	6.22832568e-11	-1.33515e-05	-2.57493e-05	2.86103e-05	-107.196
244.1521	9.34	6.2309942e-11	3.52862e-05	-3.62399e-05	4.57766e-05	-48.576
245.6298	9.344	6.233662719999999e-11	-5.72208e-06	-2.76567e-05	2.47956e-05	-82.092
247.0921	9.348	6.23633124e-11	3.81473e-06	-3.62399e-05	4.00546e-05	-76.812
248.6036	9.352	6.23899976e-11	-1.81199e-05	-2.47956e-05	3.05178e-05	-102.906
250.0528	9.356	6.24166828e-11	2.19346e-05	-1.43052e-05	2.19346e-05	-29.052
251.8192	9.36	6.2443368e-11	-6.67575e-06	-2.00273e-05	2.57493e-05	-148.134
253.2859	9.364	6.24700532e-11	-9.5368e-06	6.67575e-06	1.04905e-05	70.824
254.7702	9.368	6.24967384e-11	8.58313e-06	-1.14442e-05	1.43052e-05	-112.932
256.2319	9.372	6.252342359999999e-11	-3.33788e-05	-3.33788e-05	4.19619e-05	-126.306
257.7157	9.376	6.255010879999999e-11	3.14715e-05	-1.90736e-06	2.9564e-05	8.328
259.1885	9.38	6.2576794e-11	2.86104e-06	-8.58313e-06	9.5368e-06	-25.02
260.6455	9.384	6.26034792e-11	-9.5368e-06	-9.5368e-06	1.52589e-05	-117.474
262.3877	9.388	6.26301644e-11	-4.29156e-05	5.72208e-06	3.81472e-05	-175.518
263.8403	9.392	6.26568496e-11	-4.86376e-05	1.52589e-05	4.48229e-05	164.664
265.3097	9.396	6.268353480000001e-11	-3.81473e-06	-4.48229e-05	4.38693e-05	-82.878
266.7824	9.4	6.271022e-11	1.71663e-05	-2.0981e-05	3.05178e-05	-41.73
268.2394	9.404	6.273690519999999e-11	-1.81199e-05	-4.57766e-05	4.57766e-05	-104.034
269.9322	9.408	6.276359039999999e-11	1.52589e-05	-2.76567e-05	3.43325e-05	-44.256
271.3696	9.412	6.27902756e-11	-2.28883e-05	-5.24523e-05	5.24523e-05	-105.846
272.8422	9.416	6.28169608e-11	-2.19346e-05	2.19346e-05	3.52862e-05	151.992
274.5706	9.42	6.2843646e-11	0.0	1.90736e-06	1.90736e-06	-75.966
276.047	9.424	6.28703312e-11	2.86104e-06	-4.00546e-05	4.19619e-05	-89.154
277.5032	9.428	6.289701640000001e-11	-2.86104e-06	-1.81199e-05	1.71663e-05	-109.092
278.9692	9.432	6.29237016e-11	-4.7684e-06	-2.47956e-05	2.3842e-05	-83.088
280.4618	9.436	6.295038679999999e-11	4.57766e-05	-2.6703e-05	4.86376e-05	-32.004
282.1824	9.44	6.297707199999999e-11	1.90736e-06	-3.91009e-05	3.71935e-05	-78.276
283.6513	9.444	6.30037572e-11	-4.00546e-05	-5.14986e-05	6.5804e-05	-133.362
285.1316	9.448	6.30304424e-11	-1.81199e-05	-6.67575e-06	2.19346e-05	180.0
286.5939	9.452	6.30571276e-11	-6.8665e-05	-1.62126e-05	7.05724e-05	-168.792
288.0864	9.456	6.30838128e-11	-4.00546e-05	-5.81744e-05	6.38966e-05	-124.194
289.5437	9.46	6.3110498e-11	1.71663e-05	-1.62126e-05	2.0981e-05	-45.0
291.0161	9.464	6.31371832e-11	1.14442e-05	-5.3406e-05	5.3406e-05	-84.492
292.7275	9.468	6.31638684e-11	4.7684e-06	-3.14715e-05	3.14715e-05	-91.146
294.198	9.472	6.31905536e-11	-3.81473e-06	-4.95913e-05	5.24523e-05	-94.824
295.6505	9.476	6.32172388e-11	1.90736e-05	-2.57493e-05	2.76567e-05	-71.112
297.1176	9.48	6.3243924e-11	3.05178e-05	-3.43325e-05	4.48229e-05	-44.412
298.6075	9.484	6.32706092e-11	-3.52862e-05	-1.62126e-05	3.71935e-05	-166.464
300.2999	9.488	6.329729439999999e-11	1.52589e-05	-4.67303e-05	4.57766e-05	-74.898
301.7427	9.492	6.33239796e-11	-1.14442e-05	-6.48503e-05	6.38966e-05	-104.334
303.2167	9.496	6.33506648e-11	6.67575e-06	-1.81199e-05	2.00273e-05	-84.804
304.7022	9.5	6.337735e-11	-4.7684e-06	-4.00546e-05	3.91009e-05	-93.876
306.1701	9.504	6.34040352e-11	-1.90736e-06	-2.00273e-05	2.19346e-05	-67.008
307.6644	9.508	6.34307204e-11	-2.19346e-05	6.67575e-06	2.6703e-05	170.136
309.118	9.512	6.34574056e-11	3.24252e-05	-6.67577e-05	7.62944e-05	-70.476
310.6011	9.516	6.348409079999999e-11	-3.62399e-05	-4.76839e-05	6.48503e-05	-121.35
312.3194	9.52	6.351077599999999e-11	-8.58313e-06	-3.43325e-05	3.52862e-05	-92.118
313.8038	9.524	6.353746119999999e-11	-1.43052e-05	-1.43052e-05	1.71663e-05	-117.642
315.2889	9.528	6.35641464e-11	1.90736e-06	-6.67575e-06	9.5368e-06	-75.258
316.7615	9.532	6.35908316e-11	-9.53682e-07	-2.6703e-05	2.28883e-05	-75.468
318.2317	9.536	6.36175168e-11	3.71935e-05	-3.14715e-05	4.67303e-05	-42.048
319.6892	9.54	6.3644202e-11	-2.0981e-05	-3.81472e-05	5.14986e-05	-119.658
321.1615	9.544	6.367088719999999e-11	1.33515e-05	-3.33788e-05	3.71935e-05	-59.532
322.8539	9.548	6.369757239999999e-11	-2.86104e-06	-6.48503e-05	6.38966e-05	-84.642
324.329	9.552	6.372425759999999e-11	-9.5368e-06	-2.9564e-05	3.05178e-05	-114.342
325.7606	9.556	6.375094279999999e-11	3.81473e-06	-5.81744e-05	5.9128e-05	-82.878
327.2524	9.56	6.3777628e-11	4.76839e-05	-5.9128e-05	7.05724e-05	-53.808
328.7092	9.564	6.38043132e-11	-2.6703e-05	-6.5804e-05	6.77113e-05	-102.654
330.4523	9.568	6.38309984e-11	6.00817e-05	-7.05724e-05	8.39238e-05	-49.764
331.9045	9.572	6.38576836e-11	1.90736e-06	-5.53133e-05	5.72207e-05	-80.328
333.3952	9.576	6.38843688e-11	-2.76567e-05	-4.00546e-05	5.24523e-05	-137.49
335.1002	9.58	6.3911054e-11	1.23978e-05	-4.76839e-05	4.86376e-05	-71.31
336.5923	9.584	6.393773919999999e-11	1.81199e-05	-5.0545e-05	5.72207e-05	-55.764
338.0648	9.588	6.396442439999999e-11	6.96187e-05	-9.53679e-05	0.000114441	-58.734
339.5469	9.592	6.39911096e-11	5.72207e-05	-8.01091e-05	9.91826e-05	-53.832
341.0188	9.596	6.40177948e-11	3.62399e-05	-1.14442e-05	4.38693e-05	-10.824
342.4818	9.6	6.404448e-11	4.19619e-05	-3.33788e-05	5.24523e-05	-41.328
343.9828	9.604	6.407116519999999e-11	-9.53682e-07	-2.86104e-06	8.58313e-06	-48.816
345.4347	9.608	6.40978504e-11	4.95913e-05	-3.43325e-05	5.53133e-05	-35.97
346.9074	9.612	6.41245356e-11	7.24797e-05	-6.67575e-06	8.58312e-05	-6.102
348.3588	9.616	6.41512208e-11	5.72207e-05	-3.81473e-06	5.9128e-05	-4.35
349.8217	9.62	6.417790599999999e-11	6.67577e-05	-4.95913e-05	8.10628e-05	-34.482
351.303	9.624	6.42045912e-11	9.53682e-07	-4.00546e-05	4.29156e-05	-77.562
353.0308	9.628	6.42312764e-11	7.05724e-05	-5.53133e-05	8.01091e-05	-26.562
354.517	9.632	6.425796159999999e-11	7.82018e-05	-5.3406e-05	8.77385e-05	-39.516
355.9758	9.636	6.428464679999999e-11	4.10082e-05	-7.62945e-06	4.57766e-05	-6.84
357.4647	9.64	6.4311332e-11	0.000129701	6.67575e-06	0.000135423	4.44
358.9357	9.644	6.43380172e-11	0.000138284	1.04905e-05	0.00014782	6.282
360.6594	9.648	6.43647024e-11	0.000121117	1.23978e-05	0.000123025	9.618
362.133	9.652	6.43913876e-11	0.000114441	1.52589e-05	0.000112534	11.838
363.6063	9.656	6.44180728e-11	0.000130654	5.81744e-05	0.000143052	23.094
365.3155	9.66	6.444475799999999e-11	0.000151635	4.00546e-05	0.000164987	17.316
366.818	9.664	6.447144319999999e-11	0.000128747	7.05724e-05	0.000145913	26.214
368.2735	9.668	6.449812839999999e-11	0.000221253	0.000106812	0.000236512	26.052
369.7451	9.672	6.45248136e-11	0.000144006	0.000113488	0.00018406	39.462
371.232	9.676	6.45514988e-11	0.000196458	0.000107766	0.000219346	30.786
372.6691	9.68	6.4578184e-11	0.00023842	0.000160218	0.000288012	33.546
374.1587	9.684	6.46048692e-11	0.000265123	0.000211717	0.000338556	38.538
375.6432	9.688	6.46315544e-11	0.000280382	0.000196458	0.000341417	36.264
377.1046	9.692	6.465823959999999e-11	0.000305178	0.000196458	0.000363352	32.586
378.5717	9.696	6.468492479999999e-11	0.000323297	0.000267984	0.000421526	39.966
380.031	9.7	6.471160999999999e-11	0.000347139	0.00026417	0.000431063	37.206
381.5519	9.704	6.47382952e-11	0.0003109	0.000258448	0.000410082	39.15
383.2634	9.708	6.47649804e-11	0.00035	0.000245096	0.000429155	35.796
384.7454	9.712	6.47916656e-11	0.000340464	0.000298502	0.000456812	40.704
386.1831	9.716	6.48183508e-11	0.000355722	0.000353815	0.000501636	45.696
387.655	9.72	6.4845036e-11	0.00035	0.000337603	0.000481607	44.268
389.1238	9.724	6.48717212e-11	0.000301363	0.000345232	0.000463488	48.456
390.8546	9.728	6.48984064e-11	0.000278475	0.000304224	0.000411035	48.66
392.3124	9.732	6.492509159999999e-11	0.000245096	0.000345232	0.000433924	55.086
393.7868	9.736	6.49517768e-11	0.000181199	0.000297548	0.000347139	59.052
395.4974	9.74	6.4978462e-11	0.000140191	0.000280382	0.000322344	62.34
396.9668	9.744	6.50051472e-11	9.82289e-05	0.000293734	0.000307085	71.448
398.4382	9.748	6.503183239999999e-11	9.25069e-05	0.000269892	0.000287058	72.276
399.8895	9.752	6.50585176e-11	4.48229e-05	0.000214578	0.0002203	78.252
401.3486	9.756	6.50852028e-11	-1.43052e-05	0.000201226	0.000201226	95.862
403.0697	9.76	6.5111888e-11	-2.19346e-05	0.000134469	0.000136376	96.624
404.5497	9.764	6.51385732e-11	-6.8665e-05	9.72752e-05	0.000117302	123.87
406.0202	9.768	6.51652584e-11	-5.53133e-05	1.52589e-05	6.38966e-05	167.664
407.5029	9.772	6.51919436e-11	-7.34334e-05	8.58313e-06	7.34334e-05	177.444
408.9939	9.776	6.521862879999999e-11	-9.82289e-05	-4.10082e-05	0.000110627	-157.83
410.4581	9.78	6.524531399999999e-11	-7.62944e-05	-0.000100136	0.000129701	-131.73
411.918	9.784	6.52719992e-11	-4.19619e-05	-0.000210763	0.000210763	-100.02
413.6453	9.788	6.52986844e-11	-3.81472e-05	-0.000210763	0.00021267	-98.052
415.1186	9.792	6.53253696e-11	-3.52862e-05	-0.000237466	0.000231744	-102.0
416.6005	9.796	6.53520548e-11	-1.52589e-05	-0.000242234	0.000243188	-94.518
418.0958	9.8	6.537874000000001e-11	-3.33788e-05	-0.000243188	0.000247004	-96.744
419.5759	9.804	6.540542519999999e-11	-2.00273e-05	-0.000294687	0.000299456	-89.874
421.3046	9.808	6.543211039999999e-11	-2.0981e-05	-0.000279428	0.000280382	-94.368
422.777	9.812	6.545879559999999e-11	-3.62399e-05	-0.000268938	0.000258448	-96.792
424.2515	9.816	6.54854808e-11	-3.05178e-05	-0.000269892	0.000271799	-96.798
425.733	9.82	6.5512166e-11	-4.95913e-05	-0.000235558	0.000251772	-102.42
427.1919	9.824	6.55388512e-11	-2.86103e-05	-0.000219346	0.000221253	-97.716
428.9486	9.828	6.55655364e-11	-4.57766e-05	-0.000182153	0.00018406	-103.53
430.4067	9.832	6.55922216e-11	-5.53133e-05	-0.000164033	0.000170709	-111.132
431.9059	9.836	6.56189068e-11	-7.34334e-05	-0.000122071	0.000141145	-117.408
433.3992	9.84	6.564559199999999e-11	-7.53407e-05	-7.05724e-05	0.00010109	-137.16
434.8697	9.844	6.567227719999999e-11	-8.01091e-05	-5.3406e-05	9.25069e-05	-146.538
436.3029	9.848	6.56989624e-11	-2.19346e-05	-3.43325e-05	3.71935e-05	-112.932
437.7987	9.852	6.57256476e-11	3.24252e-05	5.72208e-06	3.24252e-05	16.116
439.2298	9.856	6.57523328e-11	1.90736e-06	-1.62126e-05	1.71663e-05	-74.358
440.9616	9.86	6.577901799999999e-11	-2.47956e-05	2.00273e-05	3.05178e-05	124.698
442.4169	9.864	6.58057032e-11	3.14715e-05	2.86103e-05	3.71935e-05	58.326
443.8869	9.868	6.58323884e-11	8.58313e-06	5.6267e-05	5.6267e-05	79.758
445.3615	9.872	6.58590736e-11	-2.86104e-06	3.05178e-05	3.05178e-05	113.838
446.8346	9.876	6.58857588e-11	3.24252e-05	5.53133e-05	6.48503e-05	62.916
448.3061	9.88	6.5912444e-11	1.04905e-05	0.0	1.90736e-05	7.122
449.7891	9.884	6.59391292e-11	-1.04905e-05	-4.29156e-05	4.86376e-05	-114.828
451.5197	9.888	6.59658144e-11	-4.7684e-06	-6.96187e-05	6.96187e-05	-100.254
452.9528	9.892	6.599249959999999e-11	-3.71935e-05	-3.71935e-05	5.24523e-05	-135.0
454.4294	9.896	6.60191848e-11	-7.62945e-06	-3.24252e-05	2.86103e-05	-107.526
455.8833	9.9	6.604587e-11	5.72208e-06	-5.24523e-05	5.72207e-05	-94.044
457.3537	9.904	6.60725552e-11	-7.1526e-05	-6.5804e-05	9.44142e-05	-139.668
459.0987	9.908	6.60992404e-11	-6.00817e-05	-4.57766e-05	6.67577e-05	-143.49
460.5693	9.912	6.61259256e-11	1.52589e-05	-6.96187e-05	7.05724e-05	-79.314
462.0707	9.916	6.61526108e-11	-9.5368e-06	-2.00273e-05	2.28883e-05	-130.764
463.8185	9.92	6.617929599999999e-11	-3.52862e-05	-3.62399e-05	4.57766e-05	-143.652
465.2694	9.924	6.620598119999999e-11	-4.29156e-05	-3.33788e-05	5.53133e-05	-148.152
466.7248	9.928	6.62326664e-11	0.0	-1.62126e-05	1.52589e-05	-52.596
468.194	9.932	6.62593516e-11	9.5368e-06	-3.43325e-05	3.62399e-05	-76.704
469.6318	9.936	6.62860368e-11	1.14442e-05	2.6703e-05	2.86103e-05	64.026
471.3628	9.94	6.6312722e-11	-4.7684e-06	-3.43325e-05	3.81472e-05	-97.35
472.8176	9.944	6.633940720000001e-11	-2.6703e-05	-2.6703e-05	3.91009e-05	-132.336
474.2935	9.948	6.63660924e-11	-2.28883e-05	-5.14986e-05	4.86376e-05	-112.752
475.7245	9.952	6.639277759999999e-11	-6.67575e-06	-1.90736e-06	7.62945e-06	156.798
477.2029	9.956	6.641946279999999e-11	-1.33515e-05	-2.9564e-05	3.05178e-05	-112.89
478.6591	9.96	6.6446148e-11	-3.14715e-05	-7.24797e-05	8.10628e-05	-111.39
480.109	9.964	6.64728332e-11	-2.9564e-05	-5.9128e-05	6.77113e-05	-122.64
481.8217	9.968	6.64995184e-11	-5.6267e-05	-6.67577e-05	9.05995e-05	-137.67
483.3095	9.972	6.65262036e-11	-7.72481e-05	-3.71935e-05	7.34334e-05	-148.572
484.7621	9.976	6.65528888e-11	-0.000100136	-1.81199e-05	0.000106812	-168.486
486.2712	9.98	6.6579574e-11	-9.25069e-05	-7.91554e-05	0.000114441	-133.026
487.7527	9.984	6.66062592e-11	-8.58312e-05	-4.67303e-05	0.000100136	-144.852
489.4642	9.988	6.663294439999999e-11	-6.48503e-05	-3.14715e-05	6.96187e-05	-161.568
490.9358	9.992	6.66596296e-11	-6.19893e-05	-1.04905e-05	5.0545e-05	-179.238
492.3945	9.996	6.66863148e-11	-5.6267e-05	5.0545e-05	7.91554e-05	143.13
493.8633	10.0	6.6713e-11	-6.19893e-05	-6.67575e-06	7.05724e-05	-173.136
495.3224	10.004	6.673968519999999e-11	-2.00273e-05	-6.19893e-05	6.38966e-05	-110.694
496.7936	10.008	6.676637039999999e-11	-1.14442e-05	-3.81473e-06	1.90736e-05	-163.812
498.2464	10.012	6.67930556e-11	4.7684e-06	-5.0545e-05	5.0545e-05	-95.13
499.6985	10.016	6.68197408e-11	-2.3842e-05	-1.33515e-05	2.3842e-05	-146.766
501.4133	10.02	6.6846426e-11	-9.5368e-06	-2.0981e-05	2.0981e-05	-112.17
502.8884	10.024	6.68731112e-11	-1.71663e-05	-3.05178e-05	3.14715e-05	-111.57
504.3512	10.028	6.68997964e-11	-9.53682e-07	-4.67303e-05	4.48229e-05	-84.804
505.8107	10.032	6.692648159999999e-11	3.91009e-05	-2.0981e-05	4.57766e-05	-19.764
507.3008	10.036	6.695316679999999e-11	-7.62945e-06	-2.76567e-05	2.57493e-05	-97.308
508.7582	10.04	6.697985199999999e-11	-4.7684e-06	-3.14715e-05	2.86103e-05	-86.01
510.2089	10.044	6.70065372e-11	-3.71935e-05	-9.5368e-06	4.10082e-05	-158.7
511.6611	10.048	6.70332224e-11	-2.47956e-05	3.33788e-05	3.91009e-05	114.444
513.1701	10.052	6.70599076e-11	-4.19619e-05	2.86104e-06	3.71935e-05	168.888
514.6366	10.056	6.70865928e-11	-2.6703e-05	1.33515e-05	2.57493e-05	140.388
516.1459	10.06	6.7113278e-11	-4.29156e-05	3.33788e-05	5.9128e-05	144.108
517.5972	10.064	6.713996319999999e-11	-2.6703e-05	6.48503e-05	6.77113e-05	116.052
519.3046	10.068	6.716664839999999e-11	-2.76567e-05	5.0545e-05	5.72207e-05	117.132
520.8149	10.072	6.719333359999999e-11	-4.29156e-05	4.10082e-05	5.3406e-05	133.806
522.2962	10.076	6.72200188e-11	-5.14986e-05	3.14715e-05	5.9128e-05	147.378
524.0149	10.08	6.7246704e-11	-1.90736e-06	-2.3842e-05	2.28883e-05	-123.234
525.485	10.084	6.72733892e-11	-1.81199e-05	-2.0981e-05	2.57493e-05	-123.312
526.9557	10.088	6.73000744e-11	-4.29156e-05	-1.14442e-05	4.38693e-05	-166.812
528.4454	10.092	6.73267596e-11	-3.81473e-06	-2.00273e-05	1.81199e-05	-112.62
529.9321	10.096	6.73534448e-11	-4.48229e-05	-3.05178e-05	5.14986e-05	-137.118
531.674	10.1	6.738012999999999e-11	3.81473e-06	-2.6703e-05	2.6703e-05	-84.918
533.1461	10.104	6.740681519999999e-11	-3.91009e-05	-3.81472e-05	6.00817e-05	-148.392
534.6269	10.108	6.74335004e-11	9.5368e-06	-5.81744e-05	5.72207e-05	-64.686
536.1182	10.112	6.74601856e-11	1.33515e-05	-2.3842e-05	3.33788e-05	-64.398
537.5898	10.116	6.74868708e-11	2.9564e-05	-6.8665e-05	6.8665e-05	-66.798
539.0769	10.12	6.751355599999999e-11	-3.81472e-05	-9.53682e-07	3.14715e-05	-177.51
540.5502	10.124	6.75402412e-11	-2.57493e-05	0.0	2.28883e-05	171.12
542.2916	10.128	6.75669264e-11	9.53682e-07	-1.14442e-05	1.52589e-05	-22.17
543.7577	10.132	6.75936116e-11	-1.43052e-05	-8.58313e-06	8.58313e-06	-167.472
545.2154	10.136	6.762029679999999e-11	-2.19346e-05	-1.81199e-05	2.57493e-05	-133.998
546.69	10.14	6.7646982e-11	-3.62399e-05	-5.14986e-05	6.2943e-05	-130.344
548.1409	10.144	6.76736672e-11	-4.48229e-05	-3.62399e-05	6.5804e-05	-150.996
549.8387	10.148	6.770035239999999e-11	-1.14442e-05	-8.58313e-06	1.33515e-05	-105.642
551.2906	10.152	6.772703759999999e-11	-2.57493e-05	2.3842e-05	3.52862e-05	129.144
552.7696	10.156	6.77537228e-11	3.81473e-06	-1.90736e-05	1.62126e-05	-85.032
554.4627	10.16	6.7780408e-11	1.14442e-05	1.52589e-05	1.90736e-05	56.886
555.9141	10.164	6.78070932e-11	-7.62945e-06	2.19346e-05	2.6703e-05	118.302
557.4174	10.168	6.78337784e-11	4.19619e-05	6.67575e-06	3.24252e-05	8.748
558.8775	10.172	6.78604636e-11	1.71663e-05	-6.67575e-06	1.33515e-05	-80.136
560.3669	10.176	6.788714879999999e-11	-3.81473e-06	-1.04905e-05	8.58313e-06	-30.966
562.1077	10.18	6.791383399999999e-11	-1.14442e-05	1.23978e-05	2.00273e-05	85.362
563.608	10.184	6.794051919999999e-11	1.23978e-05	2.6703e-05	2.57493e-05	91.686
565.0607	10.188	6.79672044e-11	1.62126e-05	2.3842e-05	2.86103e-05	61.698
566.5623	10.192	6.79938896e-11	-4.10082e-05	-6.67575e-06	4.67303e-05	-168.846
568.0378	10.196	6.80205748e-11	1.14442e-05	-2.57493e-05	2.47956e-05	-62.7
569.4991	10.2	6.804726e-11	1.62126e-05	1.23978e-05	2.57493e-05	38.886
570.9698	10.204	6.807394520000001e-11	9.5368e-06	1.33515e-05	2.0981e-05	55.302
572.6884	10.208	6.810063039999999e-11	-2.3842e-05	1.04905e-05	1.62126e-05	163.608
574.1608	10.212	6.812731559999999e-11	0.0	2.86103e-05	2.3842e-05	68.196
575.6215	10.216	6.815400079999999e-11	1.52589e-05	-1.33515e-05	2.47956e-05	-27.18
577.0744	10.22	6.8180686e-11	-1.14442e-05	1.71663e-05	2.3842e-05	149.742
578.5318	10.224	6.82073712e-11	-2.57493e-05	1.14442e-05	2.6703e-05	169.824
580.2591	10.228	6.82340564e-11	-9.53682e-07	-2.19346e-05	1.81199e-05	-81.57
581.7792	10.232	6.82607416e-11	9.5368e-06	1.90736e-06	1.23978e-05	25.2
583.2326	10.236	6.82874268e-11	-4.67303e-05	-2.9564e-05	5.81744e-05	-144.39
584.9537	10.24	6.8314112e-11	5.72208e-06	2.6703e-05	3.14715e-05	67.794
586.4649	10.244	6.83407972e-11	-4.10082e-05	-1.62126e-05	3.43325e-05	-155.058
587.9345	10.248	6.836748239999999e-11	6.67575e-06	-1.33515e-05	1.52589e-05	-70.824
589.4073	10.252	6.83941676e-11	-3.81473e-06	1.90736e-06	6.67575e-06	36.024
590.8929	10.256	6.84208528e-11	-9.53682e-07	1.71663e-05	2.00273e-05	136.272
592.6245	10.26	6.8447538e-11	-1.52589e-05	-1.33515e-05	2.57493e-05	177.336
594.1064	10.264	6.847422319999999e-11	-4.38693e-05	-2.47956e-05	5.3406e-05	-159.114
595.5975	10.268	6.85009084e-11	-1.62126e-05	-4.29156e-05	4.00546e-05	-122.004
597.0495	10.272	6.85275936e-11	2.86104e-06	-3.24252e-05	3.24252e-05	-77.346
598.5251	10.276	6.85542788e-11	6.67575e-06	-2.6703e-05	2.57493e-05	-100.176
599.9893	10.28	6.8580964e-11	3.91009e-05	-5.9128e-05	6.96187e-05	-50.628
601.4462	10.284	6.86076492e-11	8.58313e-06	-3.33788e-05	3.43325e-05	-79.314
603.1748	10.288	6.86343344e-11	1.43052e-05	-4.7684e-06	1.81199e-05	-9.78
604.648	10.292	6.866101959999999e-11	4.95913e-05	-8.58313e-06	5.53133e-05	-15.666
606.1319	10.296	6.868770479999999e-11	-1.04905e-05	1.23978e-05	1.81199e-05	131.988
607.5902	10.3	6.871439e-11	1.33515e-05	0.0	1.04905e-05	36.252
609.0594	10.304	6.87410752e-11	3.81473e-06	-6.67575e-06	3.81473e-06	-101.31
610.7746	10.308	6.87677604e-11	4.57766e-05	1.90736e-05	5.0545e-05	17.718
612.2276	10.312	6.87944456e-11	8.58313e-06	2.3842e-05	2.6703e-05	74.052
613.7168	10.316	6.88211308e-11	3.81473e-06	-2.00273e-05	2.0981e-05	-81.87
615.1705	10.32	6.884781599999999e-11	4.57766e-05	-3.81473e-06	4.86376e-05	-3.864
616.6559	10.324	6.887450119999999e-11	3.33788e-05	6.8665e-05	7.43871e-05	58.596
618.3647	10.328	6.890118639999999e-11	2.3842e-05	2.9564e-05	3.71935e-05	61.23
619.8383	10.332	6.89278716e-11	6.67575e-06	2.00273e-05	1.71663e-05	73.074
621.3106	10.336	6.89545568e-11	-1.14442e-05	4.7684e-06	1.23978e-05	129.804
623.0346	10.34	6.8981242e-11	-1.23978e-05	1.33515e-05	1.81199e-05	141.006
624.494	10.344	6.90079272e-11	-3.33788e-05	1.90736e-05	3.52862e-05	150.948
625.975	10.348	6.90346124e-11	0.0	2.0981e-05	1.52589e-05	53.748
627.4564	10.352	6.90612976e-11	4.86376e-05	1.04905e-05	4.10082e-05	0.972
628.8889	10.356	6.908798279999999e-11	5.72208e-06	2.47956e-05	2.0981e-05	72.252
630.618	10.36	6.911466799999999e-11	2.19346e-05	4.19619e-05	4.86376e-05	69.954
632.0861	10.364	6.91413532e-11	2.86104e-06	-9.53682e-07	4.7684e-06	-48.816
633.5421	10.368	6.91680384e-11	6.19893e-05	1.62126e-05	6.38966e-05	19.008
635.0033	10.372	6.91947236e-11	2.86103e-05	-1.33515e-05	3.14715e-05	-23.502
636.4843	10.376	6.92214088e-11	5.14986e-05	3.91009e-05	6.00817e-05	36.324
637.9483	10.38	6.9248094e-11	-1.43052e-05	-2.76567e-05	3.52862e-05	-139.512
639.3999	10.384	6.92747792e-11	1.14442e-05	1.04905e-05	1.52589e-05	60.522
641.144	10.388	6.93014644e-11	2.57493e-05	-1.43052e-05	1.71663e-05	-20.226
642.5957	10.392	6.932814959999999e-11	3.52862e-05	2.86104e-06	2.9564e-05	6.954
644.0727	10.396	6.93548348e-11	5.14986e-05	-3.43325e-05	6.10356e-05	-40.602
645.5031	10.4	6.938152e-11	3.91009e-05	-3.33788e-05	5.43597e-05	-38.118
646.9935	10.404	6.94082052e-11	2.76567e-05	3.52862e-05	4.38693e-05	43.194
648.7377	10.408	6.943489039999999e-11	-9.5368e-06	-4.48229e-05	4.76839e-05	-101.766
650.1897	10.412	6.94615756e-11	3.91009e-05	-6.67575e-06	3.52862e-05	1.122
651.6962	10.416	6.94882608e-11	3.05178e-05	1.33515e-05	3.24252e-05	40.362
653.4046	10.42	6.9514946e-11	-2.86104e-06	1.52589e-05	1.33515e-05	87.138
654.8951	10.424	6.95416312e-11	-1.90736e-05	6.67575e-06	1.90736e-05	147.996
656.3529	10.428	6.95683164e-11	8.58313e-06	1.71663e-05	1.81199e-05	81.57
657.8355	10.432	6.95950016e-11	1.04905e-05	3.24252e-05	2.9564e-05	93.816
659.3132	10.436	6.962168679999999e-11	2.57493e-05	-1.43052e-05	1.81199e-05	-61.926
661.0338	10.44	6.964837199999999e-11	-9.53682e-07	3.71935e-05	3.43325e-05	90.0
662.5105	10.444	6.96750572e-11	6.67575e-06	2.19346e-05	2.19346e-05	81.636
663.9838	10.448	6.97017424e-11	4.38693e-05	-4.86376e-05	6.19893e-05	-46.314
665.4669	10.452	6.97284276e-11	2.57493e-05	-9.53682e-07	2.9564e-05	-8.472
666.9538	10.456	6.97551128e-11	1.04905e-05	-3.71935e-05	3.62399e-05	-71.568
668.411	10.46	6.978179800000001e-11	1.90736e-05	1.23978e-05	2.19346e-05	48.99
669.864	10.464	6.980848319999999e-11	2.19346e-05	6.67575e-06	2.76567e-05	21.126
671.561	10.468	6.983516839999999e-11	3.81473e-06	1.90736e-05	2.19346e-05	73.008
673.0616	10.472	6.986185359999999e-11	1.14442e-05	-1.14442e-05	1.62126e-05	-84.096
674.5392	10.476	6.98885388e-11	5.24523e-05	-3.43325e-05	5.43597e-05	-39.288
675.9917	10.48	6.9915224e-11	-9.53682e-07	-2.76567e-05	2.28883e-05	-99.162
677.465	10.484	6.99419092e-11	-1.62126e-05	-4.57766e-05	4.67303e-05	-96.522
679.1884	10.488	6.99685944e-11	-1.62126e-05	-7.62945e-06	2.3842e-05	-142.884
680.6421	10.492	6.99952796e-11	-1.33515e-05	-2.19346e-05	2.28883e-05	-104.826
682.1021	10.496	7.00219648e-11	-9.5368e-06	0.0	9.5368e-06	155.226
683.8287	10.5	7.004865e-11	-2.0981e-05	2.76567e-05	4.38693e-05	119.448
685.2806	10.504	7.007533519999999e-11	-1.81199e-05	0.0	1.62126e-05	-169.116
686.7501	10.508	7.010202039999999e-11	2.86103e-05	-2.28883e-05	4.38693e-05	-35.256
688.2214	10.512	7.01287056e-11	-1.62126e-05	-3.33788e-05	3.43325e-05	-124.698
689.6929	10.516	7.01553908e-11	-9.53682e-07	1.71663e-05	1.71663e-05	120.066
691.4346	10.52	7.018207599999999e-11	-3.14715e-05	-2.28883e-05	3.33788e-05	-134.088
692.9419	10.524	7.020876119999999e-11	3.43325e-05	-5.72208e-06	2.3842e-05	-11.976
694.4184	10.528	7.02354464e-11	1.04905e-05	-5.72208e-06	1.52589e-05	-36.87
695.8827	10.532	7.02621316e-11	2.28883e-05	-4.00546e-05	4.57766e-05	-64.884
697.3214	10.536	7.02888168e-11	-1.33515e-05	-3.62399e-05	3.24252e-05	-87.456
698.7799	10.54	7.031550199999998e-11	2.86103e-05	1.90736e-05	3.14715e-05	44.172
700.268	10.544	7.03421872e-11	2.3842e-05	-2.00273e-05	2.86103e-05	-76.908
702.0094	10.548	7.03688724e-11	5.53133e-05	4.7684e-06	5.53133e-05	6.342
703.4833	10.552	7.039555759999999e-11	4.00546e-05	-2.6703e-05	3.91009e-05	-46.434
704.9665	10.556	7.042224279999999e-11	6.67575e-06	-1.71663e-05	6.67575e-06	161.568
706.4256	10.56	7.0448928e-11	-8.58313e-06	-7.24797e-05	7.43871e-05	-97.368
707.9114	10.564	7.04756132e-11	-4.7684e-06	2.86104e-06	8.58313e-06	108.432
709.6113	10.568	7.05022984e-11	1.90736e-05	-2.6703e-05	3.81472e-05	-48.216
711.0624	10.572	7.05289836e-11	2.00273e-05	0.0	2.86103e-05	14.934
712.5144	10.576	7.05556688e-11	3.05178e-05	4.76839e-05	6.10356e-05	53.976
714.2483	10.58	7.058235399999999e-11	2.57493e-05	-1.04905e-05	2.86103e-05	-22.038
715.6814	10.584	7.060903919999999e-11	3.52862e-05	0.0	3.71935e-05	-3.066
717.1698	10.588	7.063572439999999e-11	4.10082e-05	-1.81199e-05	3.71935e-05	-36.654
718.6312	10.592	7.06624096e-11	1.62126e-05	-3.81473e-06	1.71663e-05	6.582
720.0939	10.596	7.06890948e-11	8.58313e-06	1.43052e-05	1.71663e-05	41.82
721.8269	10.6	7.071578e-11	-1.33515e-05	1.90736e-06	0.0	0.0
723.2824	10.604	7.07424652e-11	1.62126e-05	-1.62126e-05	2.57493e-05	-31.704
724.7641	10.608	7.07691504e-11	2.28883e-05	-1.43052e-05	2.86103e-05	-30.066
726.2226	10.612	7.079583559999999e-11	3.43325e-05	-2.86104e-06	4.10082e-05	-0.858
727.6796	10.616	7.082252079999999e-11	-1.71663e-05	-3.33788e-05	3.43325e-05	-103.17
729.1512	10.62	7.084920599999999e-11	8.58313e-06	-1.90736e-05	2.00273e-05	-79.38
730.6403	10.624	7.08758912e-11	3.52862e-05	1.33515e-05	3.71935e-05	18.084
732.3619	10.628	7.09025764e-11	2.9564e-05	2.19346e-05	3.52862e-05	30.174
733.8491	10.632	7.09292616e-11	2.3842e-05	-2.00273e-05	2.3842e-05	-37.236
735.3208	10.636	7.095594679999999e-11	-4.7684e-06	-3.05178e-05	2.86103e-05	-88.602
736.7781	10.64	7.0982632e-11	-2.86104e-06	2.57493e-05	2.47956e-05	99.462
738.237	10.644	7.10093172e-11	2.9564e-05	-4.7684e-06	3.05178e-05	-36.384
739.9302	10.648	7.10360024e-11	-2.47956e-05	3.05178e-05	3.71935e-05	118.368
741.3819	10.652	7.106268759999999e-11	2.3842e-05	3.71935e-05	4.48229e-05	53.298
742.8237	10.656	7.10893728e-11	3.43325e-05	1.81199e-05	4.10082e-05	25.344
744.5486	10.66	7.1116058e-11	3.43325e-05	-1.62126e-05	3.81472e-05	-14.28
746.0258	10.664	7.114274319999999e-11	-2.86104e-06	-3.52862e-05	3.52862e-05	-96.462
747.4905	10.668	7.116942839999999e-11	-7.62945e-06	-2.47956e-05	2.57493e-05	-107.97
748.9615	10.672	7.11961136e-11	-1.90736e-06	9.53682e-07	1.04905e-05	-31.326
750.4342	10.676	7.12227988e-11	3.24252e-05	-2.76567e-05	4.00546e-05	-37.266
752.1434	10.68	7.1249484e-11	1.04905e-05	2.19346e-05	3.14715e-05	46.506
753.622	10.684	7.12761692e-11	9.5368e-06	-9.5368e-06	1.33515e-05	-31.428
755.0932	10.688	7.13028544e-11	-3.14715e-05	-6.67575e-06	2.19346e-05	-146.886
756.5655	10.692	7.132953959999999e-11	-4.76839e-05	-1.43052e-05	5.0545e-05	-163.74
758.0187	10.696	7.135622479999999e-11	3.33788e-05	1.52589e-05	3.52862e-05	18.432
759.4716	10.7	7.138290999999999e-11	1.23978e-05	3.91009e-05	4.19619e-05	66.684
760.9574	10.704	7.14095952e-11	3.52862e-05	-2.86104e-06	3.43325e-05	12.654
762.7003	10.708	7.14362804e-11	1.04905e-05	-1.14442e-05	1.33515e-05	-64.656
764.1697	10.712	7.14629656e-11	3.33788e-05	2.86104e-06	3.52862e-05	7.386
765.6096	10.716	7.14896508e-11	1.90736e-05	-2.6703e-05	3.52862e-05	-49.29
767.1204	10.72	7.151633600000001e-11	4.38693e-05	-9.5368e-06	5.0545e-05	-7.638
768.591	10.724	7.154302119999999e-11	-9.53682e-07	5.72208e-06	3.81473e-06	35.538
770.3132	10.728	7.156970639999999e-11	1.90736e-05	-3.81473e-06	2.0981e-05	-26.562
771.7995	10.732	7.159639159999999e-11	8.58313e-06	-1.33515e-05	2.28883e-05	-41.532
773.2589	10.736	7.16230768e-11	-2.6703e-05	-1.62126e-05	2.6703e-05	-164.478
774.9704	10.74	7.1649762e-11	1.23978e-05	-2.28883e-05	2.57493e-05	-83.208
776.4731	10.744	7.16764472e-11	-4.29156e-05	-1.90736e-06	5.0545e-05	173.988
777.9268	10.748	7.17031324e-11	1.90736e-06	-1.43052e-05	1.71663e-05	-55.176
779.4035	10.752	7.17298176e-11	3.43325e-05	2.86104e-06	1.23978e-05	21.036
780.855	10.756	7.17565028e-11	-9.5368e-06	1.04905e-05	1.23978e-05	102.096
782.3299	10.76	7.178318799999999e-11	-2.47956e-05	3.05178e-05	4.19619e-05	141.606
783.7769	10.764	7.180987319999999e-11	2.57493e-05	1.04905e-05	2.57493e-05	17.448
785.2396	10.768	7.18365584e-11	2.3842e-05	8.58313e-06	3.52862e-05	8.532
786.7091	10.772	7.18632436e-11	1.52589e-05	-7.62945e-06	1.33515e-05	-15.522
788.1831	10.776	7.18899288e-11	2.19346e-05	2.9564e-05	4.10082e-05	40.29
789.655	10.78	7.191661399999999e-11	-3.62399e-05	-1.52589e-05	3.14715e-05	-150.42
791.0853	10.784	7.19432992e-11	1.71663e-05	-3.24252e-05	3.05178e-05	-62.784
792.8047	10.788	7.19699844e-11	4.10082e-05	3.52862e-05	5.81744e-05	35.094
794.258	10.792	7.19966696e-11	1.52589e-05	-2.86103e-05	3.05178e-05	-65.658
795.7127	10.796	7.20233548e-11	2.19346e-05	4.7684e-06	1.43052e-05	57.096
797.1844	10.8	7.205004e-11	2.00273e-05	-4.7684e-06	1.71663e-05	10.494
798.6674	10.804	7.20767252e-11	-1.04905e-05	-2.9564e-05	3.05178e-05	-68.808
800.3772	10.808	7.210341039999999e-11	6.67575e-06	-1.81199e-05	1.90736e-05	-59.352
801.8373	10.812	7.213009559999999e-11	-3.81473e-06	5.72208e-06	1.14442e-05	62.358
803.2937	10.816	7.21567808e-11	-1.23978e-05	-5.14986e-05	4.95913e-05	-98.688
804.7748	10.82	7.2183466e-11	1.81199e-05	-4.7684e-06	2.3842e-05	-7.308
806.2346	10.824	7.22101512e-11	2.86104e-06	1.52589e-05	1.52589e-05	113.202
807.9284	10.828	7.22368364e-11	-4.7684e-06	1.90736e-05	1.62126e-05	92.724
809.4054	10.832	7.22635216e-11	1.14442e-05	1.04905e-05	2.0981e-05	35.136
810.8868	10.836	7.229020679999999e-11	1.52589e-05	-5.72208e-06	1.52589e-05	-19.176
812.3639	10.84	7.231689199999999e-11	3.62399e-05	-1.43052e-05	3.62399e-05	-21.612
813.836	10.844	7.234357719999999e-11	2.6703e-05	1.90736e-06	2.6703e-05	7.944
815.2691	10.848	7.23702624e-11	6.19893e-05	0.0	5.53133e-05	-5.712
816.7424	10.852	7.23969476e-11	-1.52589e-05	-1.14442e-05	2.57493e-05	-163.182
818.2182	10.856	7.24236328e-11	2.3842e-05	-4.00546e-05	4.57766e-05	-51.204
819.9239	10.86	7.2450318e-11	3.91009e-05	2.28883e-05	3.91009e-05	33.69
821.3626	10.864	7.247700320000001e-11	1.90736e-05	2.9564e-05	3.71935e-05	55.176
822.8392	10.868	7.25036884e-11	-2.0981e-05	1.23978e-05	1.62126e-05	135.0
824.3052	10.872	7.253037359999999e-11	2.19346e-05	3.81473e-06	2.76567e-05	7.272
825.7574	10.876	7.255705879999999e-11	-3.33788e-05	-6.67575e-06	3.52862e-05	-159.444
827.2506	10.88	7.2583744e-11	8.58313e-06	-3.33788e-05	3.14715e-05	-42.09
828.707	10.884	7.26104292e-11	-1.14442e-05	9.53682e-07	0.0	-23.202
830.4682	10.888	7.26371144e-11	1.71663e-05	-2.86104e-06	1.04905e-05	50.712
831.924	10.892	7.26637996e-11	3.43325e-05	3.05178e-05	4.67303e-05	42.108
833.3869	10.896	7.26904848e-11	3.52862e-05	-1.33515e-05	4.86376e-05	-21.426
834.8469	10.9	7.271717e-11	3.81473e-06	-1.14442e-05	1.04905e-05	-79.38
836.3038	10.904	7.27438552e-11	3.81472e-05	3.52862e-05	5.0545e-05	43.938
838.027	10.908	7.277054039999999e-11	-1.33515e-05	-7.62945e-06	1.14442e-05	-120.966
839.5133	10.912	7.27972256e-11	5.53133e-05	1.62126e-05	3.91009e-05	21.318
840.9745	10.916	7.28239108e-11	2.28883e-05	-2.6703e-05	3.14715e-05	-31.866
842.6985	10.92	7.2850596e-11	0.0	-2.86104e-06	7.62945e-06	-46.848
844.156	10.924	7.287728119999999e-11	2.28883e-05	0.0	1.90736e-05	-2.118
845.6409	10.928	7.29039664e-11	1.90736e-05	9.5368e-06	1.14442e-05	4.086
847.1094	10.932	7.29306516e-11	2.19346e-05	2.3842e-05	3.24252e-05	42.438
848.5805	10.936	7.29573368e-11	6.67575e-06	1.33515e-05	1.23978e-05	100.62
850.3301	10.94	7.2984022e-11	-1.14442e-05	-1.43052e-05	2.47956e-05	-97.434
851.8151	10.944	7.30107072e-11	2.3842e-05	-1.43052e-05	2.6703e-05	-11.04
853.3019	10.948	7.30373924e-11	2.19346e-05	-9.53682e-07	2.00273e-05	-2.118
854.7582	10.952	7.306407759999999e-11	7.62945e-06	2.86104e-06	1.52589e-05	-31.326
856.2136	10.956	7.309076279999999e-11	3.81473e-06	0.0	5.72208e-06	162.648
857.6688	10.96	7.3117448e-11	3.52862e-05	2.47956e-05	4.38693e-05	39.474
859.1218	10.964	7.31441332e-11	2.3842e-05	5.72208e-06	3.05178e-05	14.574
860.8306	10.968	7.31708184e-11	-3.52862e-05	5.72208e-06	2.19346e-05	141.63
862.2921	10.972	7.31975036e-11	3.52862e-05	-2.00273e-05	3.62399e-05	-33.072
863.7437	10.976	7.322418880000001e-11	-1.90736e-06	-9.53682e-07	0.0	-135.0
865.2213	10.98	7.325087399999999e-11	7.62945e-06	-4.7684e-06	1.14442e-05	-46.974
866.6912	10.984	7.327755919999999e-11	8.58313e-06	-9.53682e-07	5.72208e-06	-86.184
868.4202	10.988	7.330424439999999e-11	-8.58313e-06	-1.23978e-05	1.04905e-05	-101.31
869.8525	10.992	7.33309296e-11	5.72208e-06	-3.14715e-05	3.33788e-05	-91.062
871.3123	10.996	7.33576148e-11	1.52589e-05	1.23978e-05	2.3842e-05	51.114
872.7844	11.0	7.33843e-11	-2.86104e-06	-3.81473e-06	1.90736e-06	161.568
874.2562	11.004	7.34109852e-11	2.3842e-05	2.86104e-06	2.3842e-05	18.432
875.708	11.008	7.343767039999999e-11	3.24252e-05	1.33515e-05	3.52862e-05	19.176
877.175	11.012	7.34643556e-11	4.19619e-05	-1.62126e-05	3.91009e-05	-32.322
878.6636	11.016	7.34910408e-11	-9.5368e-06	-2.00273e-05	1.90736e-05	-92.118
880.1555	11.02	7.351772599999999e-11	-2.86104e-06	2.86104e-06	5.72208e-06	-171.252
881.6541	11.024	7.354441119999999e-11	-1.04905e-05	-1.81199e-05	1.23978e-05	-65.556
883.1171	11.028	7.35710964e-11	-1.43052e-05	9.53682e-07	1.81199e-05	-172.146
884.6138	11.032	7.35977816e-11	1.33515e-05	-3.05178e-05	3.33788e-05	-56.61
886.1038	11.036	7.36244668e-11	-4.48229e-05	1.14442e-05	4.48229e-05	153.438
887.606	11.04	7.365115199999999e-11	1.04905e-05	4.38693e-05	3.91009e-05	93.504
889.0615	11.044	7.36778372e-11	1.62126e-05	5.53133e-05	5.9128e-05	76.578
890.528	11.048	7.37045224e-11	-3.05178e-05	-2.47956e-05	2.57493e-05	-108.972
892.0235	11.052	7.37312076e-11	-2.76567e-05	5.72208e-06	2.3842e-05	145.008
893.5078	11.056	7.375789279999998e-11	-2.9564e-05	-1.33515e-05	2.57493e-05	-155.856
894.9967	11.06	7.3784578e-11	-1.62126e-05	-9.5368e-06	1.23978e-05	-109.44
896.5015	11.064	7.38112632e-11	-2.47956e-05	2.57493e-05	3.71935e-05	137.022
897.9533	11.068	7.383794839999999e-11	-2.00273e-05	3.14715e-05	3.62399e-05	114.078
899.441	11.072	7.386463359999999e-11	3.81473e-06	-1.04905e-05	9.5368e-06	-102.096
900.8997	11.076	7.38913188e-11	1.90736e-05	-3.62399e-05	3.81472e-05	-47.352
902.6126	11.08	7.3918004e-11	-1.71663e-05	-2.47956e-05	2.86103e-05	-123.312
904.0746	11.084	7.39446892e-11	-1.81199e-05	-2.6703e-05	3.24252e-05	-123.69
905.5651	11.088	7.39713744e-11	2.00273e-05	-3.14715e-05	3.52862e-05	-62.952
907.0038	11.092	7.39980596e-11	2.57493e-05	0.0	3.05178e-05	-7.272
908.4565	11.096	7.402474479999999e-11	3.14715e-05	-1.43052e-05	3.71935e-05	-26.148
910.1768	11.1	7.405142999999999e-11	2.86103e-05	-1.14442e-05	2.86103e-05	-27.18
911.6315	11.104	7.407811519999999e-11	1.90736e-06	-3.62399e-05	3.62399e-05	-72.216
913.0841	11.108	7.41048004e-11	5.72208e-06	2.19346e-05	2.19346e-05	74.748
914.5571	11.112	7.41314856e-11	3.71935e-05	-2.28883e-05	4.29156e-05	-32.736
916.0092	11.116	7.41581708e-11	1.33515e-05	-9.53682e-07	1.23978e-05	8.13
917.4854	11.12	7.4184856e-11	6.5804e-05	-4.7684e-06	6.38966e-05	-3.9
918.9727	11.124	7.42115412e-11	-4.7684e-06	-1.90736e-05	1.90736e-05	-107.82
920.6578	11.128	7.423822639999999e-11	1.04905e-05	-3.24252e-05	3.33788e-05	-73.74
922.1512	11.132	7.426491159999999e-11	0.0	6.67575e-06	1.23978e-05	140.196
923.6092	11.136	7.429159679999999e-11	-1.43052e-05	-1.14442e-05	1.43052e-05	-112.836
925.0925	11.14	7.4318282e-11	9.53682e-07	-4.7684e-06	5.72208e-06	-140.712
926.5493	11.144	7.43449672e-11	3.33788e-05	3.52862e-05	5.53133e-05	37.002
928.2921	11.148	7.43716524e-11	3.14715e-05	-2.86104e-06	4.29156e-05	-19.656
929.7594	11.152	7.439833759999999e-11	2.0981e-05	3.81473e-06	2.86103e-05	17.352
931.2526	11.156	7.44250228e-11	3.71935e-05	3.91009e-05	5.0545e-05	31.608
932.7253	11.16	7.4451708e-11	3.24252e-05	1.33515e-05	3.24252e-05	42.438
934.2051	11.164	7.447839319999999e-11	8.58313e-06	1.71663e-05	1.52589e-05	74.052
935.6773	11.168	7.450507839999999e-11	2.00273e-05	-1.23978e-05	2.57493e-05	-23.7
937.1478	11.172	7.45317636e-11	2.57493e-05	1.23978e-05	2.6703e-05	29.196
938.6384	11.176	7.45584488e-11	7.62945e-06	1.43052e-05	1.33515e-05	95.196
940.3549	11.18	7.458513399999999e-11	2.57493e-05	7.62945e-06	2.57493e-05	13.326
941.8078	11.184	7.461181919999999e-11	2.57493e-05	0.0	2.19346e-05	-1.908
943.2659	11.188	7.46385044e-11	2.57493e-05	-9.53682e-07	2.3842e-05	6.168
944.7678	11.192	7.46651896e-11	3.62399e-05	1.23978e-05	4.76839e-05	7.494
946.2015	11.196	7.46918748e-11	8.58313e-06	0.0	8.58313e-06	4.398
947.703	11.2	7.471856e-11	3.62399e-05	0.0	3.71935e-05	-3.066
949.1791	11.204	7.47452452e-11	9.5368e-06	3.24252e-05	3.62399e-05	56.592
950.6344	11.208	7.47719304e-11	1.04905e-05	-2.6703e-05	2.86103e-05	-59.472
952.0729	11.212	7.479861559999999e-11	5.43597e-05	0.0	5.72207e-05	1.998
953.5309	11.216	7.482530079999999e-11	-4.7684e-06	-2.47956e-05	2.19346e-05	-88.266
954.9954	11.22	7.4851986e-11	3.91009e-05	-9.5368e-06	3.71935e-05	-19.98
956.4881	11.224	7.48786712e-11	3.14715e-05	1.90736e-06	2.76567e-05	38.658
958.1945	11.228	7.49053564e-11	3.62399e-05	-9.53682e-07	3.52862e-05	6.708
959.6865	11.232	7.49320416e-11	2.19346e-05	-7.62945e-06	1.62126e-05	-17.652
961.1373	11.236	7.49587268e-11	4.38693e-05	-1.52589e-05	4.19619e-05	-13.572
962.6111	11.24	7.498541199999999e-11	3.24252e-05	-2.6703e-05	4.86376e-05	-35.364
964.1025	11.244	7.501209719999999e-11	-6.67575e-06	7.62945e-06	7.62945e-06	113.202
965.604	11.248	7.503878239999999e-11	2.9564e-05	-1.62126e-05	3.81472e-05	-30.324
967.0594	11.252	7.50654676e-11	4.67303e-05	-2.47956e-05	5.72207e-05	-25.41
968.5442	11.256	7.50921528e-11	-6.67575e-06	0.0	4.7684e-06	-102.996
970.2547	11.26	7.5118838e-11	-1.62126e-05	-1.62126e-05	2.57493e-05	-143.976
971.7277	11.264	7.51455232e-11	4.19619e-05	-3.43325e-05	5.72207e-05	-33.51
973.1957	11.268	7.51722084e-11	0.0	2.00273e-05	2.19346e-05	81.87
974.6591	11.272	7.51988936e-11	2.57493e-05	-2.47956e-05	2.86103e-05	-53.43
976.1113	11.276	7.522557879999999e-11	3.52862e-05	1.43052e-05	3.52862e-05	14.622
977.5687	11.28	7.525226399999999e-11	-4.7684e-06	1.23978e-05	1.14442e-05	115.02
979.0508	11.284	7.52789492e-11	3.05178e-05	-2.28883e-05	3.91009e-05	-36.306
980.7845	11.288	7.53056344e-11	3.62399e-05	-5.14986e-05	6.19893e-05	-56.646
982.2403	11.292	7.53323196e-11	5.0545e-05	-1.14442e-05	5.6267e-05	-4.65
983.7215	11.296	7.535900479999999e-11	3.71935e-05	3.81473e-06	4.10082e-05	0.942
985.1926	11.3	7.538569e-11	3.14715e-05	1.04905e-05	3.62399e-05	20.43
986.6598	11.304	7.54123752e-11	1.90736e-05	-2.28883e-05	2.6703e-05	-38.886
988.3782	11.308	7.54390604e-11	3.62399e-05	6.67575e-06	3.24252e-05	5.946
989.8624	11.312	7.546574559999999e-11	5.9128e-05	-3.62399e-05	7.24797e-05	-34.566
991.3508	11.316	7.54924308e-11	-1.81199e-05	-3.14715e-05	3.33788e-05	-111.126
992.8228	11.32	7.5519116e-11	-2.47956e-05	7.62945e-06	2.28883e-05	162.648
994.2991	11.324	7.554580119999999e-11	2.86103e-05	-3.71935e-05	4.48229e-05	-49.866
996.005	11.328	7.557248639999999e-11	3.05178e-05	1.14442e-05	3.33788e-05	17.022
997.4464	11.332	7.55991716e-11	5.0545e-05	-2.47956e-05	6.00817e-05	-19.23
998.9049	11.336	7.56258568e-11	3.24252e-05	-1.43052e-05	3.24252e-05	-24.942
1000.6578	11.34	7.5652542e-11	2.9564e-05	-2.86104e-06	2.47956e-05	-16.506
1002.1319	11.344	7.56792272e-11	4.38693e-05	-1.71663e-05	5.0545e-05	-16.476
1003.5827	11.348	7.57059124e-11	4.29156e-05	1.23978e-05	4.86376e-05	11.61
1005.0748	11.352	7.57325976e-11	3.62399e-05	1.43052e-05	4.19619e-05	21.804
1006.5432	11.356	7.575928279999999e-11	4.86376e-05	6.67575e-06	5.14986e-05	5.196
1008.2527	11.36	7.578596799999999e-11	5.72208e-06	7.62945e-06	1.14442e-05	51.84
1009.7129	11.364	7.58126532e-11	1.33515e-05	8.58313e-06	1.14442e-05	59.034
1011.1695	11.368	7.58393384e-11	-2.9564e-05	4.00546e-05	4.38693e-05	116.994
1012.6231	11.372	7.58660236e-11	2.86103e-05	-3.33788e-05	3.71935e-05	-69.306
1014.1055	11.376	7.58927088e-11	3.81473e-06	-5.24523e-05	5.53133e-05	-74.982
1015.6147	11.38	7.591939400000001e-11	5.9128e-05	-1.81199e-05	6.00817e-05	-21.684
1017.0674	11.384	7.594607919999999e-11	-2.76567e-05	2.86104e-06	2.3842e-05	176.82
1018.78	11.388	7.597276439999999e-11	-1.90736e-05	6.67575e-06	1.81199e-05	178.026
1020.218	11.392	7.599944959999999e-11	9.5368e-06	2.19346e-05	2.0981e-05	83.886
1021.6759	11.396	7.60261348e-11	-2.47956e-05	2.19346e-05	2.86103e-05	121.188
1023.1473	11.4	7.605282e-11	3.81473e-06	4.57766e-05	4.95913e-05	73.302
1024.6279	11.404	7.60795052e-11	-6.67575e-06	6.67575e-06	1.62126e-05	155.376
1026.3624	11.408	7.61061904e-11	-1.04905e-05	2.28883e-05	2.3842e-05	96.168
1027.8189	11.412	7.61328756e-11	-5.81744e-05	3.91009e-05	7.24797e-05	144.282
1029.2708	11.416	7.61595608e-11	1.33515e-05	4.95913e-05	5.6267e-05	61.134
1030.9981	11.42	7.6186246e-11	-6.67575e-06	4.86376e-05	4.86376e-05	99.75
1032.4574	11.424	7.621293119999999e-11	-9.5368e-06	-3.14715e-05	2.9564e-05	-106.146
1033.9215	11.428	7.62396164e-11	-2.47956e-05	4.86376e-05	5.72207e-05	127.128
1035.3626	11.432	7.62663016e-11	-2.47956e-05	6.19893e-05	6.38966e-05	108.24
1036.8311	11.436	7.62929868e-11	1.04905e-05	6.67575e-06	1.04905e-05	59.034
1038.3031	11.44	7.631967199999999e-11	-4.7684e-06	2.19346e-05	2.86103e-05	105.948
1039.7931	11.444	7.63463572e-11	-1.90736e-06	-1.04905e-05	1.62126e-05	-117.474
1041.2619	11.448	7.63730424e-11	2.19346e-05	1.14442e-05	2.6703e-05	10.176
1042.7406	11.452	7.63997276e-11	-1.81199e-05	2.19346e-05	1.90736e-05	99.09
1044.1957	11.456	7.64264128e-11	2.86104e-06	-1.14442e-05	1.23978e-05	-75.966
1045.6416	11.46	7.6453098e-11	1.52589e-05	5.72207e-05	5.24523e-05	65.172
1047.1337	11.464	7.64797832e-11	9.5368e-06	1.71663e-05	2.57493e-05	46.788
1048.8482	11.468	7.650646839999999e-11	2.00273e-05	1.71663e-05	2.76567e-05	50.526
1050.3002	11.472	7.653315359999999e-11	9.5368e-06	4.29156e-05	4.38693e-05	94.266
1051.7698	11.476	7.65598388e-11	3.05178e-05	2.6703e-05	4.10082e-05	48.9
1053.2321	11.48	7.6586524e-11	2.19346e-05	1.23978e-05	2.47956e-05	15.252
1054.687	11.484	7.66132092e-11	1.71663e-05	0.0	1.52589e-05	-2.49
1056.4392	11.488	7.66398944e-11	2.6703e-05	3.91009e-05	5.24523e-05	44.49
1057.91	11.492	7.666657960000001e-11	-9.53682e-07	3.52862e-05	3.33788e-05	82.878
1059.3822	11.496	7.669326479999999e-11	2.00273e-05	-2.6703e-05	3.43325e-05	-45.804
1060.8409	11.5	7.671994999999999e-11	-1.33515e-05	8.58313e-06	1.52589e-05	131.82
1062.2774	11.504	7.674663519999999e-11	2.6703e-05	-1.14442e-05	2.9564e-05	-7.596
1063.8021	11.508	7.677332039999999e-11	-2.00273e-05	-2.9564e-05	3.05178e-05	-120.258
1065.2542	11.512	7.68000056e-11	8.58313e-06	-4.48229e-05	4.38693e-05	-89.118
1066.728	11.516	7.68266908e-11	1.62126e-05	-2.76567e-05	4.10082e-05	-43.194
1068.4514	11.52	7.6853376e-11	3.81472e-05	-4.67303e-05	6.00817e-05	-47.64
1069.9064	11.524	7.68800612e-11	1.52589e-05	-1.81199e-05	2.3842e-05	-39.984
1071.3954	11.528	7.69067464e-11	2.00273e-05	6.67575e-06	2.57493e-05	22.62
1072.8636	11.532	7.693343159999999e-11	5.0545e-05	-1.14442e-05	5.9128e-05	-14.334
1074.3547	11.536	7.696011679999999e-11	4.19619e-05	-2.28883e-05	4.29156e-05	-32.472
1075.8213	11.54	7.698680199999999e-11	9.5368e-06	-9.5368e-06	9.5368e-06	-75.066
1077.2999	11.544	7.70134872e-11	4.57766e-05	-1.71663e-05	5.24523e-05	-23.472
1078.7666	11.548	7.70401724e-11	5.3406e-05	-6.67577e-05	8.58312e-05	-46.908
1080.2197	11.552	7.70668576e-11	3.52862e-05	-2.28883e-05	4.57766e-05	-31.356
1081.6936	11.556	7.709354279999999e-11	7.43871e-05	-6.38966e-05	9.44142e-05	-43.83
1083.1359	11.56	7.7120228e-11	3.71935e-05	-1.23978e-05	3.91009e-05	-12.228
1084.602	11.564	7.71469132e-11	5.53133e-05	4.7684e-06	5.72207e-05	8.502
1086.3322	11.568	7.71735984e-11	3.62399e-05	-3.43325e-05	4.57766e-05	-45.0
1087.7875	11.572	7.720028359999999e-11	6.10356e-05	-2.28883e-05	6.67577e-05	-20.682
1089.2389	11.576	7.72269688e-11	4.48229e-05	-9.5368e-06	4.00546e-05	-8.97
1090.9717	11.58	7.7253654e-11	4.57766e-05	3.81473e-06	4.38693e-05	9.75
1092.443	11.584	7.728033919999999e-11	8.58313e-06	-1.23978e-05	1.23978e-05	-85.032
1093.893	11.588	7.730702439999999e-11	1.90736e-05	-2.00273e-05	2.3842e-05	-40.428
1095.3716	11.592	7.73337096e-11	-4.7684e-06	3.71935e-05	3.71935e-05	119.874
1096.8241	11.596	7.73603948e-11	2.19346e-05	2.57493e-05	2.86103e-05	77.322
1098.2768	11.6	7.738708e-11	3.05178e-05	2.28883e-05	3.62399e-05	41.904
1099.7551	11.604	7.74137652e-11	1.90736e-06	-1.71663e-05	1.71663e-05	-97.854
1101.2361	11.608	7.74404504e-11	1.23978e-05	2.86103e-05	3.52862e-05	76.464
1102.7141	11.612	7.746713559999999e-11	5.24523e-05	1.33515e-05	5.81744e-05	18.84
1104.1806	11.616	7.749382079999999e-11	-9.5368e-06	3.91009e-05	4.29156e-05	120.966
1105.655	11.62	7.752050599999999e-11	1.14442e-05	1.52589e-05	2.00273e-05	70.02
1107.1061	11.624	7.75471912e-11	3.81473e-06	0.0	1.23978e-05	-2.118
1108.8526	11.628	7.75738764e-11	2.86104e-06	1.23978e-05	1.52589e-05	87.708
1110.3332	11.632	7.76005616e-11	2.19346e-05	-1.90736e-05	1.71663e-05	-52.596
1111.8216	11.636	7.76272468e-11	2.00273e-05	-3.43325e-05	3.24252e-05	-82.878
1113.292	11.64	7.7653932e-11	-1.04905e-05	-1.33515e-05	1.62126e-05	-104.532
1114.7727	11.644	7.768061719999999e-11	-2.86104e-06	2.57493e-05	2.3842e-05	98.13
1116.2549	11.648	7.770730239999999e-11	3.81473e-06	-1.62126e-05	1.14442e-05	-131.634
1117.7269	11.652	7.773398759999999e-11	-1.81199e-05	2.86104e-06	2.28883e-05	178.362
1119.2129	11.656	7.77606728e-11	6.67575e-06	-9.5368e-06	1.04905e-05	-59.034
1120.9204	11.66	7.7787358e-11	2.86103e-05	-4.95913e-05	5.3406e-05	-60.066
1122.4126	11.664	7.78140432e-11	3.33788e-05	-3.81472e-05	5.9128e-05	-41.07
1123.8853	11.668	7.784072839999999e-11	1.81199e-05	-1.14442e-05	2.00273e-05	-67.248
1125.3553	11.672	7.78674136e-11	-7.62945e-06	1.52589e-05	1.71663e-05	107.748
1126.8214	11.676	7.78940988e-11	3.05178e-05	3.81473e-06	1.90736e-05	16.392
1128.3447	11.68	7.792078399999999e-11	4.86376e-05	2.57493e-05	6.19893e-05	29.226
1129.8123	11.684	7.794746919999999e-11	1.52589e-05	-3.71935e-05	4.57766e-05	-47.244
1131.3047	11.688	7.79741544e-11	3.81473e-06	-6.67575e-06	6.67575e-06	4.398
1132.7707	11.692	7.80008396e-11	-2.86104e-06	-2.28883e-05	2.9564e-05	-79.992
1134.2675	11.696	7.80275248e-11	-9.53682e-07	1.71663e-05	1.71663e-05	126.87
1135.7294	11.7	7.805420999999999e-11	2.28883e-05	-1.81199e-05	2.86103e-05	-34.776
1137.2105	11.704	7.80808952e-11	1.52589e-05	2.9564e-05	3.14715e-05	79.794
1138.9367	11.708	7.81075804e-11	8.58313e-06	0.0	1.04905e-05	26.562
1140.4082	11.712	7.81342656e-11	4.19619e-05	-6.67575e-06	3.62399e-05	-20.43
1141.9099	11.716	7.81609508e-11	-2.86104e-06	1.04905e-05	1.33515e-05	166.608
1143.3622	11.72	7.8187636e-11	-4.00546e-05	1.52589e-05	4.38693e-05	167.004
1144.8293	11.724	7.82143212e-11	6.67575e-06	8.58313e-06	1.33515e-05	45.0
1146.5654	11.728	7.824100639999999e-11	-9.5368e-06	0.0	2.86104e-06	71.568
1148.0158	11.732	7.826769159999999e-11	9.5368e-06	-3.05178e-05	3.05178e-05	-74.052
1149.5024	11.736	7.82943768e-11	9.5368e-06	3.81473e-06	1.14442e-05	157.518
1151.2309	11.74	7.8321062e-11	2.57493e-05	1.52589e-05	2.28883e-05	54.462
1152.6669	11.744	7.83477472e-11	3.24252e-05	2.86103e-05	4.19619e-05	42.336
1154.1729	11.748	7.83744324e-11	5.72208e-06	8.58313e-06	1.04905e-05	94.968
1155.6486	11.752	7.84011176e-11	-9.5368e-06	-2.47956e-05	2.86103e-05	-135.882
1157.1002	11.756	7.842780279999999e-11	-6.67575e-06	-1.71663e-05	1.90736e-05	-110.772
1158.5745	11.76	7.845448799999999e-11	-9.5368e-06	-2.28883e-05	2.28883e-05	-96.912
1160.0557	11.764	7.848117319999999e-11	3.52862e-05	1.81199e-05	3.91009e-05	53.496
1161.5671	11.768	7.85078584e-11	9.5368e-06	6.67575e-06	1.04905e-05	59.934
1163.047	11.772	7.85345436e-11	3.14715e-05	-9.5368e-06	4.38693e-05	-15.396
1164.5387	11.776	7.85612288e-11	-7.62945e-06	-1.14442e-05	1.14442e-05	-120.066
1166.0188	11.78	7.8587914e-11	-9.53682e-07	-2.86104e-06	9.53682e-07	-14.034
1167.4969	11.784	7.86145992e-11	5.72208e-06	-1.62126e-05	1.81199e-05	-84.288
1169.2061	11.788	7.86412844e-11	5.72208e-06	2.6703e-05	2.47956e-05	83.292
1170.6629	11.792	7.866796959999999e-11	2.0981e-05	9.5368e-06	2.28883e-05	19.536
1172.1305	11.796	7.869465479999999e-11	-5.72208e-06	-9.53682e-07	1.90736e-06	113.202
1173.6074	11.8	7.872134e-11	-3.71935e-05	-9.5368e-06	2.86103e-05	-159.078
1175.0582	11.804	7.87480252e-11	1.90736e-06	-9.5368e-06	8.58313e-06	-48.366
1176.5662	11.808	7.87747104e-11	-1.62126e-05	2.86103e-05	3.43325e-05	122.124
1178.0372	11.812	7.880139559999999e-11	8.10628e-05	3.24252e-05	8.10628e-05	23.328
1179.5205	11.816	7.88280808e-11	4.48229e-05	-1.14442e-05	4.00546e-05	-17.178
1180.9616	11.82	7.8854766e-11	3.81473e-06	6.67575e-06	5.72208e-06	131.634
1182.4374	11.824	7.88814512e-11	3.05178e-05	-1.71663e-05	4.10082e-05	-14.034
1184.1599	11.828	7.890813639999999e-11	5.72208e-06	-6.67575e-06	5.72208e-06	48.816
1185.6364	11.832	7.89348216e-11	3.52862e-05	6.67575e-06	3.05178e-05	14.676
1187.067	11.836	7.89615068e-11	1.81199e-05	-2.28883e-05	3.24252e-05	-48.096
1188.5575	11.84	7.8988192e-11	2.57493e-05	-2.19346e-05	2.3842e-05	-29.748
1190.0151	11.844	7.901487719999999e-11	2.00273e-05	1.90736e-06	2.28883e-05	-7.308
1191.5016	11.848	7.90415624e-11	-6.67575e-06	-7.62945e-06	8.58313e-06	-135.0
1192.9525	11.852	7.90682476e-11	1.71663e-05	-1.90736e-05	2.6703e-05	-54.462
1194.4313	11.856	7.90949328e-11	9.53682e-07	2.9564e-05	2.86103e-05	102.996
1196.1519	11.86	7.9121618e-11	2.76567e-05	1.90736e-05	4.00546e-05	29.64
1197.6572	11.864	7.91483032e-11	-1.14442e-05	-1.14442e-05	8.58313e-06	-172.878
1199.1141	11.868	7.91749884e-11	-1.90736e-06	-2.86104e-06	1.90736e-06	-59.034
1200.6049	11.872	7.920167359999999e-11	-2.3842e-05	-1.14442e-05	2.86103e-05	-162.804
1202.0867	11.876	7.922835879999999e-11	-4.7684e-06	0.0	1.04905e-05	-160.908
1203.604	11.88	7.9255044e-11	-1.14442e-05	-9.53682e-07	1.52589e-05	177.708
1205.0821	11.884	7.92817292e-11	4.38693e-05	2.86104e-06	4.38693e-05	0.0
1206.8249	11.888	7.93084144e-11	-2.76567e-05	-1.33515e-05	1.52589e-05	177.138
1208.2969	11.892	7.93350996e-11	2.19346e-05	2.3842e-05	3.05178e-05	45.882
1209.7492	11.896	7.936178480000001e-11	-1.43052e-05	-1.23978e-05	1.52589e-05	-135.0
1211.217	11.9	7.938846999999999e-11	0.0	2.19346e-05	2.76567e-05	55.302
1212.7093	11.904	7.941515519999999e-11	2.47956e-05	1.52589e-05	3.33788e-05	33.996
1214.4021	11.908	7.944184039999999e-11	3.91009e-05	3.81473e-06	3.81472e-05	5.016
1215.8949	11.912	7.94685256e-11	-1.23978e-05	-4.10082e-05	4.00546e-05	-64.656
1217.36	11.916	7.94952108e-11	2.86104e-06	-1.14442e-05	1.90736e-05	-35.136
1218.8608	11.92	7.9521896e-11	8.58313e-06	-4.7684e-06	8.58313e-06	-25.02
1220.3524	11.924	7.95485812e-11	2.0981e-05	-2.00273e-05	3.24252e-05	-34.992
1221.7901	11.928	7.95752664e-11	2.19346e-05	-1.81199e-05	3.24252e-05	-33.996
1223.2619	11.932	7.96019516e-11	1.62126e-05	-2.6703e-05	3.05178e-05	-55.302
1224.7377	11.936	7.962863679999999e-11	3.81473e-06	-2.00273e-05	2.00273e-05	-93.468
1226.4589	11.94	7.965532199999999e-11	9.5368e-06	-2.00273e-05	2.19346e-05	-71.568
1227.9291	11.944	7.96820072e-11	3.81473e-06	-6.67575e-06	8.58313e-06	-97.122
1229.4209	11.948	7.97086924e-11	1.62126e-05	1.52589e-05	2.57493e-05	33.69
1230.8799	11.952	7.97353776e-11	4.48229e-05	-1.23978e-05	5.6267e-05	-17.196
1232.3515	11.956	7.976206279999999e-11	1.90736e-05	1.71663e-05	3.05178e-05	39.96
1233.8212	11.96	7.9788748e-11	3.81473e-06	3.52862e-05	3.62399e-05	83.988
1235.3031	11.964	7.98154332e-11	-4.00546e-05	-1.81199e-05	4.38693e-05	-156.684
1237.0333	11.968	7.98421184e-11	1.71663e-05	-2.00273e-05	2.57493e-05	-61.506
1238.5214	11.972	7.98688036e-11	-2.28883e-05	9.53682e-07	8.58313e-06	143.13
1239.9962	11.976	7.98954888e-11	2.86104e-06	3.05178e-05	2.76567e-05	94.638
1241.4495	11.98	7.9922174e-11	7.62945e-06	2.3842e-05	2.6703e-05	72.9
1242.9213	11.984	7.994885919999999e-11	4.57766e-05	-1.71663e-05	4.76839e-05	-28.41
1244.6444	11.988	7.997554439999999e-11	4.38693e-05	5.24523e-05	6.38966e-05	60.642
1246.1324	11.992	8.00022296e-11	4.48229e-05	3.24252e-05	5.53133e-05	35.616
1247.6314	11.996	8.00289148e-11	2.9564e-05	-1.90736e-06	3.52862e-05	13.242
1249.123	12.0	8.00556e-11	2.0981e-05	1.71663e-05	1.62126e-05	71.568
1250.5806	12.004	8.00822852e-11	-1.23978e-05	1.81199e-05	1.90736e-05	86.058
1252.0533	12.008	8.01089704e-11	3.05178e-05	-4.7684e-06	3.14715e-05	-12.654
1253.5348	12.012	8.01356556e-11	9.53682e-07	3.81473e-06	5.72208e-06	24.444
1255.0042	12.016	8.016234079999999e-11	-9.5368e-06	1.14442e-05	1.04905e-05	90.0
1256.7382	12.02	8.018902599999999e-11	1.71663e-05	-2.6703e-05	3.14715e-05	-53.364
1258.2199	12.024	8.021571119999999e-11	2.00273e-05	6.67575e-06	1.90736e-05	37.566
1259.6769	12.028	8.02423964e-11	2.00273e-05	-1.33515e-05	2.57493e-05	-22.62
1261.1319	12.032	8.02690816e-11	-3.05178e-05	8.39238e-05	9.05995e-05	115.626
1262.6225	12.036	8.02957668e-11	3.05178e-05	-1.14442e-05	2.57493e-05	-40.032
1264.074	12.04	8.0322452e-11	-1.43052e-05	5.72208e-06	1.04905e-05	161.568
1265.5364	12.044	8.03491372e-11	2.28883e-05	-1.62126e-05	2.19346e-05	-28.44
1267.23	12.048	8.037582239999999e-11	-1.71663e-05	-1.04905e-05	1.52589e-05	-141.342
1268.6677	12.052	8.040250759999999e-11	0.0	2.19346e-05	2.28883e-05	70.56
1270.1399	12.056	8.042919279999999e-11	3.33788e-05	-3.52862e-05	4.10082e-05	-54.834
1271.623	12.06	8.0455878e-11	1.90736e-06	-1.71663e-05	1.23978e-05	-90.0
1273.0611	12.064	8.04825632e-11	-1.81199e-05	1.52589e-05	2.3842e-05	141.582
1274.8194	12.068	8.05092484e-11	-6.67575e-06	1.43052e-05	2.19346e-05	128.886
1276.2795	12.072	8.053593359999999e-11	-1.14442e-05	1.71663e-05	2.19346e-05	135.0
1277.7357	12.076	8.05626188e-11	2.86103e-05	1.33515e-05	3.91009e-05	26.16
1279.4639	12.08	8.0589304e-11	1.52589e-05	8.58313e-06	1.81199e-05	46.548
1280.9375	12.084	8.061598919999999e-11	-2.3842e-05	-7.62945e-06	2.3842e-05	-165.582
1282.3903	12.088	8.064267439999999e-11	0.0	-2.28883e-05	1.90736e-05	-96.582
1283.864	12.092	8.06693596e-11	4.57766e-05	8.58313e-06	4.38693e-05	9.75
1285.345	12.096	8.06960448e-11	2.00273e-05	-1.23978e-05	2.19346e-05	-21.504
1287.0628	12.1	8.072272999999999e-11	5.72207e-05	-1.33515e-05	5.0545e-05	-14.784
1288.5341	12.104	8.074941519999999e-11	2.9564e-05	-1.81199e-05	3.33788e-05	-30.018
1289.9815	12.108	8.07761004e-11	3.05178e-05	1.90736e-05	4.00546e-05	41.922
1291.4734	12.112	8.08027856e-11	3.81473e-06	-5.72208e-06	6.67575e-06	-157.62
1292.9321	12.116	8.08294708e-11	-2.28883e-05	-2.57493e-05	3.14715e-05	-119.292
1294.4123	12.12	8.0856156e-11	9.5368e-06	1.52589e-05	2.28883e-05	43.998
1295.8839	12.124	8.08828412e-11	-1.14442e-05	2.86103e-05	3.24252e-05	117.474
1297.665	12.128	8.090952639999999e-11	2.3842e-05	9.5368e-06	2.00273e-05	40.602
1299.137	12.132	8.093621159999999e-11	1.14442e-05	-1.04905e-05	1.81199e-05	-40.602
1300.6036	12.136	8.096289679999999e-11	-5.14986e-05	-2.86104e-06	4.57766e-05	-176.532
1302.0727	12.14	8.0989582e-11	-6.67575e-06	4.57766e-05	4.86376e-05	106.698
1303.532	12.144	8.10162672e-11	-1.81199e-05	3.71935e-05	4.00546e-05	108.432
1305.2754	12.148	8.10429524e-11	-3.81472e-05	-1.52589e-05	3.71935e-05	-173.538
1306.78	12.152	8.10696376e-11	-7.62945e-06	5.72208e-06	1.14442e-05	110.226
1308.2366	12.156	8.109632279999999e-11	-1.33515e-05	-2.0981e-05	2.28883e-05	-85.602
1309.962	12.16	8.112300799999999e-11	-2.6703e-05	-4.48229e-05	5.24523e-05	-123.294
1311.435	12.164	8.114969319999999e-11	-7.62945e-06	-1.33515e-05	1.33515e-05	-114.228
1312.9057	12.168	8.117637839999999e-11	1.52589e-05	-9.5368e-06	1.71663e-05	-26.562
1314.3749	12.172	8.12030636e-11	-2.47956e-05	-3.81473e-06	1.23978e-05	-145.302
1315.8403	12.176	8.12297488e-11	3.24252e-05	-6.48503e-05	7.34334e-05	-57.726
1317.5724	12.18	8.1256434e-11	-4.00546e-05	-5.72208e-06	2.28883e-05	-126.156
1319.0546	12.184	8.12831192e-11	1.23978e-05	-1.71663e-05	1.90736e-05	-30.966
1320.5341	12.188	8.13098044e-11	2.76567e-05	-9.5368e-06	2.86103e-05	-22.518
1321.9823	12.192	8.13364896e-11	2.3842e-05	-3.62399e-05	4.00546e-05	-62.988
1323.4428	12.196	8.136317479999999e-11	2.86103e-05	0.0	2.00273e-05	-9.09
1324.9143	12.2	8.138985999999999e-11	1.71663e-05	-4.48229e-05	4.57766e-05	-55.146
1326.4003	12.204	8.14165452e-11	1.33515e-05	1.04905e-05	2.47956e-05	23.964
1328.1264	12.208	8.14432304e-11	2.57493e-05	-4.7684e-06	2.86103e-05	-38.658
1329.6169	12.212	8.14699156e-11	-1.90736e-06	2.28883e-05	2.9564e-05	95.598
1331.0819	12.216	8.149660079999999e-11	-2.6703e-05	1.90736e-06	2.57493e-05	176.988
1332.5386	12.22	8.1523286e-11	3.62399e-05	1.23978e-05	4.00546e-05	24.444
1334.0273	12.224	8.15499712e-11	8.58313e-06	3.62399e-05	4.29156e-05	76.572
1335.7518	12.228	8.15766564e-11	-1.71663e-05	-2.47956e-05	3.05178e-05	-136.788
1337.2226	12.232	8.160334159999999e-11	5.72208e-06	2.0981e-05	2.19346e-05	95.046
1338.7193	12.236	8.16300268e-11	1.90736e-06	3.81473e-06	6.67575e-06	78.69
1340.1896	12.24	8.1656712e-11	9.53682e-07	1.62126e-05	2.0981e-05	77.472
1341.6298	12.244	8.168339719999999e-11	1.90736e-05	2.19346e-05	2.57493e-05	39.174
1343.0805	12.248	8.171008239999999e-11	3.05178e-05	1.90736e-06	3.52862e-05	3.12
1344.5177	12.252	8.17367676e-11	-2.6703e-05	1.52589e-05	2.57493e-05	143.43
1345.9856	12.256	8.17634528e-11	-1.33515e-05	-2.00273e-05	2.3842e-05	-135.0
1347.7018	12.26	8.1790138e-11	-9.53682e-07	1.14442e-05	1.23978e-05	87.276
1349.1898	12.264	8.18168232e-11	1.90736e-06	1.81199e-05	2.19346e-05	78.18
1350.6611	12.268	8.18435084e-11	-1.33515e-05	-6.67575e-06	1.14442e-05	-165.066
1352.127	12.272	8.187019359999999e-11	1.23978e-05	2.57493e-05	2.9564e-05	61.296
1353.6161	12.276	8.189687879999999e-11	1.52589e-05	9.5368e-06	1.33515e-05	53.13
1355.0868	12.28	8.192356399999999e-11	3.05178e-05	-4.57766e-05	5.24523e-05	-52.524
1356.5644	12.284	8.19502492e-11	1.90736e-06	-2.6703e-05	2.86103e-05	-112.518
1358.2895	12.288	8.19769344e-11	-4.10082e-05	1.90736e-06	3.71935e-05	165.702
1359.7809	12.292	8.20036196e-11	1.23978e-05	-9.53682e-07	9.53682e-07	-149.034
1361.2804	12.296	8.20303048e-11	4.00546e-05	-2.86103e-05	4.38693e-05	-31.608
1362.7694	12.3	8.205699e-11	1.23978e-05	-3.62399e-05	3.71935e-05	-68.01
1364.2338	12.304	8.208367519999999e-11	1.04905e-05	-4.00546e-05	3.71935e-05	-80.364
1365.9641	12.308	8.211036039999999e-11	-2.0981e-05	-7.62945e-06	1.90736e-05	-174.096
1367.4045	12.312	8.213704559999999e-11	4.7684e-06	-3.71935e-05	3.71935e-05	-86.988
1368.8564	12.316	8.21637308e-11	-1.14442e-05	-2.47956e-05	2.47956e-05	-93.096
1370.327	12.32	8.2190416e-11	-4.7684e-06	-9.5368e-06	1.04905e-05	-115.02
1371.8183	12.324	8.22171012e-11	-9.53682e-07	-7.62945e-06	1.14442e-05	-142.596
1373.5493	12.328	8.22437864e-11	-1.33515e-05	1.33515e-05	1.14442e-05	143.13
1375.022	12.332	8.22704716e-11	2.19346e-05	-3.52862e-05	4.10082e-05	-37.266
1376.5094	12.336	8.22971568e-11	-1.71663e-05	1.90736e-06	1.62126e-05	146.886
1378.2121	12.34	8.2323842e-11	2.3842e-05	-3.71935e-05	4.57766e-05	-58.242
1379.6687	12.344	8.235052719999999e-11	1.52589e-05	-1.71663e-05	2.19346e-05	-42.612
1381.141	12.348	8.23772124e-11	3.81473e-06	1.04905e-05	1.23978e-05	75.258
1382.5832	12.352	8.24038976e-11	2.57493e-05	-9.53682e-07	2.9564e-05	6.072
1384.0863	12.356	8.24305828e-11	-1.43052e-05	-9.5368e-06	1.43052e-05	-147.096
1385.8167	12.36	8.245726799999999e-11	2.57493e-05	6.67575e-06	3.71935e-05	11.31
1387.2666	12.364	8.24839532e-11	-3.43325e-05	-3.14715e-05	5.14986e-05	-142.308
1388.7256	12.368	8.25106384e-11	2.57493e-05	6.67575e-06	2.19346e-05	5.904
1390.1977	12.372	8.25373236e-11	1.52589e-05	-2.86104e-06	1.71663e-05	-18.432
1391.6782	12.376	8.25640088e-11	4.10082e-05	1.52589e-05	4.38693e-05	29.538
1393.1701	12.38	8.2590694e-11	-9.5368e-06	-4.95913e-05	4.86376e-05	-94.086
1394.6267	12.384	8.26173792e-11	1.04905e-05	3.81473e-06	1.71663e-05	16.188
1396.3493	12.388	8.264406439999999e-11	5.72208e-06	3.43325e-05	3.52862e-05	64.98
1397.8108	12.392	8.267074959999999e-11	5.9128e-05	2.86104e-06	5.81744e-05	-3.408
1399.2591	12.396	8.26974348e-11	7.62945e-06	3.52862e-05	4.00546e-05	84.804
1400.72	12.4	8.272412e-11	1.52589e-05	-2.00273e-05	2.9564e-05	-39.96
1402.1913	12.404	8.27508052e-11	1.23978e-05	1.62126e-05	2.19346e-05	53.472
1403.8963	12.408	8.27774904e-11	3.33788e-05	-2.0981e-05	3.71935e-05	-33.978
1405.3607	12.412	8.280417560000001e-11	-7.62945e-06	-7.62945e-06	1.43052e-05	-143.616
1406.842	12.416	8.283086079999999e-11	-3.24252e-05	-2.00273e-05	3.33788e-05	-135.804
1408.5886	12.42	8.285754599999999e-11	-1.81199e-05	5.72208e-06	2.00273e-05	-174.804
1410.0692	12.424	8.288423119999999e-11	0.0	1.04905e-05	1.04905e-05	180.0
1411.5756	12.428	8.29109164e-11	2.76567e-05	-2.86104e-06	2.86103e-05	7.944
1413.0461	12.432	8.29376016e-11	-6.67575e-06	1.04905e-05	1.81199e-05	123.18
1414.5366	12.436	8.29642868e-11	1.81199e-05	-5.6267e-05	6.2943e-05	-66.57
1415.9873	12.44	8.2990972e-11	-2.6703e-05	-2.28883e-05	3.52862e-05	-128.502
1417.4804	12.444	8.30176572e-11	2.57493e-05	-5.72208e-06	3.05178e-05	-20.958
1418.9456	12.448	8.30443424e-11	1.71663e-05	2.3842e-05	3.14715e-05	53.616
1420.4365	12.452	8.307102759999999e-11	-1.14442e-05	-1.43052e-05	1.71663e-05	-107.82
1421.9053	12.456	8.309771279999999e-11	-4.00546e-05	-3.71935e-05	5.53133e-05	-137.406
1423.3972	12.46	8.3124398e-11	5.53133e-05	-9.5368e-06	5.43597e-05	-14.208
1424.864	12.464	8.31510832e-11	-5.72208e-06	-2.28883e-05	1.62126e-05	-93.012
1426.5951	12.468	8.31777684e-11	1.90736e-05	6.67575e-06	1.52589e-05	46.848
1428.0534	12.472	8.320445359999999e-11	1.04905e-05	1.23978e-05	1.33515e-05	69.774
1429.5041	12.476	8.32311388e-11	2.0981e-05	-4.76839e-05	5.24523e-05	-69.606
1430.9629	12.48	8.3257824e-11	-6.67575e-06	3.81473e-06	8.58313e-06	155.556
1432.4334	12.484	8.32845092e-11	1.62126e-05	1.52589e-05	2.28883e-05	51.342
1434.158	12.488	8.33111944e-11	-1.33515e-05	-2.86104e-06	9.5368e-06	169.692
1435.6276	12.492	8.33378796e-11	-4.7684e-06	-4.19619e-05	3.71935e-05	-102.654
1437.117	12.496	8.33645648e-11	-1.90736e-05	-1.14442e-05	1.43052e-05	-169.38
1438.8304	12.5	8.339125e-11	4.00546e-05	-6.10356e-05	7.1526e-05	-60.126
1440.3012	12.504	8.341793519999999e-11	1.71663e-05	2.57493e-05	3.62399e-05	49.938
1441.7385	12.508	8.344462039999999e-11	1.23978e-05	1.52589e-05	2.0981e-05	52.122
1443.2091	12.512	8.34713056e-11	1.33515e-05	9.5368e-06	1.33515e-05	55.302
1444.6788	12.516	8.34979908e-11	1.33515e-05	-8.58313e-06	1.23978e-05	-30.468
1446.3895	12.52	8.3524676e-11	2.9564e-05	-2.6703e-05	3.91009e-05	-35.076
1447.8511	12.524	8.35513612e-11	-2.86103e-05	3.81473e-06	3.14715e-05	167.826
1449.3186	12.528	8.35780464e-11	1.90736e-05	9.5368e-06	1.52589e-05	45.0
1450.7769	12.532	8.360473159999999e-11	2.00273e-05	-3.14715e-05	3.24252e-05	-62.304
1452.2349	12.536	8.363141679999999e-11	3.81473e-06	-1.14442e-05	1.71663e-05	-33.18
1453.72	12.54	8.365810199999999e-11	9.5368e-06	-4.7684e-06	3.14715e-05	-32.622
1455.1706	12.544	8.36847872e-11	2.86103e-05	-1.71663e-05	3.14715e-05	-32.004
1456.9032	12.548	8.37114724e-11	0.0	1.71663e-05	1.90736e-05	85.914
1458.3737	12.552	8.37381576e-11	3.14715e-05	-2.6703e-05	4.00546e-05	-45.672
1459.8426	12.556	8.37648428e-11	1.52589e-05	8.58313e-06	2.0981e-05	24.306
1461.3131	12.56	8.3791528e-11	4.29156e-05	-1.14442e-05	4.57766e-05	-14.442
1462.7726	12.564	8.381821319999999e-11	2.28883e-05	-3.91009e-05	4.67303e-05	-60.252
1464.4817	12.568	8.384489839999999e-11	2.3842e-05	-3.33788e-05	4.00546e-05	-59.352
1465.949	12.572	8.387158359999999e-11	1.23978e-05	1.90736e-06	9.5368e-06	-18.432
1467.4358	12.576	8.38982688e-11	-1.81199e-05	-2.47956e-05	3.14715e-05	-129.96
1469.1515	12.58	8.3924954e-11	-4.00546e-05	-2.9564e-05	5.24523e-05	-142.698
1470.637	12.584	8.39516392e-11	4.57766e-05	1.04905e-05	4.86376e-05	10.86
1472.1127	12.588	8.397832439999999e-11	-9.5368e-06	-1.52589e-05	2.0981e-05	-98.364
1473.5975	12.592	8.40050096e-11	1.23978e-05	9.53682e-07	1.23978e-05	30.066
1475.068	12.596	8.40316948e-11	2.9564e-05	2.3842e-05	3.81472e-05	50.196
1476.5358	12.6	8.405837999999999e-11	1.90736e-06	1.62126e-05	1.62126e-05	103.494
1478.0287	12.604	8.408506519999999e-11	3.05178e-05	-7.62945e-06	3.62399e-05	-15.252
1479.4709	12.608	8.41117504e-11	2.19346e-05	-1.14442e-05	3.05178e-05	-9.09
1480.9237	12.612	8.41384356e-11	2.86103e-05	-3.43325e-05	4.86376e-05	-47.58
1482.3792	12.616	8.416512079999999e-11	-2.47956e-05	-1.62126e-05	3.33788e-05	-154.854
1483.853	12.62	8.419180599999999e-11	2.86103e-05	-6.8665e-05	7.24797e-05	-67.794
1485.3036	12.624	8.42184912e-11	2.00273e-05	4.38693e-05	4.76839e-05	43.302
1487.0339	12.628	8.42451764e-11	-9.53682e-07	-1.23978e-05	1.81199e-05	-15.708
1488.501	12.632	8.42718616e-11	4.48229e-05	-3.05178e-05	5.9128e-05	-32.004
1489.9908	12.636	8.429854679999998e-11	5.24523e-05	-2.00273e-05	5.24523e-05	-32.736
1491.4498	12.64	8.4325232e-11	2.3842e-05	2.19346e-05	3.05178e-05	46.734
1492.922	12.644	8.435191719999999e-11	1.33515e-05	-1.81199e-05	2.19346e-05	-67.89
1494.6728	12.648	8.437860239999999e-11	6.5804e-05	-2.86104e-06	5.9128e-05	-13.044
1496.1494	12.652	8.440528759999999e-11	2.3842e-05	-3.62399e-05	4.48229e-05	-63.798
1497.6167	12.656	8.44319728e-11	2.9564e-05	-2.0981e-05	3.62399e-05	-34.248
1499.3476	12.66	8.4458658e-11	4.86376e-05	3.24252e-05	5.9128e-05	39.066
1500.8184	12.664	8.44853432e-11	-1.62126e-05	3.81473e-06	6.67575e-06	98.13
1502.284	12.668	8.45120284e-11	2.6703e-05	-1.33515e-05	2.76567e-05	-9.462
1503.7585	12.672	8.45387136e-11	1.90736e-05	2.6703e-05	3.52862e-05	51.84
1505.2194	12.676	8.456539879999999e-11	2.57493e-05	-1.90736e-05	3.81472e-05	-34.92
1506.6828	12.68	8.459208399999999e-11	-1.23978e-05	-1.04905e-05	1.71663e-05	-110.322
1508.1539	12.684	8.461876919999999e-11	1.90736e-05	0.0	2.19346e-05	-4.902
1509.6295	12.688	8.46454544e-11	2.86103e-05	3.81473e-06	2.3842e-05	27.258
1511.1051	12.692	8.46721396e-11	1.23978e-05	-1.90736e-06	1.33515e-05	5.196
1512.5678	12.696	8.46988248e-11	4.86376e-05	-7.62945e-06	5.0545e-05	-17.952
1514.0405	12.7	8.472551e-11	7.53407e-05	-3.05178e-05	8.10628e-05	-24.678