Time (s) 	 Position (mm) 	 Delay (s) 	 X 	 Y 	 R 	 theta 
#Without Preamplifier,Fluence with Filter (NE07A-B), ZnTe detector angle 40deg, Chopper 230Hz, time constant=0.1s 18dB, waiting time= 0.9s, sensitivity=20mV
1.87	8.4	5.603892e-11	5.43597e-05	-3.71935e-05	7.34334e-05	-27.666
3.4202	8.404	5.6065605199999996e-11	5.81744e-05	-9.5368e-06	5.9128e-05	-13.884
5.1104	8.408	5.6092290399999994e-11	1.52589e-05	-1.14442e-05	2.0981e-05	-22.752
6.5682	8.412	5.6118975600000006e-11	5.3406e-05	2.47956e-05	5.81744e-05	23.898
8.0435	8.416	5.61456608e-11	4.57766e-05	-2.28883e-05	5.0545e-05	-23.298
9.7509	8.42	5.6172345999999996e-11	3.81472e-05	-4.67303e-05	6.19893e-05	-51.342
11.2217	8.424	5.6199031199999994e-11	5.53133e-05	-2.47956e-05	6.19893e-05	-22.038
12.6815	8.428	5.6225716400000005e-11	5.24523e-05	-2.3842e-05	5.9128e-05	-27.426
14.1497	8.432	5.6252401599999997e-11	5.3406e-05	-3.43325e-05	6.5804e-05	-34.284
15.6098	8.436	5.6279086799999995e-11	4.76839e-05	3.05178e-05	5.53133e-05	34.47
17.3043	8.44	5.630577199999999e-11	4.86376e-05	-6.67575e-06	4.00546e-05	-8.274
18.7698	8.444	5.6332457200000004e-11	6.38966e-05	5.72208e-06	6.38966e-05	7.56
20.2101	8.448	5.63591424e-11	3.14715e-05	-3.62399e-05	4.67303e-05	-46.146
21.6805	8.452	5.6385827599999994e-11	6.38966e-05	-5.43597e-05	8.39238e-05	-46.89
23.1507	8.456	5.641251279999999e-11	1.14442e-05	-4.7684e-06	1.04905e-05	-34.698
24.6055	8.46	5.6439198000000003e-11	3.81472e-05	3.81473e-06	3.14715e-05	16.818
26.0662	8.464	5.64658832e-11	4.48229e-05	-8.58313e-06	3.91009e-05	-23.46
27.7951	8.468	5.64925684e-11	3.24252e-05	-2.6703e-05	4.10082e-05	-34.212
29.2519	8.472	5.651925359999999e-11	6.38966e-05	-2.86104e-06	6.10356e-05	-1.302
30.6878	8.476	5.65459388e-11	3.52862e-05	-3.81473e-06	3.33788e-05	-6.984
32.1467	8.48	5.6572624e-11	4.19619e-05	-2.28883e-05	4.29156e-05	-24.588
33.5986	8.484	5.65993092e-11	3.05178e-05	0.0	3.91009e-05	-0.894
35.3074	8.488	5.66259944e-11	3.91009e-05	-3.81473e-06	4.48229e-05	0.786
36.7777	8.492	5.66526796e-11	5.24523e-05	-1.71663e-05	5.24523e-05	-17.718
38.2376	8.496	5.66793648e-11	5.53133e-05	3.81473e-06	5.6267e-05	8.694
39.9657	8.5	5.670605e-11	5.53133e-05	3.33788e-05	6.96187e-05	32.226
41.4227	8.504	5.6732735199999996e-11	5.0545e-05	4.7684e-06	4.95913e-05	0.786
42.8883	8.508	5.675942039999999e-11	2.28883e-05	-4.7684e-06	2.76567e-05	-9.246
44.3466	8.512	5.67861056e-11	3.62399e-05	1.04905e-05	3.71935e-05	17.472
45.8166	8.516	5.68127908e-11	8.58313e-06	-4.48229e-05	4.48229e-05	-74.166
47.5609	8.52	5.6839475999999996e-11	4.67303e-05	-4.67303e-05	6.10356e-05	-62.04
49.0009	8.524	5.6866161199999994e-11	3.24252e-05	-3.14715e-05	4.38693e-05	-37.404
50.4585	8.528	5.68928464e-11	3.71935e-05	1.04905e-05	3.52862e-05	26.076
51.9436	8.532	5.69195316e-11	6.2943e-05	-4.86376e-05	7.62944e-05	-44.64
53.4013	8.536	5.6946216799999995e-11	2.0981e-05	2.0981e-05	2.86103e-05	45.936
54.8513	8.54	5.697290199999999e-11	3.05178e-05	-5.53133e-05	6.19893e-05	-67.854
56.3217	8.544	5.69995872e-11	-6.67575e-06	-2.28883e-05	2.3842e-05	-122.826
58.0317	8.548	5.7026272399999996e-11	1.04905e-05	-4.67303e-05	4.48229e-05	-86.532
59.5118	8.552	5.7052957599999994e-11	3.91009e-05	1.71663e-05	3.81472e-05	12.756
60.9919	8.556	5.707964279999999e-11	5.9128e-05	6.67575e-06	6.67577e-05	10.206
62.4324	8.56	5.7106328000000004e-11	4.48229e-05	-1.14442e-05	4.00546e-05	-26.13
63.9026	8.564	5.7133013199999995e-11	6.67575e-06	1.52589e-05	1.23978e-05	85.914
65.633	8.568	5.7159698399999994e-11	6.5804e-05	-1.33515e-05	6.2943e-05	-6.894
67.1204	8.572	5.718638359999999e-11	4.38693e-05	4.48229e-05	5.43597e-05	62.766
68.5782	8.576	5.72130688e-11	2.3842e-05	-5.14986e-05	5.6267e-05	-55.74
70.2834	8.58	5.7239753999999995e-11	3.05178e-05	-9.5368e-06	2.57493e-05	-3.096
71.7434	8.584	5.726643919999999e-11	6.48503e-05	-5.72208e-06	6.5804e-05	1.17
73.2012	8.588	5.729312439999999e-11	2.28883e-05	1.33515e-05	2.3842e-05	33.69
74.6513	8.592	5.73198096e-11	1.62126e-05	2.28883e-05	3.24252e-05	33.072
76.1215	8.596	5.73464948e-11	2.28883e-05	-4.7684e-06	3.24252e-05	-1.062
77.8317	8.6	5.737317999999999e-11	4.57766e-05	-3.43325e-05	5.9128e-05	-32.274
79.3116	8.604	5.739986519999999e-11	5.72208e-06	-1.23978e-05	1.23978e-05	-97.764
80.7619	8.608	5.74265504e-11	1.62126e-05	-9.5368e-06	1.33515e-05	-38.16
82.2199	8.612	5.74532356e-11	4.48229e-05	-3.62399e-05	5.72207e-05	-39.972
83.6756	8.616	5.74799208e-11	4.10082e-05	5.72208e-06	3.81472e-05	12.846
85.146	8.62	5.750660599999999e-11	2.6703e-05	-1.62126e-05	2.86103e-05	-37.476
86.6125	8.624	5.75332912e-11	2.47956e-05	2.57493e-05	3.52862e-05	52.926
88.3275	8.628	5.75599764e-11	4.38693e-05	8.58313e-06	4.38693e-05	11.31
89.7851	8.632	5.75866616e-11	2.9564e-05	1.14442e-05	3.05178e-05	26.562
91.24	8.636	5.761334679999999e-11	3.71935e-05	-1.33515e-05	3.91009e-05	-19.332
92.6769	8.64	5.7640032e-11	2.86104e-06	6.67575e-06	1.23978e-05	62.448
94.1659	8.644	5.76667172e-11	2.86104e-06	1.14442e-05	1.71663e-05	39.558
95.8919	8.648	5.7693402399999996e-11	1.14442e-05	3.81473e-06	1.90736e-06	-168.69
97.3296	8.652	5.7720087599999994e-11	8.58313e-06	-2.3842e-05	2.57493e-05	-41.88
98.7896	8.656	5.77467728e-11	6.67575e-06	2.3842e-05	2.76567e-05	88.782
100.5143	8.66	5.7773458e-11	-1.33515e-05	2.86104e-06	1.33515e-05	157.62
101.9514	8.664	5.7800143199999996e-11	1.90736e-05	4.7684e-06	1.81199e-05	18.432
103.4109	8.668	5.7826828399999994e-11	-1.33515e-05	8.58313e-06	1.23978e-05	113.202
104.8673	8.672	5.78535136e-11	-1.62126e-05	4.76839e-05	4.67303e-05	105.948
106.3216	8.676	5.7880198799999997e-11	1.90736e-06	-4.19619e-05	4.38693e-05	-84.45
108.0315	8.68	5.7906883999999995e-11	8.58313e-06	5.72208e-06	5.72208e-06	-21.804
109.4884	8.684	5.793356919999999e-11	-3.33788e-05	-2.47956e-05	3.43325e-05	-158.43
110.9447	8.688	5.7960254400000004e-11	2.0981e-05	-1.33515e-05	2.57493e-05	-46.908
112.3919	8.692	5.7986939599999996e-11	1.81199e-05	-1.43052e-05	2.19346e-05	-59.034
113.8518	8.696	5.8013624799999994e-11	-9.53682e-07	-1.14442e-05	1.14442e-05	-86.988
115.3228	8.7	5.804030999999999e-11	-4.7684e-06	9.5368e-06	1.23978e-05	78.234
116.7607	8.704	5.8066995200000003e-11	8.58313e-06	-2.86104e-06	1.04905e-05	-14.934
118.4906	8.708	5.8093680399999995e-11	-3.14715e-05	-1.04905e-05	3.05178e-05	-163.182
119.9772	8.712	5.8120365599999993e-11	-3.14715e-05	8.58313e-06	2.57493e-05	167.796
121.4445	8.716	5.814705079999999e-11	-2.28883e-05	-3.81473e-06	1.04905e-05	-121.608
122.9043	8.72	5.8173736e-11	1.43052e-05	-1.14442e-05	2.3842e-05	-41.988
124.3721	8.724	5.82004212e-11	-7.62945e-06	-1.04905e-05	1.71663e-05	-145.788
126.1021	8.728	5.82271064e-11	-3.81472e-05	2.86103e-05	4.00546e-05	137.172
127.5624	8.732	5.82537916e-11	-1.33515e-05	-3.81473e-06	1.23978e-05	-148.572
129.0325	8.736	5.82804768e-11	-3.14715e-05	-2.9564e-05	5.14986e-05	-152.208
130.4855	8.74	5.8307162e-11	-4.86376e-05	-1.81199e-05	5.24523e-05	-154.074
131.9598	8.744	5.833384719999999e-11	-3.62399e-05	-1.62126e-05	4.29156e-05	-155.772
133.4143	8.748	5.836053239999999e-11	-2.6703e-05	-3.81473e-06	2.3842e-05	180.0
134.8651	8.752	5.83872176e-11	-6.2943e-05	1.90736e-05	6.2943e-05	163.968
136.3249	8.756	5.84139028e-11	-1.04905e-05	1.23978e-05	1.04905e-05	147.996
138.0323	8.76	5.8440588e-11	-5.3406e-05	-1.81199e-05	5.72207e-05	-166.428
139.4923	8.764	5.84672732e-11	-7.1526e-05	5.72208e-06	7.34334e-05	174.288
140.9766	8.768	5.849395840000001e-11	-2.00273e-05	-4.7684e-06	2.19346e-05	172.692
142.4468	8.772	5.852064359999999e-11	-4.29156e-05	-1.14442e-05	3.71935e-05	-164.652
143.9068	8.776	5.854732879999999e-11	-4.19619e-05	1.23978e-05	4.95913e-05	167.706
145.3928	8.78	5.857401399999999e-11	-4.00546e-05	1.71663e-05	4.67303e-05	159.444
146.8297	8.784	5.86006992e-11	-2.9564e-05	-1.81199e-05	3.14715e-05	-154.026
148.3003	8.788	5.86273844e-11	-5.6267e-05	5.72208e-06	4.86376e-05	177.228
150.0401	8.792	5.86540696e-11	-6.77113e-05	1.90736e-06	6.77113e-05	-173.784
151.5	8.796	5.86807548e-11	-6.19893e-05	1.90736e-06	6.19893e-05	173.394
152.9703	8.8	5.870744e-11	-6.00817e-05	-2.0981e-05	6.00817e-05	-162.99
154.4605	8.804	5.87341252e-11	-4.57766e-05	-2.28883e-05	5.0545e-05	-162.252
156.1864	8.808	5.87608104e-11	-8.86922e-05	9.53682e-07	9.05995e-05	-179.154
157.6416	8.812	5.878749559999999e-11	-7.72481e-05	1.04905e-05	7.91554e-05	170.076
159.0911	8.816	5.88141808e-11	-7.24797e-05	-1.52589e-05	7.24797e-05	-170.892
160.5705	8.82	5.8840866e-11	-7.53407e-05	-7.62945e-06	7.43871e-05	-168.192
162.0232	8.824	5.88675512e-11	-7.53407e-05	-9.53682e-07	6.77113e-05	-173.844
163.4928	8.828	5.889423639999999e-11	-0.000102044	-1.04905e-05	9.44142e-05	-176.154
164.9463	8.832	5.89209216e-11	-0.000102044	1.52589e-05	9.82289e-05	170.148
166.3837	8.836	5.89476068e-11	-0.000117302	-2.6703e-05	0.000117302	-165.804
168.1141	8.84	5.8974292e-11	-9.25069e-05	-2.76567e-05	0.000102044	-167.31
169.5842	8.844	5.90009772e-11	-6.67577e-05	-1.43052e-05	6.48503e-05	-169.854
171.0442	8.848	5.90276624e-11	-0.000112534	1.81199e-05	0.000108719	171.822
172.5124	8.852	5.90543476e-11	-4.86376e-05	-5.24523e-05	7.24797e-05	-131.838
173.9718	8.856	5.908103279999999e-11	-0.00011158	-4.86376e-05	0.000117302	-156.672
175.6787	8.86	5.910771799999999e-11	-0.000146867	-1.14442e-05	0.000149728	-176.976
177.1489	8.864	5.91344032e-11	-9.15532e-05	-4.7684e-06	9.91826e-05	178.494
178.6192	8.868	5.91610884e-11	-0.000135423	-3.14715e-05	0.000142098	-165.192
180.0991	8.872	5.91877736e-11	-0.000102997	3.14715e-05	0.000102044	161.208
181.5655	8.876	5.92144588e-11	-0.000127793	-9.5368e-06	0.000139237	-177.582
183.0379	8.88	5.924114400000001e-11	-0.000136376	-4.19619e-05	0.000142098	-166.356
184.5067	8.884	5.926782919999999e-11	-0.000144959	-4.29156e-05	0.00014782	-165.018
186.2186	8.888	5.929451439999999e-11	-0.000142098	-9.5368e-06	0.000142098	-174.9
187.7089	8.892	5.932119959999999e-11	-0.000106812	-2.76567e-05	0.000113488	-166.122
189.1792	8.896	5.93478848e-11	-0.000130654	-5.24523e-05	0.000138284	-158.88
190.6546	8.9	5.937457e-11	-9.72752e-05	-2.28883e-05	9.63216e-05	-170.406
192.1374	8.904	5.94012552e-11	-0.000135423	-3.71935e-05	0.000146867	-163.626
193.8654	8.908	5.94279404e-11	-0.000176431	-4.7684e-06	0.000170709	-177.306
195.3737	8.912	5.945462560000001e-11	-0.000144006	-6.67575e-06	0.000130654	-179.1
196.8263	8.916	5.94813108e-11	-0.000151635	5.72208e-06	0.000149728	174.57
198.5715	8.92	5.950799599999999e-11	-0.000135423	-4.7684e-06	0.000134469	-176.094
200.0044	8.924	5.953468119999999e-11	-0.000176431	-5.0545e-05	0.000172616	-162.132
201.4953	8.928	5.95613664e-11	-0.000175477	-5.14986e-05	0.000172616	-159.42
202.9789	8.932	5.95880516e-11	-0.000142098	-3.52862e-05	0.000143052	-169.884
204.454	8.936	5.96147368e-11	-0.000131608	-3.43325e-05	0.000136376	-165.558
206.176	8.94	5.9641422e-11	-0.000178338	-2.57493e-05	0.00018406	-174.414
207.6472	8.944	5.96681072e-11	-0.000140191	-4.29156e-05	0.000139237	-163.488
209.1092	8.948	5.96947924e-11	-0.000197412	-3.43325e-05	0.00020218	-168.618
210.6047	8.952	5.97214776e-11	-0.000153542	-4.57766e-05	0.000162126	-161.49
212.1182	8.956	5.97481628e-11	-0.000160218	-2.86103e-05	0.000159265	-173.112
213.55	8.96	5.9774848e-11	-0.000186921	-1.33515e-05	0.000183106	-175.584
215.0361	8.964	5.98015332e-11	-0.000160218	-2.9564e-05	0.000160218	-171.0
216.767	8.968	5.98282184e-11	-0.000208856	-2.6703e-05	0.000207902	-172.968
218.2369	8.972	5.985490359999999e-11	-0.000200273	-5.53133e-05	0.000209809	-166.488
219.7244	8.976	5.98815888e-11	-0.000179292	-2.28883e-05	0.000175477	-169.932
221.2018	8.98	5.9908274e-11	-0.000172616	-6.48503e-05	0.00018406	-160.728
222.6529	8.984	5.99349592e-11	-0.00018406	-5.81744e-05	0.000190736	-159.834
224.3836	8.988	5.99616444e-11	-0.000164987	-5.6267e-05	0.000174523	-161.298
225.8354	8.992	5.99883296e-11	-0.00018406	-2.76567e-05	0.000178338	-172.146
227.2925	8.996	6.00150148e-11	-0.000171662	-6.48503e-05	0.00018406	-158.772
228.7658	9.0	6.004169999999999e-11	-0.000175477	-7.72481e-05	0.000190736	-154.77
230.2485	9.004	6.006838519999999e-11	-0.000138284	-9.15532e-05	0.000172616	-149.934
231.7256	9.008	6.009507039999999e-11	-0.000204087	-9.34605e-05	0.000225068	-155.628
233.2266	9.012	6.01217556e-11	-0.000174523	-6.2943e-05	0.000187875	-162.84
234.73	9.016	6.01484408e-11	-0.000216485	-6.48503e-05	0.000232697	-160.26
236.4525	9.02	6.0175126e-11	-0.000175477	-4.95913e-05	0.000182153	-165.3
237.9258	9.024	6.02018112e-11	-0.000205995	-7.91554e-05	0.000211717	-156.63
239.3625	9.028	6.02284964e-11	-0.00018406	-6.00817e-05	0.000192643	-162.768
240.8484	9.032	6.025518159999999e-11	-0.000187875	-9.72752e-05	0.000205995	-151.776
242.3249	9.036	6.028186679999999e-11	-0.000222207	-0.000107766	0.000243188	-148.446
243.7973	9.04	6.030855199999999e-11	-0.000181199	-0.000108719	0.000210763	-146.85
245.2794	9.044	6.03352372e-11	-0.000201226	-0.000110627	0.00023842	-151.206
246.7368	9.048	6.03619224e-11	-0.000215531	-0.000124932	0.000231744	-149.208
248.1916	9.052	6.03886076e-11	-0.000205995	-0.000122071	0.00023842	-148.488
249.6631	9.056	6.041529279999999e-11	-0.000210763	-7.82018e-05	0.000224114	-158.574
251.1717	9.06	6.0441978e-11	-0.000205995	-0.000122071	0.00024605	-152.064
252.643	9.064	6.04686632e-11	-0.000228883	-0.000148774	0.000272753	-147.198
254.0826	9.068	6.049534839999999e-11	-0.000215531	-0.000125886	0.000247004	-149.274
255.5465	9.072	6.052203359999999e-11	-0.00018406	-0.000148774	0.000235558	-141.744
257.0346	9.076	6.05487188e-11	-0.000228883	-0.000157357	0.000276567	-147.12
258.7677	9.08	6.0575404e-11	-0.000240327	-0.000134469	0.000271799	-151.11
260.2226	9.084	6.06020892e-11	-0.000199319	-0.00011921	0.000229836	-147.906
261.724	9.088	6.062877439999999e-11	-0.000196458	-0.000174523	0.000272753	-139.236
263.1958	9.092	6.06554596e-11	-0.000167848	-0.000181199	0.000243188	-135.666
264.6803	9.096	6.06821448e-11	-0.000210763	-0.000167848	0.000267984	-143.448
266.3976	9.1	6.070883e-11	-0.000209809	-0.000199319	0.000289919	-137.604
267.8643	9.104	6.07355152e-11	-0.000251772	-0.000191689	0.000316622	-143.034
269.3372	9.108	6.07622004e-11	-0.000222207	-0.000211717	0.000309946	-135.78
270.7876	9.112	6.07888856e-11	-0.000175477	-0.000232697	0.000293734	-127.752
272.279	9.116	6.081557079999999e-11	-0.000177384	-0.000188828	0.000251772	-134.568
273.7515	9.12	6.084225599999999e-11	-0.000185967	-0.00020218	0.00026417	-132.324
275.2535	9.124	6.08689412e-11	-0.000200273	-0.000240327	0.0003109	-129.204
276.726	9.128	6.08956264e-11	-0.000207902	-0.000223161	0.000302317	-133.026
278.2077	9.132	6.09223116e-11	-0.000166894	-0.000211717	0.000265123	-129.288
279.6652	9.136	6.09489968e-11	-0.000205995	-0.000226022	0.000306131	-132.618
281.1246	9.14	6.0975682e-11	-0.000185014	-0.000250818	0.000313761	-126.144
282.6114	9.144	6.100236719999999e-11	-0.000210763	-0.000232697	0.000311853	-132.654
284.3368	9.148	6.102905239999999e-11	-0.000160218	-0.000295641	0.000332834	-118.428
285.8071	9.152	6.105573759999999e-11	-0.000180245	-0.000273706	0.000328066	-123.432
287.2646	9.156	6.10824228e-11	-0.000215531	-0.000299456	0.000369074	-125.754
288.7371	9.16	6.1109108e-11	-0.000167848	-0.000286104	0.00032902	-119.844
290.2189	9.164	6.11357932e-11	-0.000185014	-0.000327112	0.000379564	-117.402
291.6825	9.168	6.11624784e-11	-0.000168801	-0.000320436	0.000358583	-118.296
293.1781	9.172	6.11891636e-11	-0.000208856	-0.000288012	0.000354769	-126.696
294.6685	9.176	6.12158488e-11	-0.000208856	-0.000334742	0.00039673	-122.13
296.4312	9.18	6.124253399999999e-11	-0.000182153	-0.000326158	0.00037575	-117.06
297.9025	9.184	6.126921919999999e-11	-0.000182153	-0.000345232	0.000394823	-119.982
299.3561	9.188	6.12959044e-11	-0.000187875	-0.000350954	0.000398638	-117.762
300.8286	9.192	6.13225896e-11	-0.000177384	-0.000359537	0.000391962	-116.694
302.3097	9.196	6.13492748e-11	-0.000187875	-0.000377657	0.000413897	-117.234
303.8005	9.2	6.137595999999999e-11	-0.00017357	-0.000367166	0.000411035	-113.802
305.2562	9.204	6.14026452e-11	-0.000159265	-0.000380518	0.000415804	-112.494
306.7282	9.208	6.14293304e-11	-0.000148774	-0.000394823	0.000423433	-110.262
308.1835	9.212	6.14560156e-11	-0.000161172	-0.000416758	0.000442507	-111.162
309.655	9.216	6.148270079999999e-11	-0.000140191	-0.000455858	0.000474932	-107.442
311.1454	9.22	6.1509386e-11	-0.000187875	-0.000397684	0.000439646	-115.17
312.594	9.224	6.15360712e-11	-0.000169755	-0.00039673	0.000440599	-112.422
314.0716	9.228	6.15627564e-11	-8.29701e-05	-0.000473024	0.000482561	-100.458
315.5512	9.232	6.158944159999999e-11	-0.000150681	-0.000448229	0.000467302	-108.594
317.0406	9.236	6.16161268e-11	-0.000100136	-0.00046921	0.000478746	-103.11
318.737	9.24	6.1642812e-11	-0.000112534	-0.000493053	0.000505451	-102.318
320.2279	9.244	6.16694972e-11	-0.000118256	-0.000484468	0.000499729	-104.388
321.6959	9.248	6.16961824e-11	-0.000118256	-0.00050259	0.000515942	-104.466
323.1822	9.252	6.17228676e-11	-4.86376e-05	-0.000490192	0.000494007	-94.074
324.6395	9.256	6.17495528e-11	-9.15532e-05	-0.000517849	0.000524525	-101.07
326.3646	9.26	6.177623799999999e-11	-3.33788e-05	-0.000522617	0.000524525	-92.544
327.8218	9.264	6.180292319999999e-11	-6.67575e-06	-0.000530247	0.0005312	-93.072
329.296	9.268	6.18296084e-11	-2.3842e-05	-0.000573162	0.000568394	-91.812
330.7678	9.272	6.18562936e-11	-3.05178e-05	-0.000569347	0.000568394	-94.326
332.2401	9.276	6.18829788e-11	-1.62126e-05	-0.000594143	0.00059605	-91.338
333.6921	9.28	6.1909664e-11	1.81199e-05	-0.000573162	0.000574116	-87.54
335.1749	9.284	6.193634920000001e-11	2.47956e-05	-0.000558857	0.000559811	-87.498
336.6369	9.288	6.196303439999999e-11	1.43052e-05	-0.000604633	0.000605587	-88.554
338.1055	9.292	6.198971959999999e-11	9.44142e-05	-0.000557903	0.000565533	-79.452
339.5782	9.296	6.201640479999999e-11	8.39238e-05	-0.000569347	0.000578884	-82.002
341.0287	9.3	6.204309e-11	0.000138284	-0.000595096	0.000610355	-76.422
342.4853	9.304	6.20697752e-11	0.00013733	-0.000575069	0.000593189	-77.784
344.0089	9.308	6.20964604e-11	0.000183106	-0.000562672	0.000584606	-74.226
345.479	9.312	6.21231456e-11	0.000205995	-0.000571255	0.000602726	-69.978
346.9615	9.316	6.21498308e-11	0.000261309	-0.000498775	0.000568394	-60.78
348.4486	9.32	6.2176516e-11	0.000320436	-0.000452043	0.000552181	-54.606
349.9108	9.324	6.22032012e-11	0.000365259	-0.000485422	0.00060368	-52.47
351.3933	9.328	6.222988639999999e-11	0.000434877	-0.000428202	0.000601772	-44.634
352.8815	9.332	6.22565716e-11	0.000472071	-0.000415804	0.000629429	-42.216
354.3692	9.336	6.22832568e-11	0.000533108	-0.000312807	0.000611309	-31.908
355.8417	9.34	6.2309942e-11	0.000610355	-0.000287058	0.000668529	-24.342
357.3134	9.344	6.233662719999999e-11	0.00067139	-0.000215531	0.000690464	-18.714
358.7826	9.348	6.23633124e-11	0.000769619	-0.000133515	0.000781063	-10.194
360.24	9.352	6.23899976e-11	0.000863079	-2.47956e-05	0.000864033	-1.548
361.7129	9.356	6.24166828e-11	0.000964168	6.8665e-05	0.000967983	4.02
363.4347	9.36	6.2443368e-11	0.00105382	0.000148774	0.00106049	7.764
364.8963	9.364	6.24700532e-11	0.0011263	0.000312807	0.00117017	15.27
366.3678	9.368	6.24967384e-11	0.00120354	0.000391962	0.00126172	18.156
367.8324	9.372	6.252342359999999e-11	0.00132752	0.000493053	0.00141431	20.55
369.3244	9.376	6.255010879999999e-11	0.0014	0.000657085	0.00154973	25.02
370.7782	9.38	6.2576794e-11	0.00157071	0.000802044	0.00176335	27.09
372.2446	9.384	6.26034792e-11	0.00163365	0.000929836	0.00188638	29.352
373.9562	9.388	6.26301644e-11	0.0017624	0.00103284	0.00203897	30.372
375.4471	9.392	6.26568496e-11	0.00180531	0.00114919	0.0021372	32.73
376.9028	9.396	6.268353480000001e-11	0.00191499	0.00131512	0.00232412	34.71
378.3558	9.4	6.271022e-11	0.00195505	0.00142766	0.00242139	36.258
379.7934	9.404	6.273690519999999e-11	0.00205709	0.00155831	0.00258161	37.158
381.2513	9.408	6.276359039999999e-11	0.00206091	0.00165845	0.00263979	38.862
382.7373	9.412	6.27902756e-11	0.00203992	0.0016842	0.00263788	39.972
384.216	9.416	6.28169608e-11	0.002059	0.00186253	0.0027733	42.084
385.9367	9.42	6.2843646e-11	0.00196458	0.00192452	0.00275423	44.55
387.3901	9.424	6.28703312e-11	0.00188447	0.00193978	0.00269701	45.87
388.8698	9.428	6.289701640000001e-11	0.00179292	0.00196649	0.00266172	47.526
390.3084	9.432	6.29237016e-11	0.00162888	0.00200464	0.00258161	50.856
391.7598	9.436	6.295038679999999e-11	0.00154305	0.00194932	0.00247766	51.798
393.2154	9.44	6.297707199999999e-11	0.00136758	0.0018921	0.00233652	54.15
394.6907	9.444	6.30037572e-11	0.00117112	0.00184632	0.00218584	57.606
396.1443	9.448	6.30304424e-11	0.00100709	0.00169564	0.00197412	59.232
397.6179	9.452	6.30571276e-11	0.000898365	0.00157548	0.00180627	60.648
399.083	9.456	6.30838128e-11	0.000809673	0.00140763	0.00162507	59.898
400.5413	9.46	6.3110498e-11	0.00069714	0.0011921	0.00137902	59.562
402.013	9.464	6.31371832e-11	0.000618938	0.000980385	0.00115586	57.744
403.736	9.468	6.31638684e-11	0.000515942	0.000757221	0.000915531	55.608
405.2067	9.472	6.31905536e-11	0.000489239	0.000541691	0.000729565	48.36
406.6943	9.476	6.32172388e-11	0.000460627	0.000340464	0.000575069	36.75
408.1652	9.48	6.3243924e-11	0.000497822	0.000171662	0.0005312	18.684
409.6254	9.484	6.32706092e-11	0.000468256	4.19619e-05	0.00046921	4.65
411.3681	9.488	6.329729439999999e-11	0.000494961	-0.000142098	0.000504497	-17.286
412.8202	9.492	6.33239796e-11	0.000468256	-0.000248911	0.000529293	-27.504
414.3104	9.496	6.33506648e-11	0.000533108	-0.000312807	0.000616077	-29.79
415.7927	9.5	6.337735e-11	0.000485422	-0.000401499	0.000629429	-39.462
417.2571	9.504	6.34040352e-11	0.000471117	-0.000445368	0.000646595	-43.668
418.7378	9.508	6.34307204e-11	0.000427248	-0.00053883	0.000686649	-51.75
420.2148	9.512	6.34574056e-11	0.000333788	-0.000498775	0.000592235	-55.284
421.6629	9.516	6.348409079999999e-11	0.0003109	-0.000458719	0.000550274	-55.32
423.4124	9.52	6.351077599999999e-11	0.00023842	-0.000448229	0.000510219	-60.462
424.8845	9.524	6.353746119999999e-11	0.000174523	-0.000432016	0.000462534	-67.692
426.3364	9.528	6.35641464e-11	0.000141145	-0.000323297	0.000351908	-65.418
427.8238	9.532	6.35908316e-11	0.000125886	-0.000265123	0.000295641	-64.632
429.3128	9.536	6.36175168e-11	0.000152589	-0.000162126	0.000218392	-49.722
430.7642	9.54	6.3644202e-11	0.00010109	-9.25069e-05	0.000138284	-42.294
432.2264	9.544	6.367088719999999e-11	0.000185014	-2.76567e-05	0.000186921	-7.2
433.9483	9.548	6.369757239999999e-11	0.000228883	3.81473e-06	0.000236512	0.0
435.3848	9.552	6.372425759999999e-11	0.000225068	5.9128e-05	0.000232697	13.314
436.8432	9.556	6.375094279999999e-11	0.00023079	6.8665e-05	0.00024605	15.306
438.3004	9.56	6.3777628e-11	0.000278475	6.77113e-05	0.000284197	14.136
439.7727	9.564	6.38043132e-11	0.000283243	6.2943e-05	0.000294687	12.696
441.5155	9.568	6.38309984e-11	0.000276567	5.72208e-06	0.00027466	1.524
442.9714	9.572	6.38576836e-11	0.000254633	-3.33788e-05	0.000255587	-6.156
444.4352	9.576	6.38843688e-11	0.000201226	-4.67303e-05	0.000205995	-12.246
446.149	9.58	6.3911054e-11	0.000161172	-0.000144006	0.000221253	-40.326
447.6064	9.584	6.393773919999999e-11	8.29701e-05	-0.000157357	0.00017357	-61.14
449.0764	9.588	6.396442439999999e-11	3.62399e-05	-0.000196458	0.000201226	-83.016
450.5651	9.592	6.39911096e-11	7.62945e-06	-0.00014782	0.000144959	-83.628
452.0569	9.596	6.40177948e-11	2.19346e-05	-0.000198365	0.00019455	-82.236
453.5373	9.6	6.404448e-11	-4.29156e-05	-0.000191689	0.000186921	-98.76
455.0306	9.604	6.407116519999999e-11	-7.34334e-05	-0.000141145	0.000153542	-116.682
456.5323	9.608	6.40978504e-11	-8.77385e-05	-0.000123979	0.000156404	-133.986
458.0366	9.612	6.41245356e-11	-9.34605e-05	-0.000142098	0.000163079	-120.168
459.5416	9.616	6.41512208e-11	-4.95913e-05	-0.000121117	0.000132562	-113.01
460.9929	9.62	6.417790599999999e-11	-5.3406e-05	-7.53407e-05	8.48775e-05	-124.464
462.4765	9.624	6.42045912e-11	-2.6703e-05	-0.000134469	0.000135423	-104.514
464.1865	9.628	6.42312764e-11	-5.43597e-05	-0.000166894	0.000174523	-107.262
465.698	9.632	6.425796159999999e-11	-3.14715e-05	-0.000135423	0.000139237	-107.304
467.2007	9.636	6.428464679999999e-11	-0.000106812	-0.00020218	0.000231744	-118.53
468.6805	9.64	6.4311332e-11	-0.000122071	-0.000215531	0.00023842	-118.092
470.16	9.644	6.43380172e-11	-0.000158311	-0.000228883	0.000283243	-126.546
471.8864	9.648	6.43647024e-11	-0.000191689	-0.000258448	0.000322344	-126.216
473.3732	9.652	6.43913876e-11	-0.000282289	-0.000272753	0.000397684	-136.212
474.8587	9.656	6.44180728e-11	-0.000338556	-0.000312807	0.000456812	-137.322
476.6018	9.66	6.444475799999999e-11	-0.000369074	-0.000301363	0.000485422	-141.33
478.1034	9.664	6.447144319999999e-11	-0.000393869	-0.000301363	0.000497822	-143.25
479.5941	9.668	6.449812839999999e-11	-0.000445368	-0.000312807	0.000529293	-144.36
481.0766	9.672	6.45248136e-11	-0.00046158	-0.000288965	0.000547413	-147.582
482.5366	9.676	6.45514988e-11	-0.000428202	-0.000308039	0.000528339	-144.822
484.02	9.68	6.4578184e-11	-0.000411989	-0.000229836	0.00046921	-151.752
485.4765	9.684	6.46048692e-11	-0.000405313	-0.000255587	0.000484468	-148.35
486.9531	9.688	6.46315544e-11	-0.000416758	-0.000236512	0.000475885	-150.564
488.3985	9.692	6.465823959999999e-11	-0.000337603	-0.000273706	0.000432016	-141.534
489.88	9.696	6.468492479999999e-11	-0.000325205	-0.000262262	0.000423433	-142.182
491.3514	9.7	6.471160999999999e-11	-0.000297548	-0.000330927	0.00044346	-132.138
492.8526	9.704	6.47382952e-11	-0.000279428	-0.000318529	0.000429155	-132.948
494.5628	9.708	6.47649804e-11	-0.000317575	-0.000356676	0.00046921	-131.346
496.0364	9.712	6.47916656e-11	-0.000259401	-0.000360491	0.000435831	-124.62
497.5182	9.716	6.48183508e-11	-0.000315668	-0.000359537	0.000474932	-130.32
499.0253	9.72	6.4845036e-11	-0.000288012	-0.000351908	0.000463488	-128.826
500.4771	9.724	6.48717212e-11	-0.000279428	-0.00033951	0.000435831	-129.144
502.2066	9.728	6.48984064e-11	-0.000272753	-0.000284197	0.000398638	-134.73
503.6625	9.732	6.492509159999999e-11	-0.000312807	-0.000290873	0.000429155	-138.438
505.1653	9.736	6.49517768e-11	-0.000332834	-0.000196458	0.000385286	-147.888
506.8775	9.74	6.4978462e-11	-0.000334742	-0.000187875	0.00038624	-151.02
508.3593	9.744	6.50051472e-11	-0.000391008	-0.000145913	0.000406267	-159.714
509.8181	9.748	6.503183239999999e-11	-0.000380518	-0.000134469	0.00040436	-159.708
511.3065	9.752	6.50585176e-11	-0.00039673	-8.86922e-05	0.000407221	-167.352
512.7605	9.756	6.50852028e-11	-0.000425341	-8.20165e-05	0.000424387	-168.246
514.4852	9.76	6.5111888e-11	-0.000450136	-7.1526e-05	0.000455858	-171.3
515.9625	9.764	6.51385732e-11	-0.000410082	-0.000124932	0.000425341	-163.476
517.4484	9.768	6.51652584e-11	-0.000441553	-0.000135423	0.000460627	-162.036
518.8813	9.772	6.51919436e-11	-0.000420572	-0.000125886	0.000439646	-163.974
520.3762	9.776	6.521862879999999e-11	-0.000418665	-0.00017357	0.00044346	-158.022
521.8273	9.78	6.524531399999999e-11	-0.000373842	-0.0002203	0.000428202	-149.898
523.3516	9.784	6.52719992e-11	-0.000359537	-0.000229836	0.000421526	-147.732
524.8156	9.788	6.52986844e-11	-0.000362398	-0.000213624	0.000420572	-149.352
526.5453	9.792	6.53253696e-11	-0.000372889	-0.000266077	0.000460627	-144.57
528.0338	9.796	6.53520548e-11	-0.000314714	-0.000277521	0.000411035	-138.156
529.5062	9.8	6.537874000000001e-11	-0.000360491	-0.00029278	0.000459673	-139.788
530.979	9.804	6.540542519999999e-11	-0.000341417	-0.000277521	0.000439646	-141.546
532.7026	9.808	6.543211039999999e-11	-0.000278475	-0.000253679	0.000373842	-137.328
534.1945	9.812	6.545879559999999e-11	-0.000312807	-0.000243188	0.000393869	-142.938
535.6437	9.816	6.54854808e-11	-0.000348093	-0.000222207	0.000415804	-147.684
537.1524	9.82	6.5512166e-11	-0.000308039	-0.00027466	0.000410082	-138.546
538.6253	9.824	6.55388512e-11	-0.000322344	-0.000197412	0.000388147	-150.276
540.3274	9.828	6.55655364e-11	-0.000302317	-0.000204087	0.000358583	-145.062
541.839	9.832	6.55922216e-11	-0.000336649	-0.000162126	0.000371935	-154.038
543.3082	9.836	6.56189068e-11	-0.000341417	-0.000110627	0.000356676	-160.92
544.7893	9.84	6.564559199999999e-11	-0.000304224	-0.000175477	0.000340464	-150.576
546.2803	9.844	6.567227719999999e-11	-0.000356676	-9.91826e-05	0.00036812	-163.854
547.7354	9.848	6.56989624e-11	-0.00032902	-0.000178338	0.000373842	-152.112
549.191	9.852	6.57256476e-11	-0.000291826	-7.1526e-05	0.00030327	-165.366
550.648	9.856	6.57523328e-11	-0.000263216	-8.67848e-05	0.00027466	-161.304
552.3616	9.86	6.577901799999999e-11	-0.000247004	-4.86376e-05	0.000253679	-168.516
553.8322	9.864	6.58057032e-11	-0.000215531	-0.000115395	0.000244142	-154.344
555.2845	9.868	6.58323884e-11	-0.000208856	-4.48229e-05	0.000213624	-167.952
556.7733	9.872	6.58590736e-11	-0.000203134	-4.29156e-05	0.000211717	-168.306
558.2252	9.876	6.58857588e-11	-0.000178338	-3.14715e-05	0.00017357	-169.554
559.7123	9.88	6.5912444e-11	-0.000130654	-9.63216e-05	0.000159265	-146.706
561.1695	9.884	6.59391292e-11	-0.000183106	-6.67577e-05	0.000192643	-160.242
562.8687	9.888	6.59658144e-11	-0.000178338	-7.72481e-05	0.000191689	-155.67
564.3401	9.892	6.599249959999999e-11	-0.000210763	-7.91554e-05	0.0002203	-159.984
565.7807	9.896	6.60191848e-11	-0.000162126	-8.01091e-05	0.000172616	-153.534
567.2648	9.9	6.604587e-11	-0.000187875	-8.01091e-05	0.000207902	-155.778
568.7391	9.904	6.60725552e-11	-0.000243188	-6.2943e-05	0.000250818	-166.584
570.4628	9.908	6.60992404e-11	-0.000222207	-5.43597e-05	0.000232697	-167.334
571.918	9.912	6.61259256e-11	-0.000226022	-4.86376e-05	0.000225068	-167.952
573.4044	9.916	6.61526108e-11	-0.000196458	-3.05178e-05	0.000187875	-167.832
575.1182	9.92	6.617929599999999e-11	-0.000226975	-1.52589e-05	0.000216485	-176.976
576.5711	9.924	6.620598119999999e-11	-0.000210763	-6.10356e-05	0.000221253	-163.656
578.0471	9.928	6.62326664e-11	-0.000235558	-4.00546e-05	0.00023842	-170.67
579.5171	9.932	6.62593516e-11	-0.000231744	-2.9564e-05	0.000223161	-175.368
580.9738	9.936	6.62860368e-11	-0.000189782	-4.29156e-05	0.00018406	-167.292
582.6945	9.94	6.6312722e-11	-0.000197412	-9.82289e-05	0.000218392	-153.36
584.1966	9.944	6.633940720000001e-11	-0.000211717	-9.82289e-05	0.000235558	-154.866
585.6586	9.948	6.63660924e-11	-0.000207902	-4.86376e-05	0.000216485	-167.016
587.1465	9.952	6.639277759999999e-11	-0.000216485	-9.25069e-05	0.000236512	-158.616
588.5979	9.956	6.641946279999999e-11	-0.000223161	-0.000109673	0.000250818	-152.892
590.0839	9.96	6.6446148e-11	-0.000157357	-0.000138284	0.000207902	-139.122
591.537	9.964	6.64728332e-11	-0.000161172	-0.000117302	0.00019455	-143.01
593.2816	9.968	6.64995184e-11	-0.000135423	-0.000128747	0.00019455	-138.0
594.72	9.972	6.65262036e-11	-0.000138284	-0.000164987	0.000213624	-130.68
596.2132	9.976	6.65528888e-11	-9.15532e-05	-0.000112534	0.000143052	-127.08
597.6998	9.98	6.6579574e-11	-6.19893e-05	-0.000105858	0.000125886	-125.502
599.1719	9.984	6.66062592e-11	-6.00817e-05	-9.25069e-05	0.000108719	-118.722
600.8643	9.988	6.663294439999999e-11	-2.28883e-05	-7.34334e-05	7.43871e-05	-103.788
602.3868	9.992	6.66596296e-11	-3.33788e-05	-5.3406e-05	6.10356e-05	-129.066
603.819	9.996	6.66863148e-11	9.5368e-06	-3.14715e-05	3.14715e-05	-86.496
605.2793	10.0	6.6713e-11	-1.62126e-05	-1.71663e-05	2.3842e-05	-131.988
606.7616	10.004	6.673968519999999e-11	-1.90736e-05	-4.57766e-05	5.14986e-05	-114.324
608.2321	10.008	6.676637039999999e-11	-2.47956e-05	-1.33515e-05	2.57493e-05	-156.192
609.7444	10.012	6.67930556e-11	-5.72207e-05	3.81473e-06	5.72207e-05	164.688
611.1957	10.016	6.68197408e-11	-2.9564e-05	3.05178e-05	4.57766e-05	135.0
612.6633	10.02	6.6846426e-11	-2.6703e-05	6.67575e-06	3.05178e-05	171.528
614.1561	10.024	6.68731112e-11	-4.10082e-05	9.15532e-05	9.72752e-05	112.62
615.6273	10.028	6.68997964e-11	-6.19893e-05	2.0981e-05	5.9128e-05	165.324
617.3489	10.032	6.692648159999999e-11	-4.48229e-05	7.1526e-05	8.39238e-05	122.436
618.8085	10.036	6.695316679999999e-11	-6.77113e-05	5.53133e-05	9.05995e-05	145.62
620.2646	10.04	6.697985199999999e-11	-0.000100136	1.90736e-05	9.53679e-05	169.656
621.7499	10.044	6.70065372e-11	-9.53679e-05	4.10082e-05	0.00010109	162.18
623.4966	10.048	6.70332224e-11	-6.67577e-05	3.91009e-05	8.10628e-05	149.58
624.9784	10.052	6.70599076e-11	-7.34334e-05	3.05178e-05	7.05724e-05	153.438
626.4494	10.056	6.70865928e-11	-4.86376e-05	2.19346e-05	5.0545e-05	168.234
627.9277	10.06	6.7113278e-11	2.47956e-05	-3.43325e-05	3.62399e-05	-59.034
629.4067	10.064	6.713996319999999e-11	1.62126e-05	-0.000102997	0.000100136	-83.748
631.1427	10.068	6.716664839999999e-11	1.90736e-05	-2.9564e-05	4.29156e-05	-47.34
632.5953	10.072	6.719333359999999e-11	7.1526e-05	-6.00817e-05	0.00010109	-39.288
634.0673	10.076	6.72200188e-11	5.72207e-05	-7.24797e-05	8.29701e-05	-52.842
635.5371	10.08	6.7246704e-11	5.24523e-05	-4.48229e-05	6.5804e-05	-44.16
636.9936	10.084	6.72733892e-11	4.76839e-05	-5.24523e-05	6.5804e-05	-52.434
638.4746	10.088	6.73000744e-11	5.81744e-05	-7.34334e-05	0.00010109	-48.816
639.9552	10.092	6.73267596e-11	5.81744e-05	-4.86376e-05	7.62944e-05	-35.652
641.4192	10.096	6.73534448e-11	2.19346e-05	-4.7684e-06	3.05178e-05	-4.572
643.1156	10.1	6.738012999999999e-11	4.38693e-05	2.3842e-05	5.0545e-05	34.506
644.6085	10.104	6.740681519999999e-11	1.04905e-05	-9.53682e-07	1.52589e-05	-12.264
646.0891	10.108	6.74335004e-11	9.5368e-06	5.24523e-05	5.53133e-05	71.13
647.5762	10.112	6.74601856e-11	2.28883e-05	2.28883e-05	3.33788e-05	68.388
649.0374	10.116	6.74868708e-11	-1.14442e-05	5.81744e-05	6.19893e-05	112.806
650.49	10.12	6.751355599999999e-11	3.71935e-05	5.24523e-05	6.5804e-05	53.352
651.9429	10.124	6.75402412e-11	2.19346e-05	6.96187e-05	6.77113e-05	70.656
653.6696	10.128	6.75669264e-11	-6.67575e-06	3.52862e-05	3.81472e-05	89.088
655.111	10.132	6.75936116e-11	1.52589e-05	5.24523e-05	5.53133e-05	73.044
656.5836	10.136	6.762029679999999e-11	1.52589e-05	8.86922e-05	9.15532e-05	68.748
658.056	10.14	6.7646982e-11	3.71935e-05	5.81744e-05	7.43871e-05	47.118
659.5083	10.144	6.76736672e-11	5.43597e-05	1.23978e-05	4.76839e-05	14.874
661.2365	10.148	6.770035239999999e-11	5.81744e-05	3.81472e-05	7.05724e-05	31.248
662.7595	10.152	6.772703759999999e-11	8.77385e-05	-9.5368e-06	7.91554e-05	-11.406
664.2426	10.156	6.77537228e-11	6.77113e-05	-4.7684e-06	7.05724e-05	-8.706
665.7002	10.16	6.7780408e-11	1.52589e-05	-6.38966e-05	6.48503e-05	-72.12
667.1831	10.164	6.78070932e-11	8.48775e-05	-3.71935e-05	9.25069e-05	-19.368
668.6543	10.168	6.78337784e-11	7.1526e-05	-5.14986e-05	7.34334e-05	-40.362
670.1244	10.172	6.78604636e-11	5.72207e-05	-3.33788e-05	6.38966e-05	-36.87
671.5838	10.176	6.788714879999999e-11	2.3842e-05	-5.6267e-05	6.19893e-05	-64.536
673.0576	10.18	6.791383399999999e-11	-2.76567e-05	-4.67303e-05	5.0545e-05	-104.982
674.5232	10.184	6.794051919999999e-11	-4.7684e-06	-3.81472e-05	4.19619e-05	-102.618
676.0134	10.188	6.79672044e-11	2.3842e-05	-4.67303e-05	4.76839e-05	-69.342
677.7411	10.192	6.79938896e-11	1.52589e-05	-5.6267e-05	6.00817e-05	-78.45
679.2127	10.196	6.80205748e-11	3.71935e-05	-2.28883e-05	4.00546e-05	-45.0
680.6819	10.2	6.804726e-11	4.48229e-05	-4.95913e-05	6.48503e-05	-48.468
682.1671	10.204	6.807394520000001e-11	-1.23978e-05	-4.10082e-05	4.86376e-05	-121.608
683.8791	10.208	6.810063039999999e-11	-7.62945e-06	-7.72481e-05	7.53407e-05	-94.596
685.3343	10.212	6.812731559999999e-11	2.86104e-06	-9.5368e-06	1.33515e-05	-36.87
686.8071	10.216	6.815400079999999e-11	-1.43052e-05	-2.9564e-05	2.3842e-05	-98.616
688.2798	10.22	6.8180686e-11	-1.62126e-05	-4.86376e-05	5.0545e-05	-110.298
689.7366	10.224	6.82073712e-11	0.0	-4.95913e-05	5.0545e-05	-91.506
691.4586	10.228	6.82340564e-11	5.0545e-05	-7.24797e-05	7.24797e-05	-66.57
692.9201	10.232	6.82607416e-11	9.5368e-06	-0.000102044	0.00010109	-81.654
694.3908	10.236	6.82874268e-11	3.43325e-05	-5.24523e-05	6.10356e-05	-65.058
695.8746	10.24	6.8314112e-11	7.53407e-05	-6.8665e-05	0.000106812	-43.248
697.3324	10.244	6.83407972e-11	2.19346e-05	-7.53407e-05	7.53407e-05	-67.422
698.8	10.248	6.836748239999999e-11	5.72207e-05	-4.95913e-05	6.67577e-05	-51.972
700.2611	10.252	6.83941676e-11	6.10356e-05	-7.82018e-05	9.44142e-05	-54.126
701.7128	10.256	6.84208528e-11	0.00011158	-8.10628e-05	0.000135423	-34.404
703.4594	10.26	6.8447538e-11	0.00011158	-6.48503e-05	0.000130654	-27.366
704.9306	10.264	6.847422319999999e-11	6.5804e-05	-4.7684e-06	7.1526e-05	-5.196
706.4027	10.268	6.85009084e-11	6.96187e-05	-2.28883e-05	7.05724e-05	-17.724
707.8703	10.272	6.85275936e-11	7.24797e-05	-8.58313e-06	6.19893e-05	-1.95
709.3262	10.276	6.85542788e-11	6.10356e-05	1.90736e-06	6.48503e-05	0.588
710.7983	10.28	6.8580964e-11	4.86376e-05	1.04905e-05	4.86376e-05	10.716
712.2697	10.284	6.86076492e-11	6.38966e-05	2.76567e-05	7.05724e-05	20.43
713.982	10.288	6.86343344e-11	6.48503e-05	-3.81473e-06	6.96187e-05	-5.712
715.4549	10.292	6.866101959999999e-11	1.33515e-05	-1.71663e-05	2.28883e-05	-34.116
716.9118	10.296	6.868770479999999e-11	5.53133e-05	3.52862e-05	6.2943e-05	39.036
718.3832	10.3	6.871439e-11	3.05178e-05	3.81473e-06	3.91009e-05	11.844
719.8339	10.304	6.87410752e-11	5.14986e-05	3.81473e-06	5.72207e-05	3.288
721.5409	10.308	6.87677604e-11	6.00817e-05	3.24252e-05	7.24797e-05	22.296
723.0324	10.312	6.87944456e-11	5.43597e-05	-1.81199e-05	5.9128e-05	-14.184
724.5035	10.316	6.88211308e-11	1.71663e-05	-9.5368e-06	2.9564e-05	-14.298
725.9414	10.32	6.884781599999999e-11	8.29701e-05	-1.52589e-05	7.72481e-05	-7.122
727.4179	10.324	6.887450119999999e-11	8.20165e-05	2.6703e-05	9.34605e-05	14.604
729.1591	10.328	6.890118639999999e-11	7.53407e-05	-1.90736e-05	7.34334e-05	-17.766
730.6327	10.332	6.89278716e-11	5.0545e-05	3.52862e-05	6.5804e-05	24.126
732.0962	10.336	6.89545568e-11	3.91009e-05	-2.86104e-06	4.76839e-05	-4.458
733.828	10.34	6.8981242e-11	0.00011921	9.5368e-06	0.000117302	6.594
735.2802	10.344	6.90079272e-11	6.5804e-05	-2.28883e-05	7.43871e-05	-21.984
736.7505	10.348	6.90346124e-11	6.38966e-05	0.0	5.81744e-05	-4.188
738.2119	10.352	6.90612976e-11	4.86376e-05	-3.71935e-05	6.19893e-05	-37.35
739.6686	10.356	6.908798279999999e-11	3.81472e-05	-2.28883e-05	4.19619e-05	-32.4
741.3719	10.36	6.911466799999999e-11	5.24523e-05	1.71663e-05	5.43597e-05	16.632
742.8346	10.364	6.91413532e-11	3.91009e-05	-1.33515e-05	4.00546e-05	-16.608
744.2871	10.368	6.91680384e-11	4.00546e-05	-1.90736e-05	3.62399e-05	-36.192
745.7587	10.372	6.91947236e-11	1.23978e-05	-5.14986e-05	5.0545e-05	-87.678
747.2305	10.376	6.92214088e-11	-3.81473e-06	-2.76567e-05	2.28883e-05	-95.526
748.6825	10.38	6.9248094e-11	-7.62945e-06	-3.62399e-05	3.52862e-05	-87.798
750.1399	10.384	6.92747792e-11	2.0981e-05	-6.67575e-06	2.86103e-05	-12.528
751.872	10.388	6.93014644e-11	4.67303e-05	-4.57766e-05	6.96187e-05	-42.312
753.3231	10.392	6.932814959999999e-11	4.86376e-05	6.67575e-06	4.86376e-05	7.122
754.8229	10.396	6.93548348e-11	6.5804e-05	-1.14442e-05	6.5804e-05	-1.83
756.3014	10.4	6.938152e-11	7.91554e-05	-4.7684e-06	7.72481e-05	4.512
757.7876	10.404	6.94082052e-11	7.72481e-05	1.33515e-05	8.48775e-05	7.764
759.4793	10.408	6.943489039999999e-11	7.91554e-05	0.0	8.01091e-05	-5.616
760.9513	10.412	6.94615756e-11	6.77113e-05	-5.6267e-05	7.72481e-05	-41.862
762.4228	10.416	6.94882608e-11	6.19893e-05	-3.14715e-05	6.10356e-05	-24.036
764.1296	10.42	6.9514946e-11	2.9564e-05	-1.71663e-05	3.14715e-05	-24.864
765.6194	10.424	6.95416312e-11	5.14986e-05	-8.58313e-06	5.53133e-05	-16.038
767.0579	10.428	6.95683164e-11	4.86376e-05	-3.33788e-05	5.24523e-05	-41.82
768.5109	10.432	6.95950016e-11	4.57766e-05	-3.52862e-05	6.00817e-05	-37.35
769.9905	10.436	6.962168679999999e-11	1.62126e-05	-4.00546e-05	4.38693e-05	-65.622
771.442	10.44	6.964837199999999e-11	4.76839e-05	2.6703e-05	5.72207e-05	37.128
772.9137	10.444	6.96750572e-11	3.24252e-05	-4.00546e-05	4.95913e-05	-53.616
774.3662	10.448	6.97017424e-11	5.72208e-06	-1.81199e-05	2.3842e-05	-57.426
775.843	10.452	6.97284276e-11	1.90736e-05	2.28883e-05	2.3842e-05	61.824
777.3254	10.456	6.97551128e-11	4.38693e-05	-1.04905e-05	4.19619e-05	-2.604
778.8131	10.46	6.978179800000001e-11	-1.62126e-05	-4.7684e-06	2.86104e-06	3.366
780.2748	10.464	6.980848319999999e-11	-1.90736e-06	-2.00273e-05	1.90736e-05	-84.096
781.998	10.468	6.983516839999999e-11	4.57766e-05	-9.53682e-07	4.86376e-05	8.346
783.4733	10.472	6.986185359999999e-11	1.81199e-05	9.53682e-07	1.52589e-05	-13.392
784.9747	10.476	6.98885388e-11	1.14442e-05	-6.2943e-05	6.5804e-05	-70.266
786.4425	10.48	6.9915224e-11	4.19619e-05	-2.86104e-06	4.67303e-05	2.388
787.8951	10.484	6.99419092e-11	3.24252e-05	-7.05724e-05	7.91554e-05	-63.012
789.6273	10.488	6.99685944e-11	3.14715e-05	-3.14715e-05	4.67303e-05	-47.778
791.1003	10.492	6.99952796e-11	-9.53682e-07	-4.48229e-05	4.95913e-05	-106.428
792.5858	10.496	7.00219648e-11	5.72208e-06	-4.7684e-06	5.72208e-06	6.342
794.3482	10.5	7.004865e-11	3.24252e-05	-5.72207e-05	6.38966e-05	-63.438
795.8159	10.504	7.007533519999999e-11	1.71663e-05	-2.47956e-05	3.05178e-05	-76.758
797.2848	10.508	7.010202039999999e-11	2.28883e-05	-2.6703e-05	4.00546e-05	-32.4
798.741	10.512	7.01287056e-11	4.57766e-05	-3.33788e-05	5.53133e-05	-44.046
800.2282	10.516	7.01553908e-11	5.3406e-05	-8.58313e-06	5.53133e-05	-12.096
801.9562	10.52	7.018207599999999e-11	6.38966e-05	-7.62944e-05	9.63216e-05	-53.532
803.4288	10.524	7.020876119999999e-11	5.3406e-05	-1.23978e-05	5.0545e-05	-14.4
804.9119	10.528	7.02354464e-11	6.77113e-05	-2.47956e-05	6.77113e-05	-17.898
806.3905	10.532	7.02621316e-11	2.57493e-05	3.33788e-05	4.00546e-05	53.328
807.8713	10.536	7.02888168e-11	3.81472e-05	1.71663e-05	5.14986e-05	18.432
809.331	10.54	7.031550199999998e-11	4.10082e-05	-6.67575e-06	5.0545e-05	0.0
810.8036	10.544	7.03421872e-11	6.10356e-05	-3.81473e-06	6.00817e-05	1.89
812.5457	10.548	7.03688724e-11	4.57766e-05	-4.7684e-06	5.0545e-05	-12.744
814.0275	10.552	7.039555759999999e-11	7.1526e-05	3.24252e-05	8.58312e-05	23.58
815.4847	10.556	7.042224279999999e-11	5.43597e-05	-9.5368e-06	5.72207e-05	-16.392
816.9455	10.56	7.0448928e-11	5.72208e-06	2.9564e-05	3.24252e-05	72.648
818.3983	10.564	7.04756132e-11	6.5804e-05	5.9128e-05	9.05995e-05	41.664
820.128	10.568	7.05022984e-11	6.10356e-05	3.24252e-05	6.5804e-05	35.736
821.5793	10.572	7.05289836e-11	5.43597e-05	2.3842e-05	5.24523e-05	25.53
823.0524	10.576	7.05556688e-11	0.0	9.53682e-07	3.81473e-06	42.51
824.7963	10.58	7.058235399999999e-11	1.33515e-05	-1.04905e-05	1.52589e-05	-36.87
826.2488	10.584	7.060903919999999e-11	3.52862e-05	3.81473e-06	3.24252e-05	8.472
827.702	10.588	7.063572439999999e-11	3.91009e-05	9.53682e-07	3.81472e-05	-7.002
829.1948	10.592	7.06624096e-11	1.62126e-05	-1.23978e-05	1.81199e-05	10.62
830.6653	10.596	7.06890948e-11	4.48229e-05	2.3842e-05	4.57766e-05	48.672
832.1473	10.6	7.071578e-11	3.05178e-05	5.72208e-06	3.81472e-05	10.956
833.606	10.604	7.07424652e-11	6.2943e-05	-3.43325e-05	7.72481e-05	-16.338
835.0597	10.608	7.07691504e-11	6.10356e-05	-1.23978e-05	5.81744e-05	-8.694
836.5344	10.612	7.079583559999999e-11	4.38693e-05	-1.23978e-05	4.67303e-05	-10.236
838.0353	10.616	7.082252079999999e-11	6.5804e-05	1.90736e-06	5.72207e-05	1.398
839.472	10.62	7.084920599999999e-11	5.9128e-05	-1.14442e-05	5.72207e-05	-16.038
840.9509	10.624	7.08758912e-11	8.29701e-05	-1.81199e-05	7.72481e-05	-11.916
842.6745	10.628	7.09025764e-11	4.10082e-05	9.5368e-06	4.19619e-05	11.844
844.178	10.632	7.09292616e-11	4.48229e-05	-9.5368e-06	4.48229e-05	-17.16
845.6309	10.636	7.095594679999999e-11	8.10628e-05	-1.43052e-05	8.01091e-05	-10.848
847.1042	10.64	7.0982632e-11	5.43597e-05	-7.62945e-06	4.38693e-05	-14.502
848.5552	10.644	7.10093172e-11	5.3406e-05	-1.33515e-05	5.3406e-05	-15.75
850.2839	10.648	7.10360024e-11	2.6703e-05	3.33788e-05	4.48229e-05	48.576
851.7595	10.652	7.106268759999999e-11	4.48229e-05	1.04905e-05	4.86376e-05	15.948
853.2332	10.656	7.10893728e-11	5.14986e-05	3.05178e-05	4.67303e-05	24.522
854.9551	10.66	7.1116058e-11	3.71935e-05	-4.7684e-06	3.43325e-05	-1.122
856.4312	10.664	7.114274319999999e-11	4.7684e-06	2.76567e-05	2.9564e-05	81.162
857.8707	10.668	7.116942839999999e-11	4.48229e-05	2.3842e-05	5.9128e-05	27.96
859.3205	10.672	7.11961136e-11	-1.81199e-05	-2.00273e-05	2.0981e-05	-99.462
860.7929	10.676	7.12227988e-11	2.3842e-05	1.33515e-05	3.05178e-05	24.942
862.2664	10.68	7.1249484e-11	1.90736e-05	1.52589e-05	2.19346e-05	62.448
863.7194	10.684	7.12761692e-11	3.05178e-05	0.0	3.52862e-05	1.008
865.2117	10.688	7.13028544e-11	6.77113e-05	8.58313e-06	6.10356e-05	6.114
866.6933	10.692	7.132953959999999e-11	5.14986e-05	-3.62399e-05	6.00817e-05	-38.16
868.1529	10.696	7.135622479999999e-11	6.38966e-05	6.67575e-06	5.0545e-05	12.804
869.625	10.7	7.138290999999999e-11	3.52862e-05	-1.14442e-05	4.38693e-05	-21.336
871.0565	10.704	7.14095952e-11	2.57493e-05	-4.10082e-05	4.57766e-05	-60.78
872.7852	10.708	7.14362804e-11	0.000112534	9.5368e-06	0.000110627	4.59
874.2233	10.712	7.14629656e-11	4.86376e-05	1.23978e-05	4.57766e-05	22.11
875.6844	10.716	7.14896508e-11	3.33788e-05	-9.53682e-07	3.14715e-05	-14.934
877.1409	10.72	7.151633600000001e-11	6.10356e-05	3.81473e-06	5.72207e-05	2.07
878.5915	10.724	7.154302119999999e-11	6.00817e-05	2.19346e-05	6.19893e-05	24.342
880.333	10.728	7.156970639999999e-11	8.39238e-05	-3.05178e-05	8.86922e-05	-13.83
881.7964	10.732	7.159639159999999e-11	3.91009e-05	2.57493e-05	5.14986e-05	28.2
883.2654	10.736	7.16230768e-11	3.52862e-05	-1.52589e-05	4.29156e-05	-20.184
884.9774	10.74	7.1649762e-11	4.38693e-05	2.86103e-05	6.00817e-05	22.482
886.4585	10.744	7.16764472e-11	-9.53682e-07	4.7684e-06	4.7684e-06	50.196
887.9459	10.748	7.17031324e-11	7.62945e-06	0.0	5.72208e-06	-52.122
889.4348	10.752	7.17298176e-11	-1.33515e-05	6.67575e-06	1.14442e-05	168.69
890.8908	10.756	7.17565028e-11	1.04905e-05	-6.67575e-06	1.33515e-05	-6.84
892.3775	10.76	7.178318799999999e-11	-6.67575e-06	8.58313e-06	1.23978e-05	162.648
893.8325	10.764	7.180987319999999e-11	2.28883e-05	-1.14442e-05	2.28883e-05	-69.774
895.325	10.768	7.18365584e-11	4.48229e-05	-3.71935e-05	5.9128e-05	-45.0
896.7967	10.772	7.18632436e-11	3.71935e-05	7.62945e-06	2.19346e-05	37.236
898.2477	10.776	7.18899288e-11	-1.43052e-05	-6.19893e-05	6.38966e-05	-99.462
899.7201	10.78	7.191661399999999e-11	7.43871e-05	-4.86376e-05	8.67848e-05	-33.69
901.1935	10.784	7.19432992e-11	3.52862e-05	-2.47956e-05	3.81472e-05	-39.144
902.8978	10.788	7.19699844e-11	5.43597e-05	-7.1526e-05	9.05995e-05	-53.046
904.3894	10.792	7.19966696e-11	3.33788e-05	-8.20165e-05	8.77385e-05	-66.624
905.8727	10.796	7.20233548e-11	6.38966e-05	-9.05995e-05	0.00011921	-54.606
907.3617	10.8	7.205004e-11	2.3842e-05	-8.01091e-05	8.10628e-05	-78.036
908.8495	10.804	7.20767252e-11	2.57493e-05	-8.96459e-05	9.82289e-05	-73.332
910.3264	10.808	7.210341039999999e-11	6.77113e-05	-2.6703e-05	7.1526e-05	-21.114
911.7791	10.812	7.213009559999999e-11	6.5804e-05	-7.82018e-05	9.72752e-05	-47.64
913.2492	10.816	7.21567808e-11	8.39238e-05	-6.48503e-05	0.000100136	-40.602
914.7252	10.82	7.2183466e-11	0.00011158	-4.67303e-05	0.000114441	-25.68
916.2042	10.824	7.22101512e-11	7.72481e-05	-4.86376e-05	9.15532e-05	-31.242
917.9231	10.828	7.22368364e-11	0.000136376	-6.48503e-05	0.000148774	-26.562
919.3946	10.832	7.22635216e-11	0.000100136	-2.9564e-05	0.000105858	-6.774
920.8732	10.836	7.229020679999999e-11	0.000136376	-3.05178e-05	0.000130654	-11.13
922.3634	10.84	7.231689199999999e-11	0.000143052	-2.9564e-05	0.000139237	-11.364
923.8351	10.844	7.234357719999999e-11	0.00016594	6.67575e-06	0.000172616	4.164
925.3067	10.848	7.23702624e-11	0.000121117	2.3842e-05	0.000127793	13.26
926.7831	10.852	7.23969476e-11	0.000199319	1.62126e-05	0.000196458	5.25
928.2361	10.856	7.24236328e-11	0.000157357	-2.86104e-06	0.000157357	-1.194
929.9575	10.86	7.2450318e-11	0.000150681	-2.6703e-05	0.000150681	-11.112
931.4188	10.864	7.247700320000001e-11	0.000158311	-3.81473e-06	0.00015545	1.242
932.8906	10.868	7.25036884e-11	0.000156404	3.81473e-06	0.000156404	-1.692
934.3562	10.872	7.253037359999999e-11	0.000123979	1.43052e-05	0.000129701	7.308
935.8338	10.876	7.255705879999999e-11	0.000123025	1.62126e-05	0.000125886	10.782
937.2822	10.88	7.2583744e-11	0.000132562	-1.04905e-05	0.00013733	-3.258
938.7592	10.884	7.26104292e-11	0.000156404	1.33515e-05	0.000162126	8.064
940.4894	10.888	7.26371144e-11	0.000114441	2.3842e-05	0.000117302	11.058
941.9516	10.892	7.26637996e-11	0.000179292	3.81473e-06	0.000177384	0.87
943.4321	10.896	7.26904848e-11	0.000134469	1.90736e-06	0.000145913	2.436
944.9306	10.9	7.271717e-11	0.000172616	-1.04905e-05	0.000175477	-6.294
946.385	10.904	7.27438552e-11	0.000174523	1.90736e-06	0.000174523	0.216
948.1142	10.908	7.277054039999999e-11	0.00017357	-3.43325e-05	0.000191689	-7.548
949.5708	10.912	7.27972256e-11	0.000161172	-4.48229e-05	0.000164987	-13.188
951.0419	10.916	7.28239108e-11	0.000162126	-3.14715e-05	0.000160218	-12.114
952.5132	10.92	7.2850596e-11	0.000177384	-1.81199e-05	0.000181199	-6.792
953.9947	10.924	7.287728119999999e-11	0.000185967	-7.05724e-05	0.000193597	-20.442
955.4678	10.928	7.29039664e-11	0.000177384	-3.62399e-05	0.000179292	-13.41
956.9245	10.932	7.29306516e-11	0.000179292	-5.81744e-05	0.000199319	-15.306
958.3814	10.936	7.29573368e-11	0.000206948	-5.9128e-05	0.000217439	-16.23
960.1054	10.94	7.2984022e-11	0.000145913	-3.24252e-05	0.000151635	-12.18
961.5826	10.944	7.30107072e-11	0.000215531	-4.19619e-05	0.000227929	-9.186
963.0658	10.948	7.30373924e-11	0.000153542	-5.24523e-05	0.000166894	-14.586
964.5415	10.952	7.306407759999999e-11	0.000174523	-5.3406e-05	0.000178338	-19.248
966.0239	10.956	7.309076279999999e-11	0.00020218	-1.14442e-05	0.000195504	-4.2
967.5005	10.96	7.3117448e-11	0.000189782	0.0	0.00019455	0.39
968.9702	10.964	7.31441332e-11	0.000226022	-1.81199e-05	0.000218392	-6.258
970.6594	10.968	7.31708184e-11	0.000225068	-3.43325e-05	0.000226022	-8.82
972.15	10.972	7.31975036e-11	0.000169755	-8.58313e-06	0.000169755	-3.096
973.6028	10.976	7.322418880000001e-11	0.0002203	1.52589e-05	0.000218392	5.1
975.074	10.98	7.325087399999999e-11	0.000247957	-3.81473e-06	0.00024605	0.624
976.5451	10.984	7.327755919999999e-11	0.00020218	-2.86104e-06	0.000203134	-0.552
978.003	10.988	7.330424439999999e-11	0.000209809	3.81473e-06	0.00021267	0.534
979.4959	10.992	7.33309296e-11	0.000218392	-2.28883e-05	0.000225068	-6.792
980.9646	10.996	7.33576148e-11	0.000170709	1.81199e-05	0.000169755	7.152
982.707	11.0	7.33843e-11	0.00020218	-2.00273e-05	0.000189782	-6.366
984.1607	11.004	7.34109852e-11	0.000180245	-1.33515e-05	0.00018406	-3.936
985.6619	11.008	7.343767039999999e-11	0.000136376	-3.33788e-05	0.000132562	-10.854
987.1562	11.012	7.34643556e-11	0.000157357	-4.00546e-05	0.000161172	-13.392
988.6397	11.016	7.34910408e-11	0.000123979	-3.62399e-05	0.00011921	-12.6
990.3537	11.02	7.351772599999999e-11	0.000104905	-2.86103e-05	0.000106812	-15.948
991.8063	11.024	7.354441119999999e-11	0.000107766	1.43052e-05	0.000110627	9.966
993.2898	11.028	7.35710964e-11	0.000125886	-7.62945e-06	0.000131608	-1.41
994.7846	11.032	7.35977816e-11	0.00011921	-7.34334e-05	0.000141145	-30.732
996.237	11.036	7.36244668e-11	0.000104905	-1.90736e-06	0.000123025	-1.476
997.6889	11.04	7.365115199999999e-11	0.000116349	-4.29156e-05	0.000124932	-22.362
999.1826	11.044	7.36778372e-11	0.00010109	-4.19619e-05	0.00011158	-16.902
1000.6459	11.048	7.37045224e-11	8.67848e-05	-1.14442e-05	8.86922e-05	-11.31
1002.1056	11.052	7.37312076e-11	5.0545e-05	-4.86376e-05	7.43871e-05	-40.182
1003.5598	11.056	7.375789279999998e-11	5.0545e-05	-3.81472e-05	6.19893e-05	-38.562
1005.0281	11.06	7.3784578e-11	5.0545e-05	-7.34334e-05	8.48775e-05	-54.78
1006.4857	11.064	7.38112632e-11	5.72207e-05	-6.67577e-05	8.96459e-05	-47.388
1007.9406	11.068	7.383794839999999e-11	-9.53682e-07	-6.67577e-05	6.8665e-05	-88.938
1009.4177	11.072	7.386463359999999e-11	3.33788e-05	-7.24797e-05	8.39238e-05	-75.324
1010.899	11.076	7.38913188e-11	-1.90736e-06	-4.76839e-05	4.86376e-05	-78.54
1012.6164	11.08	7.3918004e-11	-1.81199e-05	-5.9128e-05	6.19893e-05	-108.24
1014.0856	11.084	7.39446892e-11	-2.6703e-05	-4.00546e-05	4.76839e-05	-124.344
1015.5677	11.088	7.39713744e-11	-1.33515e-05	2.3842e-05	3.14715e-05	108.738
1017.0555	11.092	7.39980596e-11	-3.71935e-05	-5.14986e-05	6.38966e-05	-112.44
1018.4949	11.096	7.402474479999999e-11	-6.19893e-05	3.71935e-05	6.77113e-05	145.992
1020.224	11.1	7.405142999999999e-11	1.62126e-05	2.0981e-05	2.00273e-05	97.434
1021.6758	11.104	7.407811519999999e-11	-4.48229e-05	3.43325e-05	6.19893e-05	146.148
1023.1362	11.108	7.41048004e-11	-2.28883e-05	3.24252e-05	4.00546e-05	119.406
1024.6069	11.112	7.41314856e-11	-4.10082e-05	3.33788e-05	5.9128e-05	146.802
1026.0601	11.116	7.41581708e-11	-2.9564e-05	9.25069e-05	9.44142e-05	107.13
1027.5147	11.12	7.4184856e-11	-2.3842e-05	5.72207e-05	5.72207e-05	105.75
1029.0188	11.124	7.42115412e-11	-4.29156e-05	0.00010109	0.000110627	115.794
1030.7304	11.128	7.423822639999999e-11	-3.71935e-05	5.3406e-05	7.1526e-05	125.076
1032.1865	11.132	7.426491159999999e-11	-2.00273e-05	6.48503e-05	6.38966e-05	110.772
1033.6391	11.136	7.429159679999999e-11	1.23978e-05	8.10628e-05	8.10628e-05	82.404
1035.0988	11.14	7.4318282e-11	-4.76839e-05	9.44142e-05	0.000102997	116.562
1036.5547	11.144	7.43449672e-11	9.53682e-07	8.77385e-05	8.77385e-05	94.692
1038.297	11.148	7.43716524e-11	-1.14442e-05	9.15532e-05	9.72752e-05	104.958
1039.7708	11.152	7.439833759999999e-11	-2.76567e-05	9.44142e-05	9.72752e-05	101.754
1041.2211	11.156	7.44250228e-11	1.23978e-05	0.000148774	0.00014782	83.43
1042.6963	11.16	7.4451708e-11	9.5368e-06	0.000100136	0.000103951	83.31
1044.179	11.164	7.447839319999999e-11	0.0	0.000149728	0.000158311	84.888
1045.668	11.168	7.450507839999999e-11	8.39238e-05	0.000149728	0.000179292	59.43
1047.1433	11.172	7.45317636e-11	5.9128e-05	0.000176431	0.000187875	71.568
1048.6298	11.176	7.45584488e-11	5.24523e-05	0.00015545	0.000163079	70.974
1050.3814	11.18	7.458513399999999e-11	3.62399e-05	0.000142098	0.00014782	79.242
1051.8904	11.184	7.461181919999999e-11	5.24523e-05	0.000157357	0.000167848	70.116
1053.3612	11.188	7.46385044e-11	2.86104e-06	0.000144959	0.000141145	91.668
1054.8146	11.192	7.46651896e-11	-3.81473e-06	0.000110627	0.000112534	88.038
1056.3058	11.196	7.46918748e-11	1.81199e-05	0.000105858	0.00011158	76.284
1057.7573	11.2	7.471856e-11	3.91009e-05	8.86922e-05	9.82289e-05	66.594
1059.2432	11.204	7.47452452e-11	4.48229e-05	7.72481e-05	9.05995e-05	65.658
1060.7158	11.208	7.47719304e-11	2.57493e-05	8.77385e-05	9.25069e-05	71.7
1062.1744	11.212	7.479861559999999e-11	7.82018e-05	7.72481e-05	0.000113488	40.674
1063.6488	11.216	7.482530079999999e-11	4.00546e-05	3.24252e-05	5.53133e-05	29.322
1065.0982	11.22	7.4851986e-11	7.24797e-05	5.9128e-05	9.63216e-05	36.468
1066.5754	11.224	7.48786712e-11	9.72752e-05	-1.23978e-05	8.10628e-05	-6.396
1068.0457	11.228	7.49053564e-11	0.000114441	-4.67303e-05	0.000128747	-20.724
1069.5127	11.232	7.49320416e-11	9.82289e-05	-1.14442e-05	0.000103951	-6.138
1071.015	11.236	7.49587268e-11	0.000135423	-3.71935e-05	0.000132562	-14.034
1072.714	11.24	7.498541199999999e-11	0.000143052	-2.0981e-05	0.000145913	-9.978
1074.1656	11.244	7.501209719999999e-11	0.000120163	-8.01091e-05	0.000140191	-35.664
1075.6534	11.248	7.503878239999999e-11	0.000136376	-2.9564e-05	0.000130654	-13.038
1077.1084	11.252	7.50654676e-11	0.00018406	-8.29701e-05	0.000203134	-23.274
1078.5863	11.256	7.50921528e-11	0.000161172	-1.62126e-05	0.000161172	-4.308
1080.2879	11.26	7.5118838e-11	0.000142098	-2.6703e-05	0.00015545	-9.816
1081.748	11.264	7.51455232e-11	0.000132562	-1.33515e-05	0.000129701	-6.306
1083.2073	11.268	7.51722084e-11	0.000169755	5.72208e-06	0.00016594	4.152
1084.692	11.272	7.51988936e-11	0.000139237	2.57493e-05	0.000141145	8.088
1086.1438	11.276	7.522557879999999e-11	0.000143052	1.71663e-05	0.000146867	3.864
1087.618	11.28	7.525226399999999e-11	0.00010109	4.86376e-05	0.000118256	25.734
1089.0693	11.284	7.52789492e-11	0.000121117	5.9128e-05	0.000128747	30.0
1090.5607	11.288	7.53056344e-11	0.00012684	5.0545e-05	0.000134469	22.554
1092.2732	11.292	7.53323196e-11	6.8665e-05	4.57766e-05	9.25069e-05	31.758
1093.7563	11.296	7.535900479999999e-11	9.25069e-05	3.24252e-05	9.05995e-05	27.138
1095.2135	11.3	7.538569e-11	6.48503e-05	6.96187e-05	9.72752e-05	44.724
1096.6653	11.304	7.54123752e-11	5.9128e-05	7.82018e-05	9.53679e-05	49.572
1098.4172	11.308	7.54390604e-11	8.10628e-05	2.57493e-05	8.39238e-05	27.18
1099.8881	11.312	7.546574559999999e-11	1.52589e-05	2.19346e-05	3.14715e-05	46.548
1101.3193	11.316	7.54924308e-11	4.86376e-05	1.04905e-05	5.53133e-05	17.43
1102.7993	11.32	7.5519116e-11	2.6703e-05	5.72208e-06	2.57493e-05	23.55
1104.2789	11.324	7.554580119999999e-11	4.57766e-05	-9.5368e-06	5.81744e-05	-14.472
1105.9981	11.328	7.557248639999999e-11	4.86376e-05	-4.57766e-05	6.77113e-05	-41.82
1107.4503	11.332	7.55991716e-11	8.10628e-05	-4.57766e-05	9.15532e-05	-29.178
1108.9227	11.336	7.56258568e-11	1.62126e-05	-9.25069e-05	9.25069e-05	-69.732
1110.6344	11.34	7.5652542e-11	7.1526e-05	-1.81199e-05	7.43871e-05	-19.686
1112.0864	11.344	7.56792272e-11	7.05724e-05	-5.24523e-05	8.67848e-05	-38.796
1113.5596	11.348	7.57059124e-11	8.10628e-05	-7.1526e-05	0.000103951	-47.184
1115.0412	11.352	7.57325976e-11	4.10082e-05	-4.19619e-05	7.05724e-05	-36.252
1116.5283	11.356	7.575928279999999e-11	9.34605e-05	-6.8665e-05	0.000122071	-30.258
1118.0177	11.36	7.578596799999999e-11	8.67848e-05	-6.67577e-05	0.000113488	-39.066
1119.4758	11.364	7.58126532e-11	0.000127793	-6.2943e-05	0.000128747	-29.052
1120.9478	11.368	7.58393384e-11	0.00012684	-4.95913e-05	0.000127793	-22.38
1122.4207	11.372	7.58660236e-11	0.000102997	-7.53407e-05	0.000123025	-38.412
1123.8849	11.376	7.58927088e-11	5.3406e-05	-6.00817e-05	7.91554e-05	-45.69
1125.3474	11.38	7.591939400000001e-11	0.000112534	-4.29156e-05	0.000127793	-22.35
1126.8295	11.384	7.594607919999999e-11	0.000102044	-3.71935e-05	9.82289e-05	-19.71
1128.5576	11.388	7.597276439999999e-11	7.82018e-05	-2.0981e-05	7.53407e-05	-11.106
1130.0146	11.392	7.599944959999999e-11	9.82289e-05	-3.43325e-05	0.00010109	-20.208
1131.4866	11.396	7.60261348e-11	6.5804e-05	-2.00273e-05	6.38966e-05	-18.24
1132.9583	11.4	7.605282e-11	4.76839e-05	2.3842e-05	6.10356e-05	22.35
1134.4119	11.404	7.60795052e-11	8.10628e-05	1.62126e-05	8.77385e-05	11.976
1135.8824	11.408	7.61061904e-11	3.91009e-05	-4.7684e-06	3.62399e-05	-16.392
1137.3185	11.412	7.61328756e-11	4.38693e-05	2.28883e-05	5.0545e-05	30.84
1138.79	11.416	7.61595608e-11	4.57766e-05	1.90736e-05	5.6267e-05	31.524
1140.5535	11.42	7.6186246e-11	0.000102997	5.53133e-05	0.000108719	30.39
1142.0278	11.424	7.621293119999999e-11	4.86376e-05	-1.43052e-05	5.3406e-05	-15.378
1143.5098	11.428	7.62396164e-11	4.48229e-05	2.47956e-05	4.29156e-05	30.804
1144.9708	11.432	7.62663016e-11	8.48775e-05	-8.58313e-06	7.91554e-05	-6.504
1146.442	11.436	7.62929868e-11	3.24252e-05	-4.95913e-05	6.19893e-05	-55.824
1147.8727	11.44	7.631967199999999e-11	4.38693e-05	-4.7684e-06	3.71935e-05	-8.586
1149.3531	11.444	7.63463572e-11	2.3842e-05	-2.6703e-05	3.52862e-05	-30.582
1150.8219	11.448	7.63730424e-11	2.76567e-05	-6.2943e-05	6.19893e-05	-61.44
1152.2953	11.452	7.63997276e-11	2.57493e-05	-5.81744e-05	7.24797e-05	-60.558
1153.7796	11.456	7.64264128e-11	3.33788e-05	-9.34605e-05	9.34605e-05	-65.736
1155.2362	11.46	7.6453098e-11	1.52589e-05	-7.62944e-05	7.53407e-05	-68.886
1156.7189	11.464	7.64797832e-11	1.71663e-05	-4.00546e-05	4.57766e-05	-38.904
1158.4347	11.468	7.650646839999999e-11	3.71935e-05	-5.53133e-05	7.05724e-05	-53.748
1159.9057	11.472	7.653315359999999e-11	1.23978e-05	-3.81472e-05	3.71935e-05	-86.988
1161.3579	11.476	7.65598388e-11	2.86104e-06	-4.67303e-05	4.67303e-05	-105.396
1162.8146	11.48	7.6586524e-11	4.7684e-06	-4.29156e-05	4.19619e-05	-83.856
1164.2878	11.484	7.66132092e-11	-1.33515e-05	-5.81744e-05	5.24523e-05	-87.678
1166.0313	11.488	7.66398944e-11	-2.76567e-05	-7.53407e-05	7.91554e-05	-109.2
1167.4847	11.492	7.666657960000001e-11	-1.62126e-05	-5.24523e-05	5.0545e-05	-108.69
1168.9691	11.496	7.669326479999999e-11	-1.71663e-05	-4.29156e-05	5.0545e-05	-117.198
1170.4298	11.5	7.671994999999999e-11	-2.47956e-05	-5.43597e-05	5.9128e-05	-114.288
1171.9117	11.504	7.674663519999999e-11	-4.29156e-05	-3.14715e-05	4.86376e-05	-127.806
1173.3521	11.508	7.677332039999999e-11	4.86376e-05	-4.48229e-05	6.38966e-05	-47.562
1174.8234	11.512	7.68000056e-11	-1.52589e-05	-2.0981e-05	2.9564e-05	-104.622
1176.2825	11.516	7.68266908e-11	3.91009e-05	-6.67575e-06	5.9128e-05	-1.194
1177.9953	11.52	7.6853376e-11	4.7684e-06	-5.24523e-05	5.14986e-05	-80.292
1179.4287	11.524	7.68800612e-11	3.91009e-05	-6.10356e-05	7.34334e-05	-56.592
1180.8896	11.528	7.69067464e-11	5.24523e-05	-2.6703e-05	5.14986e-05	-17.214
1182.3438	11.532	7.693343159999999e-11	2.9564e-05	-1.62126e-05	3.05178e-05	-26.028
1183.796	11.536	7.696011679999999e-11	4.76839e-05	-3.81472e-05	6.10356e-05	-37.878
1185.2336	11.54	7.698680199999999e-11	4.19619e-05	1.43052e-05	4.00546e-05	10.56
1186.725	11.544	7.70134872e-11	1.52589e-05	-2.0981e-05	2.3842e-05	-57.528
1188.4233	11.548	7.70401724e-11	1.90736e-05	-4.00546e-05	4.57766e-05	-64.5
1189.8924	11.552	7.70668576e-11	1.33515e-05	-5.6267e-05	5.3406e-05	-92.202
1191.3256	11.556	7.709354279999999e-11	-6.00817e-05	-1.14442e-05	5.9128e-05	-168.69
1192.7998	11.56	7.7120228e-11	-1.81199e-05	-8.58313e-06	1.90736e-05	-158.196
1194.2875	11.564	7.71469132e-11	-1.81199e-05	-4.76839e-05	5.0545e-05	-104.214
1196.0279	11.568	7.71735984e-11	-6.10356e-05	-9.53682e-07	5.43597e-05	-176.988
1197.5376	11.572	7.720028359999999e-11	-7.24797e-05	-1.14442e-05	6.77113e-05	-167.664
1199.0365	11.576	7.72269688e-11	-5.81744e-05	1.43052e-05	6.67577e-05	176.7
1200.7667	11.58	7.7253654e-11	-3.33788e-05	-6.5804e-05	7.34334e-05	-119.358
1202.239	11.584	7.728033919999999e-11	-7.24797e-05	-1.43052e-05	6.38966e-05	-168.93
1203.692	11.588	7.730702439999999e-11	-2.6703e-05	-6.8665e-05	6.96187e-05	-113.274
1205.1759	11.592	7.73337096e-11	-5.14986e-05	-5.14986e-05	7.24797e-05	-132.51
1206.6555	11.596	7.73603948e-11	5.72208e-06	-5.72207e-05	5.43597e-05	-73.854
1208.086	11.6	7.738708e-11	-3.81473e-06	-9.15532e-05	9.05995e-05	-95.382
1209.5433	11.604	7.74137652e-11	2.47956e-05	-6.96187e-05	7.24797e-05	-68.694
1211.0126	11.608	7.74404504e-11	3.81473e-06	-5.9128e-05	6.00817e-05	-74.64
1212.4867	11.612	7.746713559999999e-11	-5.72208e-06	-3.62399e-05	3.91009e-05	-95.118
1213.9785	11.616	7.749382079999999e-11	-2.3842e-05	-9.63216e-05	9.44142e-05	-102.528
1215.4617	11.62	7.752050599999999e-11	1.90736e-06	-0.00011158	0.000110627	-88.296
1216.939	11.624	7.75471912e-11	3.71935e-05	-0.00012684	0.000134469	-69.678
1218.6421	11.628	7.75738764e-11	9.15532e-05	-6.00817e-05	0.000105858	-38.322
1220.1171	11.632	7.76005616e-11	2.19346e-05	-8.20165e-05	8.48775e-05	-74.238
1221.6018	11.636	7.76272468e-11	5.14986e-05	-6.00817e-05	8.39238e-05	-47.436
1223.0728	11.64	7.7653932e-11	3.91009e-05	-4.10082e-05	4.67303e-05	-39.354
1224.5129	11.644	7.768061719999999e-11	6.48503e-05	-5.3406e-05	7.72481e-05	-43.176
1226.243	11.648	7.770730239999999e-11	3.71935e-05	6.67575e-06	3.62399e-05	9.822
1227.6796	11.652	7.773398759999999e-11	1.90736e-05	5.0545e-05	5.43597e-05	65.676
1229.1525	11.656	7.77606728e-11	5.0545e-05	3.05178e-05	6.2943e-05	32.25
1230.8497	11.66	7.7787358e-11	2.19346e-05	2.86103e-05	3.62399e-05	52.494
1232.3014	11.664	7.78140432e-11	5.43597e-05	1.52589e-05	4.76839e-05	23.532
1233.7634	11.668	7.784072839999999e-11	1.90736e-05	4.48229e-05	4.57766e-05	82.236
1235.2487	11.672	7.78674136e-11	2.28883e-05	7.82018e-05	8.29701e-05	79.494
1236.6821	11.676	7.78940988e-11	5.72207e-05	2.3842e-05	5.72207e-05	28.44
1238.1715	11.68	7.792078399999999e-11	4.38693e-05	5.72207e-05	7.24797e-05	49.164
1239.6487	11.684	7.794746919999999e-11	7.05724e-05	6.19893e-05	9.91826e-05	39.132
1241.0991	11.688	7.79741544e-11	6.48503e-05	9.53682e-07	7.24797e-05	-0.474
1242.5872	11.692	7.80008396e-11	2.0981e-05	1.90736e-06	2.19346e-05	4.512
1244.0427	11.696	7.80275248e-11	5.81744e-05	3.52862e-05	6.5804e-05	26.298
1245.5142	11.7	7.805420999999999e-11	4.38693e-05	3.24252e-05	6.00817e-05	34.542
1246.9874	11.704	7.80808952e-11	4.76839e-05	1.33515e-05	5.0545e-05	18.432
1248.6813	11.708	7.81075804e-11	5.53133e-05	3.81473e-06	5.81744e-05	3.216
1250.1534	11.712	7.81342656e-11	6.10356e-05	1.04905e-05	6.2943e-05	4.26
1251.5896	11.716	7.81609508e-11	5.24523e-05	5.24523e-05	6.8665e-05	47.844
1253.067	11.72	7.8187636e-11	3.71935e-05	4.19619e-05	5.9128e-05	45.0
1254.5146	11.724	7.82143212e-11	5.0545e-05	-1.71663e-05	5.9128e-05	-14.334
1256.2463	11.728	7.824100639999999e-11	2.57493e-05	-4.57766e-05	4.86376e-05	-69.252
1257.7283	11.732	7.826769159999999e-11	-1.43052e-05	-2.00273e-05	1.62126e-05	-122.904
1259.1909	11.736	7.82943768e-11	-1.62126e-05	-1.90736e-05	2.47956e-05	-128.886
1260.9118	11.74	7.8321062e-11	6.67575e-06	3.81473e-06	5.72208e-06	-141.342
1262.4138	11.744	7.83477472e-11	-2.47956e-05	-6.67575e-06	1.90736e-05	-166.428
1263.9046	11.748	7.83744324e-11	1.23978e-05	-2.47956e-05	2.57493e-05	-62.7
1265.3565	11.752	7.84011176e-11	-4.29156e-05	-4.7684e-06	4.19619e-05	-177.276
1266.8278	11.756	7.842780279999999e-11	-1.81199e-05	-5.14986e-05	5.3406e-05	-107.526
1268.2873	11.76	7.845448799999999e-11	-1.81199e-05	-7.1526e-05	7.53407e-05	-103.212
1269.7762	11.764	7.848117319999999e-11	2.00273e-05	-3.71935e-05	4.19619e-05	-59.676
1271.2465	11.768	7.85078584e-11	3.71935e-05	-5.81744e-05	6.5804e-05	-56.784
1272.7335	11.772	7.85345436e-11	6.10356e-05	-3.05178e-05	6.67577e-05	-29.388
1274.2161	11.776	7.85612288e-11	3.91009e-05	-5.81744e-05	6.77113e-05	-60.186
1275.6926	11.78	7.8587914e-11	2.57493e-05	-5.14986e-05	5.53133e-05	-64.98
1277.1777	11.784	7.86145992e-11	6.8665e-05	-1.81199e-05	8.29701e-05	-13.494
1278.8882	11.788	7.86412844e-11	3.71935e-05	-4.48229e-05	6.00817e-05	-36.996
1280.3641	11.792	7.866796959999999e-11	7.24797e-05	-7.1526e-05	9.91826e-05	-39.756
1281.8154	11.796	7.869465479999999e-11	6.19893e-05	-2.0981e-05	6.5804e-05	-13.764
1283.3037	11.8	7.872134e-11	8.10628e-05	-3.14715e-05	9.44142e-05	-17.94
1284.7731	11.804	7.87480252e-11	6.2943e-05	1.04905e-05	5.53133e-05	17.526
1286.2516	11.808	7.87747104e-11	1.90736e-05	2.19346e-05	2.57493e-05	61.506
1287.7226	11.812	7.880139559999999e-11	6.48503e-05	2.76567e-05	6.10356e-05	32.904
1289.154	11.816	7.88280808e-11	8.58313e-06	2.76567e-05	3.33788e-05	89.028
1290.6319	11.82	7.8854766e-11	2.57493e-05	1.23978e-05	3.33788e-05	29.514
1292.0638	11.824	7.88814512e-11	1.23978e-05	1.14442e-05	2.0981e-05	22.752
1293.775	11.828	7.890813639999999e-11	-3.14715e-05	1.62126e-05	2.86103e-05	154.092
1295.2354	11.832	7.89348216e-11	-4.00546e-05	3.33788e-05	5.53133e-05	145.008
1296.7184	11.836	7.89615068e-11	-3.62399e-05	2.57493e-05	4.38693e-05	147.996
1298.2081	11.84	7.8988192e-11	-2.28883e-05	1.90736e-05	2.86103e-05	142.122
1299.7018	11.844	7.901487719999999e-11	-3.14715e-05	2.86103e-05	3.91009e-05	118.968
1301.1508	11.848	7.90415624e-11	-2.86104e-06	-1.62126e-05	1.71663e-05	-91.974
1302.6197	11.852	7.90682476e-11	-4.10082e-05	-2.3842e-05	4.86376e-05	-150.162
1304.1118	11.856	7.90949328e-11	-1.33515e-05	-7.62944e-05	7.72481e-05	-101.916
1305.5827	11.86	7.9121618e-11	-1.62126e-05	-4.00546e-05	4.38693e-05	-122.952
1307.0547	11.864	7.91483032e-11	5.72208e-06	-7.34334e-05	7.05724e-05	-82.332
1308.5415	11.868	7.91749884e-11	9.53682e-07	-6.8665e-05	6.77113e-05	-91.686
1310.014	11.872	7.920167359999999e-11	3.71935e-05	-9.15532e-05	9.34605e-05	-67.89
1311.4636	11.876	7.922835879999999e-11	3.81472e-05	-9.25069e-05	9.82289e-05	-64.842
1312.9524	11.88	7.9255044e-11	4.48229e-05	-0.000102044	0.000107766	-68.136
1314.4406	11.884	7.92817292e-11	7.72481e-05	-7.24797e-05	0.000105858	-49.74
1316.1403	11.888	7.93084144e-11	5.6267e-05	-5.81744e-05	8.20165e-05	-43.698
1317.6116	11.892	7.93350996e-11	7.62944e-05	-4.67303e-05	9.15532e-05	-24.342
1319.0951	11.896	7.936178480000001e-11	8.77385e-05	-6.00817e-05	0.000108719	-35.298
1320.5824	11.9	7.938846999999999e-11	0.000105858	-1.71663e-05	0.000112534	-8.97
1322.07	11.904	7.941515519999999e-11	5.0545e-05	-2.9564e-05	5.53133e-05	-31.524
1323.8328	11.908	7.944184039999999e-11	7.53407e-05	7.62945e-06	9.34605e-05	5.478
1325.3197	11.912	7.94685256e-11	4.38693e-05	2.19346e-05	5.53133e-05	30.162
1326.8018	11.916	7.94952108e-11	4.48229e-05	3.33788e-05	5.6267e-05	22.17
1328.2592	11.92	7.9521896e-11	1.71663e-05	2.6703e-05	3.91009e-05	41.988
1329.7177	11.924	7.95485812e-11	3.81472e-05	5.53133e-05	6.77113e-05	58.572
1331.1687	11.928	7.95752664e-11	3.24252e-05	4.29156e-05	5.0545e-05	65.49
1332.629	11.932	7.96019516e-11	1.23978e-05	5.9128e-05	6.2943e-05	81.468
1334.0822	11.936	7.962863679999999e-11	-1.71663e-05	8.48775e-05	8.67848e-05	98.316
1335.8047	11.94	7.965532199999999e-11	5.53133e-05	3.05178e-05	6.19893e-05	24.6
1337.2845	11.944	7.96820072e-11	1.62126e-05	5.14986e-05	5.81744e-05	69.228
1338.7186	11.948	7.97086924e-11	3.71935e-05	4.48229e-05	5.53133e-05	46.578
1340.176	11.952	7.97353776e-11	4.10082e-05	6.67577e-05	7.91554e-05	65.556
1341.6475	11.956	7.976206279999999e-11	6.00817e-05	1.71663e-05	6.38966e-05	18.822
1343.1292	11.96	7.9788748e-11	6.96187e-05	2.19346e-05	7.1526e-05	22.296
1344.6219	11.964	7.98154332e-11	2.57493e-05	3.91009e-05	4.86376e-05	52.968
1346.0727	11.968	7.98421184e-11	4.76839e-05	2.6703e-05	5.72207e-05	26.562
1347.5523	11.972	7.98688036e-11	-2.00273e-05	-2.9564e-05	3.14715e-05	-135.882
1349.0197	11.976	7.98954888e-11	-2.28883e-05	-2.6703e-05	3.52862e-05	-153.924
1350.4742	11.98	7.9922174e-11	1.04905e-05	-4.67303e-05	4.57766e-05	-77.196
1351.9639	11.984	7.994885919999999e-11	-3.33788e-05	-6.5804e-05	7.72481e-05	-122.508
1353.7064	11.988	7.997554439999999e-11	4.7684e-06	-9.05995e-05	8.48775e-05	-94.434
1355.159	11.992	8.00022296e-11	1.52589e-05	-7.91554e-05	7.91554e-05	-77.37
1356.6198	11.996	8.00289148e-11	-2.28883e-05	-7.82018e-05	8.10628e-05	-102.888
1358.1003	12.0	8.00556e-11	-1.62126e-05	-7.72481e-05	7.82018e-05	-126.87
1359.5612	12.004	8.00822852e-11	-2.86104e-06	-6.96187e-05	6.96187e-05	-93.27
1361.0334	12.008	8.01089704e-11	-3.81472e-05	-6.48503e-05	7.43871e-05	-120.696
1362.496	12.012	8.01356556e-11	-3.81472e-05	-5.9128e-05	6.38966e-05	-114.444
1363.9872	12.016	8.016234079999999e-11	-6.67575e-06	-4.7684e-06	8.58313e-06	-112.836
1365.4598	12.02	8.018902599999999e-11	-1.81199e-05	-4.29156e-05	4.10082e-05	-103.296
1366.911	12.024	8.021571119999999e-11	1.71663e-05	-2.0981e-05	2.86103e-05	-52.65
1368.4193	12.028	8.02423964e-11	-8.58313e-06	-4.00546e-05	3.91009e-05	-98.676
1369.8904	12.032	8.02690816e-11	1.23978e-05	-3.81473e-06	2.6703e-05	-11.07
1371.362	12.036	8.02957668e-11	3.81473e-06	-4.00546e-05	4.10082e-05	-100.062
1372.8152	12.04	8.0322452e-11	1.90736e-05	-5.53133e-05	5.53133e-05	-80.658
1374.2845	12.044	8.03491372e-11	8.58313e-06	-4.29156e-05	4.10082e-05	-75.258
1375.7632	12.048	8.037582239999999e-11	2.19346e-05	-4.57766e-05	4.38693e-05	-61.392
1377.2344	12.052	8.040250759999999e-11	-9.53682e-07	2.28883e-05	2.9564e-05	120.414
1378.6969	12.056	8.042919279999999e-11	-1.14442e-05	-4.67303e-05	4.57766e-05	-100.98
1380.1687	12.06	8.0455878e-11	-1.90736e-05	-3.62399e-05	3.05178e-05	-124.878
1381.6418	12.064	8.04825632e-11	-2.86104e-06	-1.14442e-05	1.04905e-05	-122.736
1383.3758	12.068	8.05092484e-11	1.71663e-05	-1.71663e-05	1.71663e-05	-92.292
1384.8272	12.072	8.053593359999999e-11	7.62945e-06	1.71663e-05	2.0981e-05	42.51
1386.3161	12.076	8.05626188e-11	-2.00273e-05	-2.6703e-05	2.86103e-05	-119.934
1387.7673	12.08	8.0589304e-11	2.0981e-05	1.90736e-06	2.3842e-05	17.97
1389.2688	12.084	8.061598919999999e-11	2.57493e-05	8.58313e-06	2.28883e-05	19.026
1390.7486	12.088	8.064267439999999e-11	6.67575e-06	-2.57493e-05	2.3842e-05	-80.538
1392.1815	12.092	8.06693596e-11	8.58313e-06	-2.28883e-05	2.3842e-05	-73.854
1393.6542	12.096	8.06960448e-11	4.00546e-05	-2.28883e-05	4.38693e-05	-33.204
1395.3513	12.1	8.072272999999999e-11	-9.5368e-06	-3.71935e-05	3.52862e-05	-91.08
1396.8239	12.104	8.074941519999999e-11	-1.14442e-05	-1.62126e-05	2.00273e-05	-118.884
1398.2613	12.108	8.07761004e-11	-4.95913e-05	-6.48503e-05	8.10628e-05	-130.29
1399.752	12.112	8.08027856e-11	-2.28883e-05	-3.14715e-05	4.00546e-05	-133.698
1401.2232	12.116	8.08294708e-11	-2.9564e-05	-5.81744e-05	6.38966e-05	-123.522
1402.7068	12.12	8.0856156e-11	-3.05178e-05	-8.86922e-05	9.25069e-05	-95.304
1404.1935	12.124	8.08828412e-11	-6.67577e-05	-9.34605e-05	0.00011158	-117.342
1405.9413	12.128	8.090952639999999e-11	-7.82018e-05	-0.000106812	0.000132562	-127.674
1407.4232	12.132	8.093621159999999e-11	-2.76567e-05	-0.000108719	0.000114441	-102.702
1408.8925	12.136	8.096289679999999e-11	-7.62945e-06	-7.1526e-05	7.24797e-05	-83.196
1410.3304	12.14	8.0989582e-11	9.53682e-07	-7.53407e-05	7.24797e-05	-99.108
1411.8025	12.144	8.10162672e-11	-4.7684e-06	-0.000104905	0.000100136	-88.848
1413.5301	12.148	8.10429524e-11	1.52589e-05	-0.00012684	0.00012684	-87.9
1415.0218	12.152	8.10696376e-11	9.5368e-06	-9.25069e-05	9.05995e-05	-77.754
1416.4758	12.156	8.109632279999999e-11	4.57766e-05	-6.48503e-05	7.43871e-05	-51.168
1418.2187	12.16	8.112300799999999e-11	4.10082e-05	-7.82018e-05	9.15532e-05	-69.162
1419.6769	12.164	8.114969319999999e-11	3.71935e-05	-0.000109673	0.000117302	-62.286
1421.158	12.168	8.117637839999999e-11	4.38693e-05	-4.10082e-05	6.38966e-05	-37.092
1422.6361	12.172	8.12030636e-11	4.48229e-05	-6.19893e-05	7.24797e-05	-50.262
1424.084	12.176	8.12297488e-11	1.43052e-05	-6.19893e-05	6.2943e-05	-73.644
1425.8275	12.18	8.1256434e-11	3.14715e-05	-9.63216e-05	0.00010109	-76.698
1427.3197	12.184	8.12831192e-11	5.14986e-05	-7.34334e-05	9.05995e-05	-54.126
1428.7869	12.188	8.13098044e-11	5.72207e-05	-6.48503e-05	8.96459e-05	-40.332
1430.249	12.192	8.13364896e-11	3.52862e-05	-7.53407e-05	8.10628e-05	-63.858
1431.7025	12.196	8.136317479999999e-11	3.91009e-05	-8.20165e-05	9.05995e-05	-55.47
1433.1852	12.2	8.138985999999999e-11	2.3842e-05	-2.3842e-05	3.52862e-05	-25.2
1434.6627	12.204	8.14165452e-11	2.9564e-05	-5.24523e-05	5.81744e-05	-64.014
1436.3892	12.208	8.14432304e-11	7.62944e-05	-2.86104e-06	7.1526e-05	-3.852
1437.8618	12.212	8.14699156e-11	3.52862e-05	-2.28883e-05	5.0545e-05	-39.63
1439.3125	12.216	8.149660079999999e-11	1.90736e-06	-1.04905e-05	8.58313e-06	-50.712
1440.7808	12.22	8.1523286e-11	3.05178e-05	2.86104e-06	2.9564e-05	-5.316
1442.2537	12.224	8.15499712e-11	9.5368e-06	-2.57493e-05	2.28883e-05	-91.734
1443.9823	12.228	8.15766564e-11	9.53682e-07	-4.10082e-05	3.91009e-05	-80.052
1445.4409	12.232	8.160334159999999e-11	2.86103e-05	-3.62399e-05	4.19619e-05	-52.206
1446.9125	12.236	8.16300268e-11	5.24523e-05	-9.82289e-05	0.000114441	-63.438
1448.3845	12.24	8.1656712e-11	4.10082e-05	-8.29701e-05	9.53679e-05	-63.606
1449.852	12.244	8.168339719999999e-11	0.0	-9.25069e-05	9.25069e-05	-89.592
1451.3097	12.248	8.171008239999999e-11	1.52589e-05	-5.81744e-05	6.19893e-05	-78.45
1452.7932	12.252	8.17367676e-11	2.9564e-05	-0.000148774	0.000152589	-75.66
1454.281	12.256	8.17634528e-11	1.04905e-05	-0.00012684	0.000125886	-86.022
1455.9942	12.26	8.1790138e-11	6.67575e-06	-0.000100136	0.00010109	-82.602
1457.4767	12.264	8.18168232e-11	-2.00273e-05	-0.000113488	0.000112534	-101.712
1458.9487	12.268	8.18435084e-11	3.33788e-05	-0.000113488	0.000117302	-74.718
1460.4425	12.272	8.187019359999999e-11	1.90736e-05	-5.81744e-05	6.19893e-05	-78.804
1461.8968	12.276	8.189687879999999e-11	1.33515e-05	-0.000135423	0.000132562	-83.31
1463.3479	12.28	8.192356399999999e-11	3.33788e-05	-9.15532e-05	9.63216e-05	-74.004
1464.821	12.284	8.19502492e-11	5.24523e-05	-9.15532e-05	0.000103951	-64.266
1466.5639	12.288	8.19769344e-11	2.28883e-05	-0.000115395	0.000115395	-74.982
1468.0022	12.292	8.20036196e-11	3.91009e-05	-7.1526e-05	8.01091e-05	-64.698
1469.4908	12.296	8.20303048e-11	6.48503e-05	-9.82289e-05	0.000117302	-56.13
1470.9497	12.3	8.205699e-11	3.81472e-05	-0.00011158	0.000112534	-76.8
1472.4334	12.304	8.208367519999999e-11	8.86922e-05	-5.14986e-05	0.00010109	-26.736
1474.1785	12.308	8.211036039999999e-11	7.1526e-05	-0.000128747	0.000139237	-65.07
1475.6832	12.312	8.213704559999999e-11	4.38693e-05	-0.000120163	0.00012684	-75.606
1477.1843	12.316	8.21637308e-11	0.000117302	-0.000118256	0.000167848	-40.452
1478.6876	12.32	8.2190416e-11	8.86922e-05	-0.000105858	0.00013733	-54.492
1480.1537	12.324	8.22171012e-11	0.000110627	-6.8665e-05	0.000123979	-30.684
1481.8842	12.328	8.22437864e-11	0.000105858	-8.86922e-05	0.000145913	-37.122
1483.3619	12.332	8.22704716e-11	0.000102997	-5.43597e-05	0.00011921	-28.71
1484.8327	12.336	8.22971568e-11	8.77385e-05	-5.6267e-05	0.000105858	-30.432
1486.5558	12.34	8.2323842e-11	0.000136376	-0.000102997	0.000172616	-37.662
1488.0261	12.344	8.235052719999999e-11	0.000152589	-4.95913e-05	0.000156404	-22.752
1489.4951	12.348	8.23772124e-11	0.000100136	-8.20165e-05	0.000128747	-41.778
1490.9833	12.352	8.24038976e-11	0.000108719	-0.000108719	0.000148774	-46.08
1492.4616	12.356	8.24305828e-11	0.000153542	-2.47956e-05	0.000154496	-7.398
1494.1833	12.36	8.245726799999999e-11	0.000123025	-2.86104e-06	0.000130654	4.314
1495.6412	12.364	8.24839532e-11	0.000149728	-4.29156e-05	0.00016594	-13.824
1497.0939	12.368	8.25106384e-11	0.000112534	-6.48503e-05	0.000133515	-28.452
1498.5527	12.372	8.25373236e-11	0.00015545	-3.81472e-05	0.000169755	-13.392
1500.036	12.376	8.25640088e-11	0.000156404	-1.52589e-05	0.000161172	-2.814
1501.5444	12.38	8.2590694e-11	0.00014782	-2.19346e-05	0.000149728	-10.572
1503.0137	12.384	8.26173792e-11	0.000191689	1.90736e-06	0.000203134	-0.186
1504.7254	12.388	8.264406439999999e-11	0.00023079	2.3842e-05	0.000231744	3.942
1506.2094	12.392	8.267074959999999e-11	0.00024605	-2.3842e-05	0.000248911	-6.9
1507.647	12.396	8.26974348e-11	0.000278475	-1.81199e-05	0.000273706	-3.252
1509.1474	12.4	8.272412e-11	0.000352861	1.90736e-06	0.000342371	1.926