Time (s) 	 Position (mm) 	 Delay (s) 	 X 	 Y 	 R 	 theta 
#Without Preamplifier,searching for the GaP signal, ZnTe detector angle 40deg, Chopper 230Hz, time constant=0.1s 24dB, waiting time= 1.0s, sensitivity=20mV
1.972	8.2	5.470465999999999e-11	-7.62945e-06	4.10082e-05	3.91009e-05	92.91
3.6049	8.204	5.47313452e-11	2.19346e-05	2.86103e-05	3.52862e-05	51.84
5.3908	8.208	5.47580304e-11	1.71663e-05	-2.6703e-05	3.05178e-05	-58.626
6.9451	8.212	5.478471559999999e-11	3.24252e-05	1.90736e-06	3.33788e-05	1.122
8.5175	8.216	5.481140079999999e-11	3.71935e-05	-9.5368e-06	4.19619e-05	-14.25
10.0632	8.22	5.4838086e-11	-9.53682e-07	1.33515e-05	1.43052e-05	106.926
11.6197	8.224	5.48647712e-11	2.19346e-05	2.00273e-05	2.76567e-05	49.842
13.1801	8.228	5.48914564e-11	-1.62126e-05	-4.48229e-05	5.0545e-05	-121.086
14.733	8.232	5.491814159999999e-11	-4.00546e-05	3.24252e-05	4.67303e-05	138.012
16.2966	8.236	5.49448268e-11	2.57493e-05	2.86104e-06	2.19346e-05	20.136
18.1216	8.24	5.4971512e-11	3.81473e-06	5.72208e-06	7.62945e-06	60.948
19.6722	8.244	5.49981972e-11	8.58313e-06	-8.58313e-06	1.04905e-05	-90.0
21.2399	8.248	5.5024882399999995e-11	-1.04905e-05	-3.81473e-06	8.58313e-06	151.698
22.8038	8.252	5.50515676e-11	4.19619e-05	-9.53682e-07	4.10082e-05	-8.394
24.3942	8.256	5.50782528e-11	1.33515e-05	1.71663e-05	2.19346e-05	64.176
26.2152	8.26	5.5104937999999996e-11	-4.76839e-05	2.86104e-06	4.95913e-05	168.54
27.7479	8.264	5.5131623199999995e-11	-1.71663e-05	-2.86104e-06	1.23978e-05	-169.38
29.3018	8.268	5.51583084e-11	1.90736e-05	3.81473e-06	1.71663e-05	-2.49
30.8497	8.272	5.51849936e-11	3.14715e-05	-1.43052e-05	3.71935e-05	-19.98
32.3994	8.276	5.5211678799999996e-11	4.7684e-06	2.76567e-05	2.6703e-05	82.692
33.9723	8.28	5.5238363999999994e-11	-3.81473e-06	3.71935e-05	3.91009e-05	103.134
35.5019	8.284	5.52650492e-11	-2.28883e-05	0.0	2.19346e-05	-178.266
37.3331	8.288	5.52917344e-11	2.00273e-05	-2.86104e-06	1.81199e-05	-15.642
38.9162	8.292	5.5318419599999995e-11	9.5368e-06	-3.81473e-06	4.7684e-06	90.0
40.4628	8.296	5.534510479999999e-11	3.62399e-05	-9.5368e-06	3.81472e-05	-9.948
42.0304	8.3	5.5371790000000004e-11	2.76567e-05	1.23978e-05	2.57493e-05	15.708
43.601	8.304	5.5398475199999996e-11	1.90736e-06	-1.81199e-05	1.71663e-05	-98.43
45.4232	8.308	5.5425160399999994e-11	-2.00273e-05	1.04905e-05	2.19346e-05	164.748
47.0079	8.312	5.545184559999999e-11	2.86103e-05	-4.86376e-05	5.43597e-05	-52.836
48.5592	8.316	5.5478530800000004e-11	-2.00273e-05	-3.05178e-05	3.24252e-05	-120.342
50.1016	8.32	5.5505216e-11	3.24252e-05	-2.47956e-05	4.86376e-05	-31.086
51.6702	8.324	5.5531901199999994e-11	-1.23978e-05	9.53682e-07	1.23978e-05	-164.478
53.4911	8.328	5.555858639999999e-11	-4.29156e-05	-9.53682e-07	3.71935e-05	-177.84
55.0432	8.332	5.55852716e-11	7.62945e-06	-3.33788e-05	3.52862e-05	-71.898
56.6299	8.336	5.56119568e-11	-9.5368e-06	-1.33515e-05	1.23978e-05	-121.608
58.4392	8.34	5.5638642e-11	3.81473e-06	-3.05178e-05	2.86103e-05	-93.99
60.0048	8.344	5.566532719999999e-11	9.53682e-07	-1.04905e-05	1.04905e-05	-61.926
61.5759	8.348	5.56920124e-11	-1.23978e-05	0.0	1.52589e-05	-169.116
63.1419	8.352	5.57186976e-11	1.90736e-06	-2.57493e-05	2.6703e-05	-94.188
64.7043	8.356	5.57453828e-11	2.57493e-05	2.86104e-06	2.86103e-05	3.99
66.5144	8.36	5.577206799999999e-11	2.0981e-05	9.53682e-07	1.71663e-05	19.176
68.0805	8.364	5.57987532e-11	2.3842e-05	-2.6703e-05	3.33788e-05	-41.73
69.6294	8.368	5.58254384e-11	9.5368e-06	-2.0981e-05	2.47956e-05	-62.178
71.2143	8.372	5.58521236e-11	1.62126e-05	-3.24252e-05	3.14715e-05	-87.456
72.782	8.376	5.5878808799999996e-11	3.81473e-06	-9.5368e-06	8.58313e-06	-104.034
74.36	8.38	5.5905494e-11	2.57493e-05	-2.86104e-06	2.9564e-05	5.082
75.947	8.384	5.59321792e-11	5.72208e-06	-3.62399e-05	3.71935e-05	-76.866
77.7854	8.388	5.59588644e-11	1.81199e-05	-2.00273e-05	3.33788e-05	-31.674
79.3542	8.392	5.5985549599999995e-11	2.19346e-05	1.62126e-05	2.57493e-05	25.908
80.9236	8.396	5.60122348e-11	-1.81199e-05	-2.3842e-05	2.3842e-05	-104.418
82.4874	8.4	5.603892e-11	1.23978e-05	3.81473e-06	1.04905e-05	45.0
84.0506	8.404	5.6065605199999996e-11	-1.52589e-05	1.23978e-05	1.81199e-05	122.004
85.8939	8.408	5.6092290399999994e-11	-7.62945e-06	8.58313e-06	1.52589e-05	131.82
87.4449	8.412	5.6118975600000006e-11	-1.43052e-05	0.0	1.23978e-05	161.568
88.9918	8.416	5.61456608e-11	-4.7684e-06	-1.81199e-05	2.00273e-05	-112.11
90.8201	8.42	5.6172345999999996e-11	5.72208e-06	1.23978e-05	1.52589e-05	40.362
92.39	8.424	5.6199031199999994e-11	2.47956e-05	-1.14442e-05	3.33788e-05	-23.202
93.9383	8.428	5.6225716400000005e-11	6.67575e-06	-2.3842e-05	2.0981e-05	-83.886
95.5072	8.432	5.6252401599999997e-11	-9.53682e-07	-4.7684e-06	5.72208e-06	0.0
97.075	8.436	5.6279086799999995e-11	1.90736e-06	-9.5368e-06	1.04905e-05	-67.62
98.882	8.44	5.630577199999999e-11	-3.14715e-05	-3.14715e-05	4.19619e-05	-132.336
100.491	8.444	5.6332457200000004e-11	-2.0981e-05	2.86104e-06	2.19346e-05	171.384
102.0637	8.448	5.63591424e-11	-9.53682e-07	1.23978e-05	1.04905e-05	90.0
103.6108	8.452	5.6385827599999994e-11	1.14442e-05	-2.28883e-05	2.3842e-05	-64.884
105.1951	8.456	5.641251279999999e-11	1.90736e-06	-2.19346e-05	2.0981e-05	-59.622
106.7606	8.46	5.6439198000000003e-11	-2.86104e-06	-4.7684e-06	7.62945e-06	-145.008
108.309	8.464	5.64658832e-11	3.71935e-05	-5.72208e-06	4.19619e-05	-6.054
110.1195	8.468	5.64925684e-11	2.3842e-05	3.62399e-05	3.91009e-05	63.906
111.6886	8.472	5.651925359999999e-11	2.86104e-06	1.90736e-05	1.90736e-05	84.474
113.2559	8.476	5.65459388e-11	-1.81199e-05	6.67575e-06	2.86103e-05	161.568
114.8253	8.48	5.6572624e-11	-1.33515e-05	-2.00273e-05	2.19346e-05	-112.11
116.3732	8.484	5.65993092e-11	3.71935e-05	4.29156e-05	5.81744e-05	44.076
118.1901	8.488	5.66259944e-11	3.24252e-05	5.72208e-06	2.9564e-05	20.094
119.7758	8.492	5.66526796e-11	2.28883e-05	4.19619e-05	4.86376e-05	64.842
121.3502	8.496	5.66793648e-11	-2.28883e-05	-1.14442e-05	2.3842e-05	-158.496
123.1701	8.5	5.670605e-11	9.53682e-07	1.81199e-05	1.71663e-05	73.74
124.7181	8.504	5.6732735199999996e-11	-3.81473e-06	-3.14715e-05	3.05178e-05	-92.436
126.2998	8.508	5.675942039999999e-11	8.58313e-06	1.90736e-06	6.67575e-06	60.948
127.8527	8.512	5.67861056e-11	3.81473e-06	1.71663e-05	1.71663e-05	79.116
129.404	8.516	5.68127908e-11	-2.86104e-06	-2.28883e-05	2.19346e-05	-85.098
131.2453	8.52	5.6839475999999996e-11	1.52589e-05	-1.04905e-05	1.14442e-05	3.816
132.7753	8.524	5.6866161199999994e-11	1.52589e-05	1.62126e-05	2.3842e-05	46.08
134.3606	8.528	5.68928464e-11	-1.43052e-05	-8.58313e-06	1.04905e-05	161.568
135.9176	8.532	5.69195316e-11	-1.71663e-05	2.9564e-05	3.24252e-05	124.698
137.4605	8.536	5.6946216799999995e-11	1.23978e-05	2.28883e-05	2.28883e-05	69.228
139.0333	8.54	5.697290199999999e-11	2.00273e-05	1.90736e-06	2.57493e-05	1.272
140.5842	8.544	5.69995872e-11	1.23978e-05	-2.00273e-05	2.47956e-05	-62.82
142.4248	8.548	5.7026272399999996e-11	5.72208e-06	1.90736e-06	3.81473e-06	107.1
143.9604	8.552	5.7052957599999994e-11	0.0	2.57493e-05	2.57493e-05	87.066
145.5417	8.556	5.707964279999999e-11	-1.43052e-05	-3.81473e-06	1.52589e-05	-166.608
147.1101	8.56	5.7106328000000004e-11	-1.71663e-05	-3.05178e-05	3.33788e-05	-125.94
148.6784	8.564	5.7133013199999995e-11	3.81472e-05	-1.43052e-05	3.91009e-05	-21.612
150.5112	8.568	5.7159698399999994e-11	1.52589e-05	-1.04905e-05	1.14442e-05	-48.366
152.0619	8.572	5.718638359999999e-11	-4.86376e-05	1.81199e-05	5.24523e-05	152.178
153.6111	8.576	5.72130688e-11	3.24252e-05	-9.5368e-06	3.05178e-05	-9.042
155.4204	8.58	5.7239753999999995e-11	8.58313e-06	-3.81473e-06	6.67575e-06	26.562
157.0011	8.584	5.726643919999999e-11	2.3842e-05	5.72208e-06	2.3842e-05	10.008
158.5619	8.588	5.729312439999999e-11	-4.00546e-05	1.23978e-05	4.00546e-05	157.308
160.1116	8.592	5.73198096e-11	-7.62945e-06	3.81473e-06	7.62945e-06	150.948
161.6612	8.596	5.73464948e-11	1.23978e-05	-1.43052e-05	1.52589e-05	-52.596
163.4694	8.6	5.737317999999999e-11	1.23978e-05	-7.62945e-06	1.52589e-05	-23.202
165.0644	8.604	5.739986519999999e-11	3.52862e-05	1.52589e-05	3.05178e-05	38.886
166.6149	8.608	5.74265504e-11	-2.86104e-06	-3.14715e-05	3.05178e-05	-87.612
168.1844	8.612	5.74532356e-11	-3.81473e-06	-4.7684e-06	3.81473e-06	150.252
169.7312	8.616	5.74799208e-11	-1.14442e-05	1.71663e-05	1.81199e-05	125.538
171.3214	8.62	5.750660599999999e-11	-2.0981e-05	2.86104e-06	2.0981e-05	165.528
172.8645	8.624	5.75332912e-11	3.62399e-05	-2.00273e-05	4.10082e-05	-33.438
174.4528	8.628	5.75599764e-11	1.71663e-05	1.62126e-05	1.71663e-05	97.434
176.2714	8.632	5.75866616e-11	3.43325e-05	1.23978e-05	3.71935e-05	18.102
177.8597	8.636	5.761334679999999e-11	-6.67575e-06	-9.5368e-06	1.04905e-05	-117.9
179.428	8.64	5.7640032e-11	-9.5368e-06	1.90736e-06	1.23978e-05	172.878
180.993	8.644	5.76667172e-11	-5.72208e-06	1.33515e-05	1.81199e-05	135.0
182.7816	8.648	5.7693402399999996e-11	3.81473e-06	1.14442e-05	1.14442e-05	75.966
184.3623	8.652	5.7720087599999994e-11	-1.43052e-05	1.62126e-05	2.19346e-05	126.252
185.9201	8.656	5.77467728e-11	2.86103e-05	0.0	2.57493e-05	2.934
187.772	8.66	5.7773458e-11	-2.86104e-06	1.52589e-05	1.33515e-05	119.358
189.3441	8.664	5.7800143199999996e-11	-6.67575e-06	2.86104e-06	6.67575e-06	171.252
190.9241	8.668	5.7826828399999994e-11	4.7684e-06	-3.14715e-05	3.81472e-05	-82.65
192.4942	8.672	5.78535136e-11	3.81473e-06	-9.5368e-06	8.58313e-06	-86.184
194.0393	8.676	5.7880198799999997e-11	9.5368e-06	-4.7684e-06	3.81473e-06	45.0
195.8512	8.68	5.7906883999999995e-11	3.52862e-05	1.71663e-05	3.71935e-05	38.502
197.411	8.684	5.793356919999999e-11	1.81199e-05	2.57493e-05	3.43325e-05	49.512
198.9679	8.688	5.7960254400000004e-11	4.7684e-06	-6.67575e-06	8.58313e-06	-28.302
200.5493	8.692	5.7986939599999996e-11	-4.7684e-06	-2.0981e-05	2.19346e-05	-101.976
202.1161	8.696	5.8013624799999994e-11	-1.33515e-05	1.04905e-05	1.52589e-05	126.384
203.6981	8.7	5.804030999999999e-11	2.9564e-05	-2.28883e-05	4.38693e-05	-39.588
205.2684	8.704	5.8066995200000003e-11	2.86103e-05	-1.14442e-05	2.86103e-05	-38.454
207.0726	8.708	5.8093680399999995e-11	0.0	-4.95913e-05	4.86376e-05	-87.612
208.661	8.712	5.8120365599999993e-11	-9.53682e-07	8.58313e-06	1.04905e-05	64.656
210.2425	8.716	5.814705079999999e-11	8.58313e-06	-9.53682e-07	1.33515e-05	-12.264
211.8079	8.72	5.8173736e-11	-3.81473e-06	-2.86104e-06	2.86104e-06	149.034
213.3716	8.724	5.82004212e-11	-4.7684e-06	-6.67575e-06	1.43052e-05	-117.474
215.1829	8.728	5.82271064e-11	3.14715e-05	-2.47956e-05	3.91009e-05	-37.074
216.7456	8.732	5.82537916e-11	-1.23978e-05	-3.81473e-06	1.62126e-05	-169.116
218.3297	8.736	5.82804768e-11	-1.04905e-05	1.04905e-05	1.71663e-05	138.99
220.1539	8.74	5.8307162e-11	1.71663e-05	8.58313e-06	2.86103e-05	19.134
221.721	8.744	5.833384719999999e-11	9.53682e-07	5.72208e-06	6.67575e-06	148.392
223.2721	8.748	5.836053239999999e-11	-9.5368e-06	2.19346e-05	2.3842e-05	117.258
224.8587	8.752	5.83872176e-11	6.67575e-06	2.86104e-06	5.72208e-06	8.13
226.4396	8.756	5.84139028e-11	2.86104e-06	-9.5368e-06	5.72208e-06	-63.438
228.2667	8.76	5.8440588e-11	0.0	-3.05178e-05	2.57493e-05	-109.44
229.8292	8.764	5.84672732e-11	-1.14442e-05	1.90736e-05	2.00273e-05	112.932
231.4157	8.768	5.849395840000001e-11	-2.47956e-05	3.33788e-05	4.19619e-05	134.34
232.9965	8.772	5.852064359999999e-11	1.14442e-05	-2.86104e-06	1.04905e-05	-19.656
234.5588	8.776	5.854732879999999e-11	2.9564e-05	-2.9564e-05	4.00546e-05	-49.086
236.1497	8.78	5.857401399999999e-11	2.19346e-05	4.7684e-06	1.71663e-05	35.538
237.6997	8.784	5.86006992e-11	-2.19346e-05	1.90736e-05	2.57493e-05	128.418
239.2496	8.788	5.86273844e-11	3.81473e-06	9.53682e-07	5.72208e-06	45.0
241.0572	8.792	5.86540696e-11	-2.86104e-06	-1.43052e-05	1.23978e-05	-81.03
242.6219	8.796	5.86807548e-11	1.90736e-06	1.14442e-05	1.04905e-05	93.366
244.1872	8.8	5.870744e-11	8.58313e-06	3.24252e-05	3.52862e-05	69.93
245.8061	8.804	5.87341252e-11	0.0	-3.81473e-06	1.04905e-05	-46.548
247.6119	8.808	5.87608104e-11	-4.7684e-06	-1.52589e-05	1.52589e-05	-124.38
249.1751	8.812	5.878749559999999e-11	4.7684e-06	-1.71663e-05	1.52589e-05	-87.276
250.7424	8.816	5.88141808e-11	1.62126e-05	1.52589e-05	2.3842e-05	41.76
252.3316	8.82	5.8840866e-11	4.7684e-06	1.71663e-05	1.90736e-05	91.734
253.894	8.824	5.88675512e-11	-9.5368e-06	-1.81199e-05	1.81199e-05	-104.532
255.4611	8.828	5.889423639999999e-11	-3.43325e-05	-2.86104e-06	3.05178e-05	176.346
257.0119	8.832	5.89209216e-11	-9.5368e-06	2.19346e-05	2.3842e-05	113.808
258.6004	8.836	5.89476068e-11	3.91009e-05	-7.62945e-06	3.81472e-05	-4.236
260.4031	8.84	5.8974292e-11	-1.90736e-05	2.00273e-05	2.76567e-05	138.12
261.9868	8.844	5.90009772e-11	1.04905e-05	-1.90736e-06	6.67575e-06	18.432
263.5426	8.848	5.90276624e-11	0.0	-1.62126e-05	1.52589e-05	-87.51
265.1228	8.852	5.90543476e-11	-2.0981e-05	-9.53682e-07	1.90736e-05	-164.58
266.6906	8.856	5.908103279999999e-11	-2.86104e-06	-2.28883e-05	1.90736e-05	-80.136
268.5294	8.86	5.910771799999999e-11	-2.3842e-05	0.0	2.3842e-05	-169.284
270.093	8.864	5.91344032e-11	1.90736e-06	-2.28883e-05	2.28883e-05	-82.302
271.683	8.868	5.91610884e-11	3.24252e-05	-1.14442e-05	3.14715e-05	-8.652
273.2746	8.872	5.91877736e-11	1.71663e-05	-5.72208e-06	1.23978e-05	-15.948
274.8241	8.876	5.92144588e-11	7.62945e-06	1.90736e-06	1.33515e-05	16.926
276.4157	8.88	5.924114400000001e-11	3.33788e-05	-8.58313e-06	3.24252e-05	-13.17
277.9771	8.884	5.926782919999999e-11	-4.7684e-06	1.90736e-05	1.90736e-05	124.212
279.8061	8.888	5.929451439999999e-11	-9.5368e-06	1.71663e-05	1.90736e-05	102.726
281.3879	8.892	5.932119959999999e-11	-2.6703e-05	1.81199e-05	3.43325e-05	141.84
282.9392	8.896	5.93478848e-11	-1.04905e-05	-1.71663e-05	1.90736e-05	-114.144
284.5168	8.9	5.937457e-11	-3.33788e-05	5.72208e-06	3.62399e-05	166.218
286.0668	8.904	5.94012552e-11	2.86104e-06	2.57493e-05	2.3842e-05	95.196
287.6731	8.908	5.94279404e-11	2.86103e-05	-1.90736e-06	3.14715e-05	16.584
289.2234	8.912	5.945462560000001e-11	0.0	-2.76567e-05	2.57493e-05	-101.004
290.8179	8.916	5.94813108e-11	-5.72208e-06	3.81473e-06	3.81473e-06	66.798
292.6774	8.92	5.950799599999999e-11	-3.52862e-05	-1.90736e-05	3.91009e-05	-165.468
294.2393	8.924	5.953468119999999e-11	1.43052e-05	1.62126e-05	2.3842e-05	35.364
295.8275	8.928	5.95613664e-11	5.72208e-06	-6.67575e-06	3.81473e-06	-45.0
297.3708	8.932	5.95880516e-11	3.14715e-05	-9.5368e-06	3.24252e-05	-11.766
298.9612	8.936	5.96147368e-11	-1.14442e-05	1.52589e-05	1.81199e-05	107.244
300.7986	8.94	5.9641422e-11	1.04905e-05	9.5368e-06	1.23978e-05	25.02
302.4016	8.944	5.96681072e-11	1.90736e-05	-1.62126e-05	2.19346e-05	-46.332
303.9448	8.948	5.96947924e-11	6.00817e-05	1.90736e-06	5.72207e-05	0.684
305.5114	8.952	5.97214776e-11	2.00273e-05	8.58313e-06	2.28883e-05	16.392
307.0821	8.956	5.97481628e-11	1.23978e-05	-6.67575e-06	1.71663e-05	-4.086
308.651	8.96	5.9774848e-11	-1.81199e-05	-1.14442e-05	1.52589e-05	-141.342
310.202	8.964	5.98015332e-11	-1.81199e-05	-2.9564e-05	3.24252e-05	-118.704
312.0106	8.968	5.98282184e-11	-6.67575e-06	-2.76567e-05	3.33788e-05	-93.12
313.5579	8.972	5.985490359999999e-11	6.67575e-06	2.19346e-05	2.47956e-05	53.13
315.1125	8.976	5.98815888e-11	1.23978e-05	-1.62126e-05	1.90736e-05	-51.954
316.681	8.98	5.9908274e-11	6.67575e-06	9.5368e-06	8.58313e-06	90.0
318.2413	8.984	5.99349592e-11	-2.47956e-05	3.81473e-06	1.71663e-05	144.462
319.809	8.988	5.99616444e-11	-3.14715e-05	-3.81472e-05	4.95913e-05	-132.756
321.3604	8.992	5.99883296e-11	1.04905e-05	0.0	1.23978e-05	-12.804
322.9297	8.996	6.00150148e-11	-2.0981e-05	8.58313e-06	2.00273e-05	153.438
324.7349	9.0	6.004169999999999e-11	1.90736e-05	-1.33515e-05	2.0981e-05	-45.0
326.3005	9.004	6.006838519999999e-11	-1.81199e-05	-1.81199e-05	2.19346e-05	-132.396
327.8593	9.008	6.009507039999999e-11	-2.9564e-05	3.81473e-06	3.43325e-05	166.218
329.4403	9.012	6.01217556e-11	-2.0981e-05	-1.14442e-05	2.3842e-05	-161.076
331.008	9.016	6.01484408e-11	3.24252e-05	3.81473e-06	3.05178e-05	14.352
332.8399	9.02	6.0175126e-11	-4.7684e-06	-3.05178e-05	3.14715e-05	-98.13
334.3996	9.024	6.02018112e-11	0.0	-2.86103e-05	2.76567e-05	-98.13
335.9602	9.028	6.02284964e-11	-4.7684e-06	-4.7684e-06	6.67575e-06	167.004
337.5271	9.032	6.025518159999999e-11	0.0	-2.6703e-05	2.6703e-05	-84.918
339.0935	9.036	6.028186679999999e-11	-2.47956e-05	-1.43052e-05	2.57493e-05	-146.724
340.6505	9.04	6.030855199999999e-11	-1.04905e-05	-2.9564e-05	2.9564e-05	-104.676
342.2337	9.044	6.03352372e-11	-3.14715e-05	-2.86104e-06	2.86103e-05	-173.37
344.0682	9.048	6.03619224e-11	6.67575e-06	8.58313e-06	1.23978e-05	73.074
345.6338	9.052	6.03886076e-11	-9.5368e-06	2.28883e-05	2.3842e-05	95.196
347.2243	9.056	6.041529279999999e-11	-4.00546e-05	-3.43325e-05	5.0545e-05	-139.314
348.7839	9.06	6.0441978e-11	-1.71663e-05	1.33515e-05	2.19346e-05	139.968
350.3512	9.064	6.04686632e-11	-2.47956e-05	-2.28883e-05	2.76567e-05	-130.764
352.1612	9.068	6.049534839999999e-11	1.90736e-05	-2.6703e-05	3.05178e-05	-53.88
353.7101	9.072	6.052203359999999e-11	0.0	-5.43597e-05	5.24523e-05	-97.83
355.2598	9.076	6.05487188e-11	-2.0981e-05	-4.29156e-05	4.38693e-05	-107.04
357.1023	9.08	6.0575404e-11	-2.00273e-05	2.86104e-06	1.33515e-05	-166.758
358.6734	9.084	6.06020892e-11	1.52589e-05	-2.28883e-05	2.6703e-05	-51.768
360.2328	9.088	6.062877439999999e-11	-2.28883e-05	5.72208e-06	2.47956e-05	170.79
361.8153	9.092	6.06554596e-11	1.43052e-05	-6.67575e-06	1.62126e-05	-26.562
363.382	9.096	6.06821448e-11	1.52589e-05	2.19346e-05	2.19346e-05	64.29
365.1953	9.1	6.070883e-11	1.90736e-05	2.3842e-05	3.24252e-05	57.264
366.7605	9.104	6.07355152e-11	-3.81472e-05	-2.76567e-05	4.38693e-05	-147.528
368.307	9.108	6.07622004e-11	9.5368e-06	-3.33788e-05	3.62399e-05	-62.988
369.8758	9.112	6.07888856e-11	-1.04905e-05	2.3842e-05	2.57493e-05	99.69
371.4636	9.116	6.081557079999999e-11	-2.86104e-06	-2.9564e-05	3.14715e-05	-99.462
373.0292	9.12	6.084225599999999e-11	1.33515e-05	9.5368e-06	2.0981e-05	22.752
374.5782	9.124	6.08689412e-11	1.90736e-05	-2.86104e-06	1.23978e-05	-8.13
376.4213	9.128	6.08956264e-11	-6.67575e-06	8.58313e-06	8.58313e-06	79.38
377.9859	9.132	6.09223116e-11	-1.62126e-05	-5.72208e-06	2.3842e-05	-166.332
379.5533	9.136	6.09489968e-11	8.58313e-06	-9.53682e-07	1.14442e-05	-5.712
381.0991	9.14	6.0975682e-11	1.43052e-05	-1.52589e-05	1.81199e-05	-48.012
382.6525	9.144	6.100236719999999e-11	3.05178e-05	-2.86104e-06	3.05178e-05	-4.968
384.4599	9.148	6.102905239999999e-11	1.43052e-05	-3.62399e-05	3.91009e-05	-73.032
386.011	9.152	6.105573759999999e-11	-1.62126e-05	1.90736e-05	2.6703e-05	136.974
387.6142	9.156	6.10824228e-11	1.71663e-05	-7.62945e-06	1.90736e-05	5.526
389.4493	9.16	6.1109108e-11	3.05178e-05	9.53682e-07	3.91009e-05	-21.162
391.0183	9.164	6.11357932e-11	6.67575e-06	3.33788e-05	3.33788e-05	78.462
392.5881	9.168	6.11624784e-11	1.90736e-06	-2.19346e-05	2.0981e-05	-127.878
394.1703	9.172	6.11891636e-11	1.52589e-05	-3.81473e-06	9.5368e-06	-42.276
395.7338	9.176	6.12158488e-11	4.10082e-05	-1.52589e-05	4.00546e-05	-23.964
397.5732	9.18	6.124253399999999e-11	6.10356e-05	1.23978e-05	6.00817e-05	15.594
399.13	9.184	6.126921919999999e-11	2.00273e-05	-1.90736e-06	2.19346e-05	-4.902
400.6894	9.188	6.12959044e-11	8.10628e-05	1.90736e-05	7.82018e-05	15.126
402.2901	9.192	6.13225896e-11	9.34605e-05	-7.62945e-06	0.000102997	-3.93
403.8422	9.196	6.13492748e-11	6.5804e-05	5.24523e-05	8.29701e-05	38.73
405.4224	9.2	6.137595999999999e-11	6.38966e-05	4.10082e-05	7.82018e-05	30.468
406.996	9.204	6.14026452e-11	9.72752e-05	3.14715e-05	9.63216e-05	21.876
408.8207	9.208	6.14293304e-11	0.000123979	3.71935e-05	0.00012684	15.822
410.3851	9.212	6.14560156e-11	0.00011921	7.24797e-05	0.000141145	31.464
411.9538	9.216	6.148270079999999e-11	0.000139237	2.76567e-05	0.000149728	14.694
413.5304	9.22	6.1509386e-11	0.000121117	2.6703e-05	0.000123979	12.162
415.1136	9.224	6.15360712e-11	7.53407e-05	6.19893e-05	0.000102044	37.878
416.9369	9.228	6.15627564e-11	0.000102044	6.77113e-05	0.000125886	34.416
418.5102	9.232	6.158944159999999e-11	8.86922e-05	6.38966e-05	0.000110627	34.824
420.0741	9.236	6.16161268e-11	7.53407e-05	9.72752e-05	0.000121117	51.342
421.6578	9.24	6.1642812e-11	0.000112534	4.86376e-05	0.000123979	22.482
423.2098	9.244	6.16694972e-11	7.72481e-05	9.91826e-05	0.000125886	52.176
424.7947	9.248	6.16961824e-11	9.53682e-07	4.38693e-05	4.67303e-05	79.56
426.3437	9.252	6.17228676e-11	-9.5368e-06	0.000104905	0.000105858	95.46
427.8961	9.256	6.17495528e-11	7.62945e-06	3.91009e-05	4.19619e-05	71.286
429.6976	9.26	6.177623799999999e-11	-2.6703e-05	1.33515e-05	2.76567e-05	140.016
431.2677	9.264	6.180292319999999e-11	1.62126e-05	4.19619e-05	4.57766e-05	69.252
432.8527	9.268	6.18296084e-11	-4.29156e-05	5.72208e-06	4.29156e-05	171.12
434.4137	9.272	6.18562936e-11	-5.14986e-05	5.72208e-06	4.95913e-05	172.092
435.985	9.276	6.18829788e-11	-4.00546e-05	-1.33515e-05	4.38693e-05	-163.14
437.5396	9.28	6.1909664e-11	-3.52862e-05	1.33515e-05	3.24252e-05	152.904
439.0733	9.284	6.193634920000001e-11	-1.62126e-05	-3.33788e-05	3.52862e-05	-115.56
440.8911	9.288	6.196303439999999e-11	-5.6267e-05	-1.52589e-05	5.72207e-05	-162.18
442.4626	9.292	6.198971959999999e-11	-5.3406e-05	-1.62126e-05	5.72207e-05	-162.408
444.0496	9.296	6.201640479999999e-11	-7.82018e-05	-6.00817e-05	9.25069e-05	-140.298
445.6102	9.3	6.204309e-11	-4.67303e-05	-6.77113e-05	7.82018e-05	-118.53
447.181	9.304	6.20697752e-11	-3.33788e-05	-2.47956e-05	3.81472e-05	-145.176
448.9984	9.308	6.20964604e-11	-1.81199e-05	-8.29701e-05	8.58312e-05	-101.394
450.5534	9.312	6.21231456e-11	-1.43052e-05	-4.19619e-05	4.48229e-05	-103.056
452.1017	9.316	6.21498308e-11	-4.48229e-05	-4.67303e-05	6.38966e-05	-129.96
453.6995	9.32	6.2176516e-11	-1.71663e-05	-2.00273e-05	2.47956e-05	-138.366
455.254	9.324	6.22032012e-11	-3.62399e-05	-4.7684e-06	3.71935e-05	-176.184
457.0578	9.328	6.222988639999999e-11	-1.71663e-05	-2.28883e-05	2.6703e-05	-108.432
458.6495	9.332	6.22565716e-11	-6.67575e-06	-5.14986e-05	5.0545e-05	-98.454
460.2129	9.336	6.22832568e-11	-3.91009e-05	-1.33515e-05	4.10082e-05	-159.774
462.0373	9.34	6.2309942e-11	-3.62399e-05	5.72208e-06	4.29156e-05	172.35
463.6019	9.344	6.233662719999999e-11	-1.04905e-05	-2.00273e-05	2.28883e-05	-131.76
465.2052	9.348	6.23633124e-11	-3.14715e-05	-6.67575e-06	3.05178e-05	-168.438
466.7882	9.352	6.23899976e-11	-3.14715e-05	-5.81744e-05	6.19893e-05	-109.26
468.3471	9.356	6.24166828e-11	-9.5368e-06	2.28883e-05	2.47956e-05	109.356
470.1775	9.36	6.2443368e-11	-7.62945e-06	-5.9128e-05	5.81744e-05	-93.33
471.7239	9.364	6.24700532e-11	-2.28883e-05	-1.33515e-05	2.28883e-05	-149.622
473.3117	9.368	6.24967384e-11	6.67575e-06	3.81473e-06	1.23978e-05	32.904
474.8736	9.372	6.252342359999999e-11	8.58313e-06	1.71663e-05	1.90736e-05	48.012
476.4755	9.376	6.255010879999999e-11	1.90736e-06	-7.62945e-06	2.86104e-06	0.0
478.0289	9.38	6.2576794e-11	-3.43325e-05	-1.90736e-06	2.9564e-05	178.638
479.6207	9.384	6.26034792e-11	-7.62945e-06	1.90736e-06	8.58313e-06	-115.344
481.4779	9.388	6.26301644e-11	3.81473e-06	-6.67575e-06	2.86104e-06	33.69
483.0304	9.392	6.26568496e-11	0.0	-5.72208e-06	2.86104e-06	-135.0
484.6188	9.396	6.268353480000001e-11	-7.62945e-06	-1.14442e-05	1.04905e-05	-98.748
486.1829	9.4	6.271022e-11	3.81473e-06	2.57493e-05	2.3842e-05	69.624
487.7657	9.404	6.273690519999999e-11	-1.81199e-05	-2.47956e-05	2.9564e-05	-124.044
489.6016	9.408	6.276359039999999e-11	5.72208e-06	-2.86104e-06	9.5368e-06	-3.576
491.191	9.412	6.27902756e-11	-3.33788e-05	-1.90736e-06	4.38693e-05	-175.236
492.7342	9.416	6.28169608e-11	-1.14442e-05	8.58313e-06	1.23978e-05	150.642
494.5565	9.42	6.2843646e-11	2.00273e-05	2.00273e-05	2.86103e-05	50.712
496.1149	9.424	6.28703312e-11	-1.33515e-05	-9.53682e-07	1.33515e-05	-177.51
497.6602	9.428	6.289701640000001e-11	-1.14442e-05	-1.62126e-05	1.90736e-05	-129.558
499.2283	9.432	6.29237016e-11	2.86103e-05	8.58313e-06	3.52862e-05	13.536
500.7979	9.436	6.295038679999999e-11	-6.67575e-06	-4.00546e-05	3.81472e-05	-99.636
502.6082	9.44	6.297707199999999e-11	2.9564e-05	1.90736e-06	3.33788e-05	11.724
504.2035	9.444	6.30037572e-11	-2.0981e-05	-1.23978e-05	2.9564e-05	-171.87
505.7682	9.448	6.30304424e-11	-1.23978e-05	4.00546e-05	4.29156e-05	108.714
507.367	9.452	6.30571276e-11	2.86104e-06	1.90736e-06	1.90736e-06	71.568
508.9148	9.456	6.30838128e-11	-1.71663e-05	3.33788e-05	3.81472e-05	112.542
510.4844	9.46	6.3110498e-11	-2.19346e-05	2.28883e-05	2.86103e-05	124.08
512.0407	9.464	6.31371832e-11	2.19346e-05	-5.6267e-05	5.9128e-05	-69.006
513.8646	9.468	6.31638684e-11	-4.95913e-05	-3.05178e-05	5.9128e-05	-147.186
515.4172	9.472	6.31905536e-11	1.33515e-05	-1.52589e-05	2.00273e-05	-57.804
516.9957	9.476	6.32172388e-11	-4.7684e-06	-3.14715e-05	2.86103e-05	-114.678
518.5815	9.48	6.3243924e-11	-4.00546e-05	-4.00546e-05	6.48503e-05	-144.726
520.1255	9.484	6.32706092e-11	-2.00273e-05	5.72208e-06	1.52589e-05	161.568
521.9581	9.488	6.329729439999999e-11	-3.62399e-05	-3.33788e-05	4.67303e-05	-131.034
523.5186	9.492	6.33239796e-11	-3.24252e-05	-5.6267e-05	6.5804e-05	-121.536
525.0867	9.496	6.33506648e-11	-1.62126e-05	-1.90736e-06	1.71663e-05	-157.83
526.9059	9.5	6.337735e-11	-2.6703e-05	1.62126e-05	3.33788e-05	151.476
528.4981	9.504	6.34040352e-11	1.90736e-06	6.67575e-06	5.72208e-06	40.602
530.058	9.508	6.34307204e-11	2.57493e-05	6.67575e-06	2.57493e-05	18.924
531.629	9.512	6.34574056e-11	-6.67575e-06	1.90736e-06	3.81473e-06	104.034
533.1945	9.516	6.348409079999999e-11	2.47956e-05	-4.7684e-06	1.71663e-05	-51.342
535.0203	9.52	6.351077599999999e-11	1.23978e-05	2.28883e-05	2.3842e-05	84.954
536.5728	9.524	6.353746119999999e-11	-1.14442e-05	-2.19346e-05	2.19346e-05	-115.71
538.1352	9.528	6.35641464e-11	2.57493e-05	9.5368e-06	1.90736e-05	22.248
539.7012	9.532	6.35908316e-11	3.33788e-05	1.04905e-05	3.24252e-05	12.906
541.2747	9.536	6.36175168e-11	1.90736e-05	-2.0981e-05	2.86103e-05	-47.724
542.8485	9.54	6.3644202e-11	2.28883e-05	1.14442e-05	2.57493e-05	12.996
544.4402	9.544	6.367088719999999e-11	2.86103e-05	3.52862e-05	4.19619e-05	73.812
546.2452	9.548	6.369757239999999e-11	-1.71663e-05	1.71663e-05	2.19346e-05	143.532
547.7966	9.552	6.372425759999999e-11	3.81473e-06	-1.43052e-05	1.62126e-05	-69.444
549.3612	9.556	6.375094279999999e-11	-1.33515e-05	9.5368e-06	1.71663e-05	157.83
550.9131	9.56	6.3777628e-11	-1.81199e-05	-8.58313e-06	1.71663e-05	-139.896
552.4823	9.564	6.38043132e-11	-2.6703e-05	-1.71663e-05	2.6703e-05	-148.782
554.3204	9.568	6.38309984e-11	1.90736e-06	1.33515e-05	1.52589e-05	62.358
555.867	9.572	6.38576836e-11	-2.9564e-05	-9.5368e-06	3.05178e-05	-164.22
557.456	9.576	6.38843688e-11	5.72208e-06	0.0	5.72208e-06	45.0
559.2918	9.58	6.3911054e-11	1.23978e-05	3.62399e-05	3.52862e-05	71.94
560.8582	9.584	6.393773919999999e-11	-1.04905e-05	9.53682e-07	1.52589e-05	173.16
562.4098	9.588	6.396442439999999e-11	0.0	-1.71663e-05	1.71663e-05	-92.046
563.9732	9.592	6.39911096e-11	-1.71663e-05	-5.3406e-05	5.43597e-05	-108.888
565.5453	9.596	6.40177948e-11	1.90736e-06	-1.43052e-05	1.52589e-05	-70.2
567.0983	9.6	6.404448e-11	0.0	1.43052e-05	1.23978e-05	90.0
568.6784	9.604	6.407116519999999e-11	2.57493e-05	-3.81473e-06	2.47956e-05	-27.258
570.2641	9.608	6.40978504e-11	-1.90736e-06	1.04905e-05	1.23978e-05	110.856
571.8263	9.612	6.41245356e-11	1.52589e-05	-2.76567e-05	3.05178e-05	-53.88
573.3958	9.616	6.41512208e-11	-3.81472e-05	-2.86103e-05	4.38693e-05	-141.204
574.9605	9.62	6.417790599999999e-11	-7.62945e-06	2.00273e-05	2.19346e-05	112.752
576.5134	9.624	6.42045912e-11	2.00273e-05	1.33515e-05	1.90736e-05	53.532
578.3195	9.628	6.42312764e-11	-1.52589e-05	0.0	1.52589e-05	172.566
579.8841	9.632	6.425796159999999e-11	1.81199e-05	3.81473e-06	1.90736e-05	21.45
581.4743	9.636	6.428464679999999e-11	6.67575e-06	2.86103e-05	2.6703e-05	86.73
583.0532	9.64	6.4311332e-11	1.04905e-05	-1.14442e-05	1.71663e-05	-55.176
584.6425	9.644	6.43380172e-11	-2.28883e-05	1.33515e-05	3.14715e-05	138.096
586.4725	9.648	6.43647024e-11	9.53682e-07	5.72208e-06	2.86104e-06	-170.538
588.0647	9.652	6.43913876e-11	-2.00273e-05	1.90736e-06	1.90736e-05	-160.974
589.6114	9.656	6.44180728e-11	8.58313e-06	-9.5368e-06	1.71663e-05	-21.804
591.4298	9.66	6.444475799999999e-11	1.90736e-06	1.81199e-05	1.62126e-05	50.526
593.0188	9.664	6.447144319999999e-11	2.47956e-05	1.04905e-05	2.28883e-05	19.536
594.6012	9.668	6.449812839999999e-11	-4.7684e-06	-1.14442e-05	6.67575e-06	164.748
596.1487	9.672	6.45248136e-11	-1.81199e-05	3.43325e-05	3.91009e-05	115.71
597.7064	9.676	6.45514988e-11	-2.19346e-05	2.57493e-05	3.33788e-05	119.052
599.5371	9.68	6.4578184e-11	2.86103e-05	4.57766e-05	5.53133e-05	55.008
601.1039	9.684	6.46048692e-11	-2.6703e-05	-1.52589e-05	3.05178e-05	-160.428
602.6927	9.688	6.46315544e-11	-9.53682e-07	8.58313e-06	1.04905e-05	103.242
604.24	9.692	6.465823959999999e-11	-2.0981e-05	6.67575e-06	2.19346e-05	157.248
605.8396	9.696	6.468492479999999e-11	2.28883e-05	5.72208e-06	1.90736e-05	0.0
607.4297	9.7	6.471160999999999e-11	-7.62945e-06	1.71663e-05	2.28883e-05	122.004
609.0033	9.704	6.47382952e-11	-3.81473e-06	-2.3842e-05	2.3842e-05	-113.808
610.8496	9.708	6.47649804e-11	8.58313e-06	-5.72208e-06	9.5368e-06	-86.184
612.4141	9.712	6.47916656e-11	-1.14442e-05	2.47956e-05	2.86103e-05	113.55
613.9787	9.716	6.48183508e-11	2.00273e-05	3.81473e-06	1.23978e-05	14.034
615.5675	9.72	6.4845036e-11	4.57766e-05	5.72208e-06	4.86376e-05	2.322
617.12	9.724	6.48717212e-11	2.28883e-05	-4.86376e-05	5.53133e-05	-61.656
618.9229	9.728	6.48984064e-11	-1.90736e-05	-2.00273e-05	2.6703e-05	-131.988
620.4725	9.732	6.492509159999999e-11	-4.7684e-06	1.23978e-05	1.33515e-05	116.562
622.0441	9.736	6.49517768e-11	1.23978e-05	2.86104e-06	1.62126e-05	4.236
623.8488	9.74	6.4978462e-11	1.33515e-05	1.71663e-05	2.47956e-05	49.236
625.3998	9.744	6.50051472e-11	-2.6703e-05	7.62945e-06	2.57493e-05	177.066
626.9813	9.748	6.503183239999999e-11	0.0	-1.43052e-05	1.52589e-05	-82.566
628.5306	9.752	6.50585176e-11	-1.14442e-05	-4.00546e-05	3.91009e-05	-102.846
630.1365	9.756	6.50852028e-11	-3.81472e-05	-2.19346e-05	4.19619e-05	-153.852
631.9602	9.76	6.5111888e-11	2.86103e-05	1.04905e-05	2.86103e-05	4.086
633.5217	9.764	6.51385732e-11	-6.67575e-06	-4.00546e-05	3.91009e-05	-93.942
635.0885	9.768	6.51652584e-11	3.81473e-06	-2.6703e-05	2.57493e-05	-72.03
636.687	9.772	6.51919436e-11	1.90736e-05	-3.71935e-05	4.19619e-05	-61.458
638.2369	9.776	6.521862879999999e-11	1.04905e-05	1.33515e-05	2.3842e-05	34.878
639.8381	9.78	6.524531399999999e-11	2.3842e-05	2.86104e-06	2.0981e-05	26.562
641.3928	9.784	6.52719992e-11	2.57493e-05	-1.90736e-06	2.6703e-05	-4.086
643.2109	9.788	6.52986844e-11	-3.81473e-06	2.76567e-05	2.76567e-05	83.208
644.7677	9.792	6.53253696e-11	6.67575e-06	-4.29156e-05	4.48229e-05	-70.788
646.3316	9.796	6.53520548e-11	-2.76567e-05	8.58313e-06	2.86103e-05	164.406
647.8994	9.8	6.537874000000001e-11	-1.90736e-06	8.58313e-06	8.58313e-06	140.712
649.5024	9.804	6.540542519999999e-11	-3.14715e-05	-4.7684e-06	2.3842e-05	-172.878
651.3188	9.808	6.543211039999999e-11	3.24252e-05	-2.86104e-06	2.6703e-05	-3.096
652.9073	9.812	6.545879559999999e-11	3.24252e-05	-1.90736e-06	2.86103e-05	-2.79
654.4505	9.816	6.54854808e-11	1.90736e-06	1.33515e-05	1.43052e-05	74.052
656.0413	9.82	6.5512166e-11	-1.14442e-05	3.71935e-05	3.81472e-05	107.784
657.6028	9.824	6.55388512e-11	1.52589e-05	2.6703e-05	3.05178e-05	48.69
659.4099	9.828	6.55655364e-11	-1.04905e-05	1.52589e-05	2.28883e-05	132.798
661.0092	9.832	6.55922216e-11	-8.58313e-06	1.90736e-06	5.72208e-06	25.2
662.5799	9.836	6.56189068e-11	2.00273e-05	6.67575e-06	1.23978e-05	32.736
664.164	9.84	6.564559199999999e-11	-1.23978e-05	-1.62126e-05	2.00273e-05	-144.864
665.7093	9.844	6.567227719999999e-11	2.47956e-05	-1.43052e-05	2.86103e-05	-39.642
667.2786	9.848	6.56989624e-11	-1.43052e-05	9.5368e-06	1.90736e-05	154.29
668.8454	9.852	6.57256476e-11	3.05178e-05	3.43325e-05	4.38693e-05	45.0
670.4183	9.856	6.57523328e-11	2.76567e-05	2.28883e-05	3.33788e-05	44.172
672.235	9.86	6.577901799999999e-11	5.72208e-06	-1.81199e-05	1.71663e-05	-49.638
673.8171	9.864	6.58057032e-11	1.23978e-05	3.81473e-06	1.62126e-05	6.84
675.3576	9.868	6.58323884e-11	4.29156e-05	1.90736e-06	4.38693e-05	9.606
676.9194	9.872	6.58590736e-11	1.04905e-05	7.62945e-06	1.33515e-05	26.562
678.4887	9.876	6.58857588e-11	2.86104e-06	5.72208e-06	5.72208e-06	74.052
680.0728	9.88	6.5912444e-11	-2.86104e-06	8.58313e-06	9.5368e-06	139.764
681.6194	9.884	6.59391292e-11	-1.33515e-05	-2.9564e-05	3.05178e-05	-114.864
683.4434	9.888	6.59658144e-11	-2.28883e-05	-9.5368e-06	2.19346e-05	-159.678
684.9945	9.892	6.599249959999999e-11	2.00273e-05	-9.5368e-06	1.90736e-05	-38.046
686.5637	9.896	6.60191848e-11	0.0	7.62945e-06	7.62945e-06	116.562
688.1494	9.9	6.604587e-11	-2.76567e-05	-2.6703e-05	3.43325e-05	-129.372
689.7115	9.904	6.60725552e-11	2.28883e-05	3.52862e-05	4.19619e-05	63.036
691.5491	9.908	6.60992404e-11	1.90736e-06	-2.00273e-05	2.00273e-05	-62.592
693.1412	9.912	6.61259256e-11	8.58313e-06	1.23978e-05	1.52589e-05	71.568
694.6843	9.916	6.61526108e-11	-2.47956e-05	1.62126e-05	3.24252e-05	139.764
696.4892	9.92	6.617929599999999e-11	2.47956e-05	-4.29156e-05	4.76839e-05	-49.668
698.0755	9.924	6.620598119999999e-11	-9.5368e-06	-1.62126e-05	2.00273e-05	-96.912
699.6467	9.928	6.62326664e-11	2.6703e-05	-6.67575e-06	2.3842e-05	-12.726
701.2308	9.932	6.62593516e-11	3.24252e-05	2.0981e-05	4.10082e-05	27.798
702.7784	9.936	6.62860368e-11	-1.90736e-06	-1.81199e-05	1.71663e-05	-74.934
704.5998	9.94	6.6312722e-11	-1.43052e-05	1.23978e-05	1.90736e-05	145.788
706.1562	9.944	6.633940720000001e-11	2.86103e-05	-3.33788e-05	4.67303e-05	-38.904
707.7405	9.948	6.63660924e-11	1.62126e-05	6.67575e-06	1.71663e-05	46.548
709.3032	9.952	6.639277759999999e-11	1.71663e-05	-2.9564e-05	3.05178e-05	-74.406
710.8585	9.956	6.641946279999999e-11	-6.67575e-06	-1.81199e-05	1.62126e-05	-97.434
712.4188	9.96	6.6446148e-11	2.3842e-05	2.86103e-05	4.10082e-05	42.456
713.971	9.964	6.64728332e-11	9.5368e-06	-2.00273e-05	2.0981e-05	-65.856
715.7947	9.968	6.64995184e-11	1.04905e-05	7.62945e-06	1.33515e-05	66.798
717.3432	9.972	6.65262036e-11	5.72208e-06	3.43325e-05	3.43325e-05	84.51
718.9145	9.976	6.65528888e-11	2.86103e-05	-1.33515e-05	3.71935e-05	-22.482
720.4833	9.98	6.6579574e-11	-1.62126e-05	1.71663e-05	2.57493e-05	140.196
722.0348	9.984	6.66062592e-11	-1.81199e-05	1.23978e-05	1.71663e-05	139.896
723.8706	9.988	6.663294439999999e-11	-1.04905e-05	6.67575e-06	1.23978e-05	152.1
725.4227	9.992	6.66596296e-11	1.62126e-05	-4.7684e-06	1.81199e-05	-16.506
727.0038	9.996	6.66863148e-11	-7.62945e-06	-1.33515e-05	1.71663e-05	-133.452
728.5698	10.0	6.6713e-11	-5.3406e-05	-1.43052e-05	4.57766e-05	-159.024
730.1428	10.004	6.673968519999999e-11	-2.9564e-05	-1.04905e-05	3.24252e-05	-147.876
731.7186	10.008	6.676637039999999e-11	1.90736e-06	2.47956e-05	2.3842e-05	91.734
733.3087	10.012	6.67930556e-11	-2.86103e-05	-7.62945e-06	2.76567e-05	-171.672
734.8614	10.016	6.68197408e-11	9.5368e-06	-2.6703e-05	2.86103e-05	-52.35
736.6624	10.02	6.6846426e-11	5.72208e-06	5.72208e-06	8.58313e-06	50.712
738.2277	10.024	6.68731112e-11	2.86104e-06	-2.86104e-06	1.14442e-05	154.44
739.8003	10.028	6.68997964e-11	2.00273e-05	-2.19346e-05	2.9564e-05	-49.536
741.3594	10.032	6.692648159999999e-11	-1.90736e-06	1.90736e-06	2.86104e-06	105.948
742.9303	10.036	6.695316679999999e-11	-2.28883e-05	1.81199e-05	3.05178e-05	148.626
744.4997	10.04	6.697985199999999e-11	1.52589e-05	1.23978e-05	1.62126e-05	37.404
746.0655	10.044	6.70065372e-11	-3.62399e-05	1.33515e-05	3.81472e-05	161.262
747.8946	10.048	6.70332224e-11	-1.33515e-05	-4.7684e-06	1.33515e-05	180.0
749.4556	10.052	6.70599076e-11	-2.86103e-05	-2.47956e-05	3.81472e-05	-143.13
751.02	10.056	6.70865928e-11	-1.62126e-05	-1.33515e-05	2.6703e-05	-159.588
752.5929	10.06	6.7113278e-11	-2.86104e-06	3.81473e-06	4.7684e-06	60.948
754.1746	10.064	6.713996319999999e-11	-1.04905e-05	1.81199e-05	2.0981e-05	110.136
756.0262	10.068	6.716664839999999e-11	-1.43052e-05	9.5368e-06	1.90736e-05	157.83
757.5769	10.072	6.719333359999999e-11	1.23978e-05	0.0	7.62945e-06	6.342
759.1776	10.076	6.72200188e-11	-2.00273e-05	5.72208e-06	2.00273e-05	157.518
760.991	10.08	6.7246704e-11	1.23978e-05	1.23978e-05	1.81199e-05	41.82
762.5729	10.084	6.72733892e-11	-1.14442e-05	1.43052e-05	1.81199e-05	137.862
764.1162	10.088	6.73000744e-11	2.9564e-05	-5.72208e-06	2.47956e-05	-8.364
765.6852	10.092	6.73267596e-11	-9.5368e-06	-1.33515e-05	1.52589e-05	-135.0
767.2542	10.096	6.73534448e-11	1.04905e-05	-1.33515e-05	1.52589e-05	-57.096
769.0813	10.1	6.738012999999999e-11	-1.33515e-05	1.04905e-05	1.33515e-05	145.494
770.6455	10.104	6.740681519999999e-11	-2.86104e-06	1.71663e-05	2.19346e-05	97.308
772.2163	10.108	6.74335004e-11	-2.76567e-05	-5.72208e-06	2.6703e-05	-168.69
773.7609	10.112	6.74601856e-11	-4.48229e-05	4.67303e-05	6.10356e-05	129.156
775.3191	10.116	6.74868708e-11	9.53682e-07	-9.53682e-07	7.62945e-06	-28.074
776.8632	10.12	6.751355599999999e-11	7.62945e-06	1.71663e-05	2.0981e-05	68.196
778.4295	10.124	6.75402412e-11	-9.5368e-06	2.19346e-05	2.3842e-05	103.326
780.2515	10.128	6.75669264e-11	-1.14442e-05	-3.14715e-05	3.24252e-05	-111.804
781.8205	10.132	6.75936116e-11	1.43052e-05	0.0	1.33515e-05	-7.764
783.3872	10.136	6.762029679999999e-11	1.62126e-05	-1.14442e-05	1.90736e-05	-35.754
784.9556	10.14	6.7646982e-11	-9.53682e-07	-9.53682e-07	0.0	18.432
786.5202	10.144	6.76736672e-11	-2.0981e-05	1.33515e-05	2.28883e-05	144.864
788.3307	10.148	6.770035239999999e-11	-1.81199e-05	-1.14442e-05	1.90736e-05	-141.63
789.8988	10.152	6.772703759999999e-11	9.5368e-06	2.00273e-05	2.00273e-05	69.678
791.4934	10.156	6.77537228e-11	-2.0981e-05	2.86104e-06	1.43052e-05	165.258
793.3182	10.16	6.7780408e-11	1.23978e-05	2.76567e-05	3.14715e-05	67.56
794.8875	10.164	6.78070932e-11	1.23978e-05	-3.33788e-05	3.71935e-05	-71.262
796.4678	10.168	6.78337784e-11	1.90736e-06	2.19346e-05	2.19346e-05	67.248
798.0495	10.172	6.78604636e-11	-6.67575e-06	-1.04905e-05	1.04905e-05	-115.02
799.6206	10.176	6.788714879999999e-11	1.04905e-05	1.23978e-05	2.57493e-05	37.878
801.1691	10.18	6.791383399999999e-11	9.5368e-06	3.81473e-06	8.58313e-06	4.764
802.738	10.184	6.794051919999999e-11	4.7684e-06	-2.86104e-06	6.67575e-06	-39.288
804.3046	10.188	6.79672044e-11	-6.67575e-06	2.19346e-05	2.57493e-05	114.678
806.1244	10.192	6.79938896e-11	-9.5368e-06	-2.86104e-06	6.67575e-06	-164.748
807.7162	10.196	6.80205748e-11	1.04905e-05	-3.81473e-06	1.14442e-05	-36.252
809.2755	10.2	6.804726e-11	-1.71663e-05	1.90736e-06	1.71663e-05	164.934
810.878	10.204	6.807394520000001e-11	-2.86104e-06	-1.04905e-05	1.23978e-05	-109.29
812.6895	10.208	6.810063039999999e-11	2.3842e-05	0.0	2.19346e-05	-1.848
814.2512	10.212	6.812731559999999e-11	-9.53682e-07	-9.5368e-06	1.14442e-05	-135.0
815.8006	10.216	6.815400079999999e-11	5.72208e-06	-1.62126e-05	1.62126e-05	-63.438
817.3911	10.22	6.8180686e-11	1.62126e-05	2.28883e-05	2.76567e-05	47.046
818.9497	10.224	6.82073712e-11	-8.58313e-06	5.14986e-05	5.24523e-05	93.624
820.7596	10.228	6.82340564e-11	9.5368e-06	1.71663e-05	2.3842e-05	60.252
822.3295	10.232	6.82607416e-11	2.76567e-05	1.71663e-05	3.71935e-05	29.622
823.9111	10.236	6.82874268e-11	2.57493e-05	-7.62945e-06	2.28883e-05	-20.136
825.4794	10.24	6.8314112e-11	6.67575e-06	2.86104e-06	7.62945e-06	4.398
827.0447	10.244	6.83407972e-11	1.04905e-05	8.58313e-06	1.23978e-05	43.026
828.6147	10.248	6.836748239999999e-11	-9.53682e-07	-9.5368e-06	6.67575e-06	-99.462
830.193	10.252	6.83941676e-11	1.71663e-05	-9.5368e-06	2.28883e-05	-3.18
831.7479	10.256	6.84208528e-11	-4.7684e-06	-1.33515e-05	1.62126e-05	-114.774
833.5526	10.26	6.8447538e-11	1.52589e-05	1.33515e-05	1.71663e-05	45.0
835.1024	10.264	6.847422319999999e-11	9.53682e-07	-1.14442e-05	9.5368e-06	-71.568
836.6532	10.268	6.85009084e-11	3.71935e-05	-3.14715e-05	4.95913e-05	-38.538
838.2069	10.272	6.85275936e-11	1.52589e-05	4.38693e-05	4.67303e-05	72.072
839.7773	10.276	6.85542788e-11	-2.86104e-06	-6.67575e-06	5.72208e-06	-126.87
841.3411	10.28	6.8580964e-11	2.57493e-05	-1.71663e-05	2.9564e-05	-34.044
842.9203	10.284	6.86076492e-11	9.53682e-07	1.04905e-05	1.14442e-05	138.576
844.7513	10.288	6.86343344e-11	1.62126e-05	5.24523e-05	5.24523e-05	67.38
846.3154	10.292	6.866101959999999e-11	9.5368e-06	-1.33515e-05	1.43052e-05	-62.1
847.8828	10.296	6.868770479999999e-11	-4.7684e-06	-1.43052e-05	1.14442e-05	-101.31
849.4597	10.3	6.871439e-11	-2.28883e-05	-1.04905e-05	1.52589e-05	-119.358
851.0305	10.304	6.87410752e-11	2.76567e-05	4.7684e-06	2.86103e-05	7.944
852.8405	10.308	6.87677604e-11	-4.7684e-06	1.04905e-05	1.23978e-05	112.38
854.4097	10.312	6.87944456e-11	1.90736e-05	1.14442e-05	2.6703e-05	28.926
855.9735	10.316	6.88211308e-11	6.67575e-06	5.72208e-06	8.58313e-06	71.568
857.54	10.32	6.884781599999999e-11	1.52589e-05	3.33788e-05	3.62399e-05	74.196
859.105	10.324	6.887450119999999e-11	-4.7684e-06	-1.71663e-05	1.52589e-05	-104.034
860.926	10.328	6.890118639999999e-11	-9.5368e-06	2.19346e-05	2.19346e-05	107.244
862.4804	10.332	6.89278716e-11	-3.52862e-05	5.72207e-05	6.5804e-05	116.052
864.0496	10.336	6.89545568e-11	-4.7684e-06	1.90736e-05	1.90736e-05	95.904
865.8556	10.34	6.8981242e-11	-5.72208e-06	1.90736e-05	2.0981e-05	101.976
867.4191	10.344	6.90079272e-11	5.72208e-06	2.19346e-05	2.3842e-05	71.568
869.0091	10.348	6.90346124e-11	-2.3842e-05	2.86104e-06	2.47956e-05	-177.066
870.6003	10.352	6.90612976e-11	1.90736e-06	-7.62945e-06	1.04905e-05	-78.114
872.1917	10.356	6.908798279999999e-11	-1.90736e-05	6.67575e-06	1.62126e-05	139.896
873.9936	10.36	6.911466799999999e-11	-2.19346e-05	0.0	1.71663e-05	177.708
875.5815	10.364	6.91413532e-11	-2.00273e-05	-1.71663e-05	2.19346e-05	-133.602
877.1596	10.368	6.91680384e-11	7.62945e-06	-3.81473e-06	8.58313e-06	-78.114
878.7409	10.372	6.91947236e-11	-1.33515e-05	8.58313e-06	1.62126e-05	168.69
880.2922	10.376	6.92214088e-11	-2.28883e-05	-9.5368e-06	2.28883e-05	-163.812
881.8992	10.38	6.9248094e-11	-2.28883e-05	6.67575e-06	1.52589e-05	139.086
883.4812	10.384	6.92747792e-11	-3.81473e-06	1.33515e-05	1.43052e-05	105.948
885.3036	10.388	6.93014644e-11	1.23978e-05	-1.71663e-05	1.90736e-05	-38.994
886.8696	10.392	6.932814959999999e-11	2.86104e-06	1.23978e-05	1.23978e-05	47.292
888.4333	10.396	6.93548348e-11	0.0	-1.14442e-05	1.14442e-05	-93.012
890.0139	10.4	6.938152e-11	8.58313e-06	-1.62126e-05	1.90736e-05	-45.0
891.6144	10.404	6.94082052e-11	1.52589e-05	3.91009e-05	4.00546e-05	63.888
893.425	10.408	6.943489039999999e-11	-2.00273e-05	-3.33788e-05	4.00546e-05	-119.406
895.0118	10.412	6.94615756e-11	-1.14442e-05	-9.53682e-07	1.14442e-05	-167.472
896.5631	10.416	6.94882608e-11	-6.67575e-06	-1.81199e-05	1.62126e-05	-72.252
898.3657	10.42	6.9514946e-11	-1.14442e-05	1.71663e-05	2.00273e-05	119.982
899.9351	10.424	6.95416312e-11	1.90736e-06	-2.28883e-05	2.19346e-05	-85.098
901.5028	10.428	6.95683164e-11	1.90736e-06	-9.5368e-06	6.67575e-06	-18.432
903.087	10.432	6.95950016e-11	-4.7684e-06	-1.90736e-05	1.52589e-05	-72.348
904.6495	10.436	6.962168679999999e-11	9.5368e-06	0.0	8.58313e-06	-42.276
906.4889	10.44	6.964837199999999e-11	-3.05178e-05	2.00273e-05	3.91009e-05	148.092
908.0518	10.444	6.96750572e-11	-3.24252e-05	2.9564e-05	4.57766e-05	139.668
909.6752	10.448	6.97017424e-11	-3.33788e-05	-6.67575e-06	3.14715e-05	-171.162
911.2249	10.452	6.97284276e-11	0.0	-1.33515e-05	1.33515e-05	-81.87
912.7886	10.456	6.97551128e-11	4.7684e-06	2.86103e-05	3.14715e-05	54.726
914.3528	10.46	6.978179800000001e-11	-4.7684e-06	-4.7684e-06	5.72208e-06	-68.196
915.9565	10.464	6.980848319999999e-11	1.52589e-05	-8.58313e-06	1.43052e-05	-40.914
917.7627	10.468	6.983516839999999e-11	6.67575e-06	-1.14442e-05	1.52589e-05	-41.988
919.341	10.472	6.986185359999999e-11	-1.14442e-05	-2.86104e-06	5.72208e-06	171.87
920.8982	10.476	6.98885388e-11	6.67575e-06	6.67575e-06	1.04905e-05	38.16
922.4644	10.48	6.9915224e-11	-7.62945e-06	-5.72208e-06	1.14442e-05	-130.914
924.0322	10.484	6.99419092e-11	1.62126e-05	-4.7684e-06	1.23978e-05	-22.38
925.8584	10.488	6.99685944e-11	9.5368e-06	-7.62945e-06	6.67575e-06	-39.804
927.4343	10.492	6.99952796e-11	-4.7684e-06	-6.67575e-06	8.58313e-06	-77.472
929.015	10.496	7.00219648e-11	-3.62399e-05	-4.7684e-06	2.76567e-05	-174.144
930.8792	10.5	7.004865e-11	8.58313e-06	-9.53682e-07	1.14442e-05	-24.228
932.4396	10.504	7.007533519999999e-11	5.72208e-06	-2.00273e-05	2.0981e-05	-52.764
934.0077	10.508	7.010202039999999e-11	5.53133e-05	2.28883e-05	5.9128e-05	20.256
935.5771	10.512	7.01287056e-11	-9.5368e-06	-2.00273e-05	2.19346e-05	-113.43
937.1623	10.516	7.01553908e-11	-2.86104e-06	1.90736e-06	1.04905e-05	139.086
938.987	10.52	7.018207599999999e-11	2.19346e-05	-4.19619e-05	4.48229e-05	-68.52
940.5464	10.524	7.020876119999999e-11	-7.62945e-06	-5.72208e-06	9.5368e-06	-147.264
942.0984	10.528	7.02354464e-11	2.19346e-05	0.0	2.6703e-05	-1.302
943.7025	10.532	7.02621316e-11	-1.04905e-05	-9.5368e-06	1.14442e-05	-148.392
945.2641	10.536	7.02888168e-11	-1.43052e-05	8.58313e-06	1.71663e-05	128.994
946.8498	10.54	7.031550199999998e-11	-1.04905e-05	8.58313e-06	1.43052e-05	138.576
948.416	10.544	7.03421872e-11	2.0981e-05	1.23978e-05	1.81199e-05	70.2
950.2383	10.548	7.03688724e-11	-1.14442e-05	1.90736e-05	2.28883e-05	136.17
951.7948	10.552	7.039555759999999e-11	2.57493e-05	-4.48229e-05	5.0545e-05	-58.392
953.3566	10.556	7.042224279999999e-11	2.3842e-05	-9.5368e-06	2.57493e-05	-13.668
954.9258	10.56	7.0448928e-11	-1.62126e-05	-1.90736e-05	2.19346e-05	-143.844
956.5132	10.564	7.04756132e-11	-2.86104e-06	1.81199e-05	1.71663e-05	79.692
958.3185	10.568	7.05022984e-11	-2.47956e-05	-3.24252e-05	3.62399e-05	-119.874
959.8815	10.572	7.05289836e-11	1.90736e-06	1.23978e-05	1.43052e-05	101.766
961.4512	10.576	7.05556688e-11	-9.53682e-07	-3.62399e-05	3.52862e-05	-99.462
963.2901	10.58	7.058235399999999e-11	5.72208e-06	-1.81199e-05	2.28883e-05	-60.57
964.8671	10.584	7.060903919999999e-11	1.23978e-05	2.86104e-06	8.58313e-06	15.252
966.4439	10.588	7.063572439999999e-11	-2.47956e-05	1.23978e-05	2.9564e-05	156.3
968.0177	10.592	7.06624096e-11	-6.67575e-06	-1.33515e-05	1.04905e-05	-114.444
969.5931	10.596	7.06890948e-11	3.81473e-06	-1.81199e-05	1.90736e-05	-67.518
971.4127	10.6	7.071578e-11	9.5368e-06	-1.14442e-05	1.90736e-05	-32.196
972.9941	10.604	7.07424652e-11	-9.5368e-06	1.52589e-05	1.23978e-05	142.434
974.5615	10.608	7.07691504e-11	-4.00546e-05	1.04905e-05	4.19619e-05	163.302
976.1494	10.612	7.079583559999999e-11	-9.5368e-06	-1.52589e-05	1.90736e-05	-125.136
977.7005	10.616	7.082252079999999e-11	2.86104e-06	2.57493e-05	2.76567e-05	71.964
979.2615	10.62	7.084920599999999e-11	2.86104e-06	3.71935e-05	3.62399e-05	84.612
980.8102	10.624	7.08758912e-11	-9.5368e-06	-4.7684e-06	1.33515e-05	-163.074
982.6345	10.628	7.09025764e-11	1.04905e-05	7.62945e-06	1.14442e-05	45.0
984.2098	10.632	7.09292616e-11	1.04905e-05	-2.86104e-06	1.71663e-05	-1.848
985.7529	10.636	7.095594679999999e-11	-2.9564e-05	-3.81473e-06	2.86103e-05	180.0
987.3435	10.64	7.0982632e-11	3.05178e-05	2.00273e-05	4.19619e-05	30.258
988.905	10.644	7.10093172e-11	1.52589e-05	8.58313e-06	2.47956e-05	30.258
990.7314	10.648	7.10360024e-11	-1.14442e-05	-4.10082e-05	4.38693e-05	-112.752
992.2763	10.652	7.106268759999999e-11	2.76567e-05	-7.62945e-06	2.3842e-05	-21.162
993.8594	10.656	7.10893728e-11	9.5368e-06	1.71663e-05	1.90736e-05	55.716
995.6831	10.66	7.1116058e-11	-1.04905e-05	-7.62945e-06	1.23978e-05	-135.0
997.2716	10.664	7.114274319999999e-11	-2.76567e-05	-2.9564e-05	3.91009e-05	-130.29
998.8364	10.668	7.116942839999999e-11	-2.9564e-05	-2.86104e-06	2.6703e-05	-177.21
1000.4241	10.672	7.11961136e-11	9.53682e-07	2.86104e-06	2.86104e-06	21.804
1001.9997	10.676	7.12227988e-11	1.90736e-06	9.5368e-06	9.5368e-06	100.008
1003.8113	10.68	7.1249484e-11	3.05178e-05	5.43597e-05	6.19893e-05	59.79
1005.375	10.684	7.12761692e-11	4.48229e-05	-2.6703e-05	5.14986e-05	-27.9
1006.9263	10.688	7.13028544e-11	-3.62399e-05	1.04905e-05	4.48229e-05	169.476
1008.5066	10.692	7.132953959999999e-11	-2.47956e-05	-2.86104e-06	2.28883e-05	180.0
1010.0803	10.696	7.135622479999999e-11	-7.62945e-06	-1.04905e-05	8.58313e-06	-123.69
1011.643	10.7	7.138290999999999e-11	1.52589e-05	-2.9564e-05	3.14715e-05	-57.342
1013.2095	10.704	7.14095952e-11	4.10082e-05	1.04905e-05	4.19619e-05	11.844
1015.0556	10.708	7.14362804e-11	-2.3842e-05	-3.52862e-05	3.81472e-05	-125.79
1016.6172	10.712	7.14629656e-11	2.00273e-05	2.28883e-05	2.86103e-05	49.842
1018.1688	10.716	7.14896508e-11	1.90736e-05	-1.33515e-05	2.0981e-05	-32.622
1019.7359	10.72	7.151633600000001e-11	1.62126e-05	-1.90736e-05	2.86103e-05	-39.642
1021.3024	10.724	7.154302119999999e-11	-1.33515e-05	-1.33515e-05	1.04905e-05	-140.712
1023.1302	10.728	7.156970639999999e-11	3.81473e-06	2.3842e-05	1.90736e-05	74.358
1024.6939	10.732	7.159639159999999e-11	8.58313e-06	-1.14442e-05	1.43052e-05	-39.474
1026.2777	10.736	7.16230768e-11	-1.90736e-06	-4.7684e-06	4.7684e-06	180.0
1028.1217	10.74	7.1649762e-11	3.24252e-05	-9.53682e-07	3.81472e-05	2.862
1029.6643	10.744	7.16764472e-11	-2.19346e-05	-8.58313e-06	2.19346e-05	-164.292
1031.2366	10.748	7.17031324e-11	2.19346e-05	1.71663e-05	3.14715e-05	35.274
1032.8018	10.752	7.17298176e-11	0.0	2.0981e-05	2.00273e-05	86.31
1034.402	10.756	7.17565028e-11	-3.71935e-05	-9.5368e-06	3.71935e-05	-162.822
1035.9497	10.76	7.178318799999999e-11	-1.90736e-06	5.9128e-05	6.00817e-05	91.89
1037.5206	10.764	7.180987319999999e-11	0.0	2.00273e-05	2.57493e-05	132.276
1039.0856	10.768	7.18365584e-11	-1.33515e-05	-3.81473e-06	3.81473e-06	120.966
1040.6673	10.772	7.18632436e-11	1.43052e-05	2.76567e-05	3.05178e-05	66.798
1042.2203	10.776	7.18899288e-11	-1.90736e-05	0.0	1.71663e-05	-175.602
1043.8054	10.78	7.191661399999999e-11	2.3842e-05	1.90736e-06	2.3842e-05	1.548
1045.3706	10.784	7.19432992e-11	1.04905e-05	-2.6703e-05	2.76567e-05	-60.42
1047.1992	10.788	7.19699844e-11	2.86104e-06	-2.00273e-05	1.90736e-05	-107.244
1048.7629	10.792	7.19966696e-11	4.00546e-05	3.33788e-05	4.95913e-05	42.168
1050.3435	10.796	7.20233548e-11	7.62945e-06	-2.47956e-05	2.57493e-05	-72.552
1051.9236	10.8	7.205004e-11	-5.6267e-05	-1.04905e-05	4.38693e-05	-173.346
1053.4957	10.804	7.20767252e-11	-3.14715e-05	3.81473e-06	2.86103e-05	167.004
1055.0639	10.808	7.210341039999999e-11	-1.14442e-05	1.71663e-05	1.52589e-05	115.344
1056.6655	10.812	7.213009559999999e-11	-9.5368e-06	-6.67575e-06	9.5368e-06	-131.988
1058.2398	10.816	7.21567808e-11	2.3842e-05	3.24252e-05	3.71935e-05	55.716
1059.8099	10.82	7.2183466e-11	1.52589e-05	6.67575e-06	1.90736e-05	10.956
1061.3916	10.824	7.22101512e-11	-3.81472e-05	-7.62945e-06	3.71935e-05	-166.464
1063.2188	10.828	7.22368364e-11	1.14442e-05	8.58313e-06	1.23978e-05	26.562
1064.8031	10.832	7.22635216e-11	-8.58313e-06	-2.19346e-05	2.00273e-05	-82.146
1066.3558	10.836	7.229020679999999e-11	1.62126e-05	-2.86104e-06	1.14442e-05	-3.816
1067.9481	10.84	7.231689199999999e-11	-4.7684e-06	9.53682e-07	7.62945e-06	-172.404
1069.5186	10.844	7.234357719999999e-11	1.62126e-05	-1.04905e-05	1.04905e-05	-41.184
1071.1041	10.848	7.23702624e-11	5.72208e-06	-1.04905e-05	1.52589e-05	-6.582
1072.6572	10.852	7.23969476e-11	2.9564e-05	-7.62945e-06	3.05178e-05	-10.842
1074.2202	10.856	7.24236328e-11	3.14715e-05	2.86104e-06	3.14715e-05	8.472
1076.03	10.86	7.2450318e-11	2.6703e-05	5.72208e-06	3.43325e-05	3.066
1077.5922	10.864	7.247700320000001e-11	-3.81473e-06	4.10082e-05	4.38693e-05	96.612
1079.159	10.868	7.25036884e-11	1.62126e-05	-1.62126e-05	2.19346e-05	-43.782
1080.7154	10.872	7.253037359999999e-11	0.0	1.90736e-05	2.19346e-05	88.452
1082.2762	10.876	7.255705879999999e-11	-2.86103e-05	-2.9564e-05	4.19619e-05	-136.848
1083.8337	10.88	7.2583744e-11	-1.23978e-05	-1.33515e-05	1.71663e-05	-126.468
1085.4337	10.884	7.26104292e-11	-5.3406e-05	-6.67575e-06	5.14986e-05	175.488
1087.2664	10.888	7.26371144e-11	7.62945e-06	1.04905e-05	1.52589e-05	22.248
1088.8543	10.892	7.26637996e-11	-3.33788e-05	2.6703e-05	4.48229e-05	138.432
1090.4177	10.896	7.26904848e-11	-4.57766e-05	-2.6703e-05	4.38693e-05	-135.642
1091.9981	10.9	7.271717e-11	5.72208e-06	-1.04905e-05	1.43052e-05	-60.252
1093.5694	10.904	7.27438552e-11	2.0981e-05	1.90736e-06	2.19346e-05	-1.848
1095.4047	10.908	7.277054039999999e-11	-1.90736e-06	-3.81473e-06	8.58313e-06	176.634
1096.9774	10.912	7.27972256e-11	2.00273e-05	-3.14715e-05	3.52862e-05	-47.292
1098.56	10.916	7.28239108e-11	-2.6703e-05	8.58313e-06	2.28883e-05	159.864
1100.1408	10.92	7.2850596e-11	-1.33515e-05	1.52589e-05	1.81199e-05	136.47
1101.7282	10.924	7.287728119999999e-11	-1.81199e-05	-5.72208e-06	1.71663e-05	-157.38
1103.2876	10.928	7.29039664e-11	9.5368e-06	-1.81199e-05	1.81199e-05	-57.528
1104.8894	10.932	7.29306516e-11	5.81744e-05	-1.81199e-05	5.9128e-05	-6.042
1106.4411	10.936	7.29573368e-11	1.33515e-05	1.90736e-05	2.19346e-05	66.036
1108.2679	10.94	7.2984022e-11	-3.81473e-06	-2.0981e-05	2.47956e-05	-66.45
1109.8114	10.944	7.30107072e-11	-9.53682e-07	5.72208e-06	5.72208e-06	35.538
1111.3781	10.948	7.30373924e-11	1.14442e-05	1.23978e-05	2.00273e-05	32.736
1112.9703	10.952	7.306407759999999e-11	2.86103e-05	-7.62945e-06	2.6703e-05	-32.154
1114.5368	10.956	7.309076279999999e-11	5.72208e-06	4.7684e-06	9.5368e-06	11.31
1116.1178	10.96	7.3117448e-11	4.19619e-05	-8.58313e-06	4.38693e-05	-13.188
1117.6836	10.964	7.31441332e-11	2.6703e-05	1.23978e-05	3.14715e-05	22.89
1119.5217	10.968	7.31708184e-11	-3.14715e-05	-1.90736e-06	2.9564e-05	178.698
1121.0894	10.972	7.31975036e-11	2.3842e-05	2.3842e-05	3.81472e-05	30.324
1122.6611	10.976	7.322418880000001e-11	-2.28883e-05	5.72208e-06	1.81199e-05	160.2
1124.2245	10.98	7.325087399999999e-11	2.3842e-05	-3.81472e-05	4.38693e-05	-65.346
1125.7912	10.984	7.327755919999999e-11	5.72208e-06	-2.6703e-05	2.57493e-05	-75.966
1127.338	10.988	7.330424439999999e-11	1.04905e-05	1.90736e-05	2.28883e-05	45.0
1128.9414	10.992	7.33309296e-11	-1.81199e-05	5.72208e-06	1.62126e-05	149.934
1130.4968	10.996	7.33576148e-11	-5.72208e-06	-2.00273e-05	1.81199e-05	-110.556
1132.3129	11.0	7.33843e-11	-4.7684e-06	1.23978e-05	1.43052e-05	129.474
1133.8823	11.004	7.34109852e-11	3.91009e-05	3.33788e-05	5.0545e-05	46.608
1135.4613	11.008	7.343767039999999e-11	-1.71663e-05	1.52589e-05	1.52589e-05	124.506
1137.0327	11.012	7.34643556e-11	8.58313e-06	0.0	1.04905e-05	-3.366
1138.5815	11.016	7.34910408e-11	-8.58313e-06	-1.14442e-05	8.58313e-06	-77.472
1140.4107	11.02	7.351772599999999e-11	1.71663e-05	6.67575e-06	1.90736e-05	20.322
1141.9541	11.024	7.354441119999999e-11	-9.53682e-07	-4.7684e-06	5.72208e-06	-33.69
1143.5377	11.028	7.35710964e-11	1.04905e-05	-4.7684e-06	4.7684e-06	11.31
1145.1094	11.032	7.35977816e-11	-4.7684e-06	1.43052e-05	1.52589e-05	82.566
1146.6749	11.036	7.36244668e-11	-1.43052e-05	1.23978e-05	1.71663e-05	123.69
1148.2578	11.04	7.365115199999999e-11	1.62126e-05	2.57493e-05	3.33788e-05	52.908
1149.8449	11.044	7.36778372e-11	-3.62399e-05	-2.00273e-05	3.91009e-05	-153.888
1151.4378	11.048	7.37045224e-11	-1.33515e-05	-3.43325e-05	3.52862e-05	-105.156
1153.0068	11.052	7.37312076e-11	0.0	-1.04905e-05	8.58313e-06	-118.608
1154.5872	11.056	7.375789279999998e-11	1.52589e-05	-3.81473e-06	1.71663e-05	-12.996
1156.1602	11.06	7.3784578e-11	5.72208e-06	1.23978e-05	1.71663e-05	53.532
1157.7454	11.064	7.38112632e-11	1.23978e-05	6.67575e-06	1.33515e-05	46.848
1159.311	11.068	7.383794839999999e-11	2.47956e-05	1.62126e-05	2.47956e-05	29.538
1160.8885	11.072	7.386463359999999e-11	3.81473e-06	1.04905e-05	1.23978e-05	40.914
1162.4923	11.076	7.38913188e-11	-1.33515e-05	1.33515e-05	2.19346e-05	121.506
1164.3158	11.08	7.3918004e-11	-2.86104e-06	-1.14442e-05	1.04905e-05	-49.764
1165.9001	11.084	7.39446892e-11	8.58313e-06	8.58313e-06	1.23978e-05	92.862
1167.445	11.088	7.39713744e-11	2.28883e-05	0.0	2.3842e-05	-1.506
1169.0132	11.092	7.39980596e-11	1.14442e-05	-4.67303e-05	4.86376e-05	-74.052
1170.5834	11.096	7.402474479999999e-11	6.67575e-06	-2.28883e-05	2.57493e-05	-94.086
1172.4245	11.1	7.405142999999999e-11	2.3842e-05	1.52589e-05	3.52862e-05	32.004
1173.9681	11.104	7.407811519999999e-11	3.81473e-06	-1.23978e-05	1.23978e-05	-67.164
1175.5669	11.108	7.41048004e-11	1.23978e-05	-6.67575e-06	8.58313e-06	-28.608
1177.1409	11.112	7.41314856e-11	-9.53682e-07	-2.47956e-05	2.28883e-05	-67.248
1178.7224	11.116	7.41581708e-11	-3.81473e-06	1.90736e-06	5.72208e-06	156.036
1180.2718	11.12	7.4184856e-11	-2.00273e-05	-1.90736e-06	1.71663e-05	161.568
1181.8405	11.124	7.42115412e-11	-2.3842e-05	0.0	1.90736e-05	-170.91
1183.6614	11.128	7.423822639999999e-11	2.6703e-05	1.90736e-05	3.14715e-05	35.394
1185.2318	11.132	7.426491159999999e-11	0.0	-9.5368e-06	8.58313e-06	-95.196
1186.7802	11.136	7.429159679999999e-11	8.58313e-06	2.0981e-05	2.3842e-05	71.076
1188.3817	11.14	7.4318282e-11	1.52589e-05	2.86104e-06	1.52589e-05	45.0
1189.9454	11.144	7.43449672e-11	3.81473e-06	-2.3842e-05	2.19346e-05	-65.856
1191.7901	11.148	7.43716524e-11	0.0	-6.67575e-06	9.5368e-06	-135.0
1193.3348	11.152	7.439833759999999e-11	1.33515e-05	-2.28883e-05	2.9564e-05	-60.396
1194.9217	11.156	7.44250228e-11	-5.72208e-06	-2.86104e-06	1.90736e-06	-108.432
1196.5083	11.16	7.4451708e-11	3.81473e-06	3.81473e-06	9.5368e-06	21.804
1198.0896	11.164	7.447839319999999e-11	4.10082e-05	1.62126e-05	3.91009e-05	23.862
1199.6515	11.168	7.450507839999999e-11	-1.04905e-05	1.04905e-05	1.81199e-05	143.13
1201.2389	11.172	7.45317636e-11	-1.33515e-05	3.81473e-06	7.62945e-06	180.0
1202.837	11.176	7.45584488e-11	9.5368e-06	-1.04905e-05	1.23978e-05	-59.034
1204.6465	11.18	7.458513399999999e-11	2.3842e-05	-1.33515e-05	2.76567e-05	-21.036
1206.2281	11.184	7.461181919999999e-11	1.52589e-05	-1.04905e-05	1.23978e-05	-40.236
1207.8078	11.188	7.46385044e-11	5.14986e-05	3.81473e-06	6.19893e-05	2.808
1209.3648	11.192	7.46651896e-11	2.86103e-05	2.9564e-05	4.19619e-05	45.0
1210.9407	11.196	7.46918748e-11	6.67575e-06	3.33788e-05	3.33788e-05	81.87
1212.5107	11.2	7.471856e-11	-2.6703e-05	-1.90736e-06	2.19346e-05	-172.65
1214.089	11.204	7.47452452e-11	0.0	1.52589e-05	1.23978e-05	111.804
1215.9296	11.208	7.47719304e-11	-1.04905e-05	-6.67575e-06	1.33515e-05	-115.56
1217.5354	11.212	7.479861559999999e-11	6.67575e-06	-4.57766e-05	4.38693e-05	-89.106
1219.0985	11.216	7.482530079999999e-11	-2.00273e-05	-7.62945e-06	2.00273e-05	-150.948
1220.6791	11.22	7.4851986e-11	-2.47956e-05	-2.28883e-05	2.76567e-05	-125.136
1222.2783	11.224	7.48786712e-11	1.90736e-05	3.81473e-06	2.19346e-05	0.0
1224.1	11.228	7.49053564e-11	-1.90736e-06	-1.04905e-05	8.58313e-06	-81.252
1225.7066	11.232	7.49320416e-11	3.52862e-05	-4.7684e-06	2.76567e-05	-19.98
1227.2509	11.236	7.49587268e-11	2.6703e-05	-9.53682e-07	3.05178e-05	-1.146
1228.8218	11.24	7.498541199999999e-11	-2.47956e-05	-1.43052e-05	3.24252e-05	-160.494
1230.3886	11.244	7.501209719999999e-11	-9.53682e-07	-3.81473e-06	1.90736e-06	146.31
1231.9566	11.248	7.503878239999999e-11	5.24523e-05	1.33515e-05	5.24523e-05	20.046
1233.5222	11.252	7.50654676e-11	-2.0981e-05	1.23978e-05	2.19346e-05	139.968
1235.1239	11.256	7.50921528e-11	1.04905e-05	1.04905e-05	1.81199e-05	23.964
1236.6741	11.26	7.5118838e-11	-4.19619e-05	-1.43052e-05	4.48229e-05	-168.858
1238.2597	11.264	7.51455232e-11	1.23978e-05	-4.7684e-06	1.14442e-05	-42.708
1239.8052	11.268	7.51722084e-11	-1.90736e-06	-8.58313e-06	8.58313e-06	-109.656
1241.3595	11.272	7.51988936e-11	-1.14442e-05	-2.0981e-05	2.0981e-05	-109.026
1242.9401	11.276	7.522557879999999e-11	-3.81473e-06	2.3842e-05	2.57493e-05	105.75
1244.5071	11.28	7.525226399999999e-11	0.0	5.72208e-06	2.86104e-06	180.0
1246.0796	11.284	7.52789492e-11	2.3842e-05	-1.81199e-05	2.28883e-05	-41.01
1247.6442	11.288	7.53056344e-11	1.43052e-05	-4.10082e-05	4.00546e-05	-83.118
1249.2091	11.292	7.53323196e-11	1.23978e-05	5.72208e-06	1.33515e-05	30.066
1250.7588	11.296	7.535900479999999e-11	1.23978e-05	-3.14715e-05	3.33788e-05	-66.948
1252.3414	11.3	7.538569e-11	3.81473e-06	1.04905e-05	1.04905e-05	31.608
1253.9114	11.304	7.54123752e-11	-3.43325e-05	-1.33515e-05	3.81472e-05	-158.748
1255.73	11.308	7.54390604e-11	4.19619e-05	-4.7684e-06	4.95913e-05	-10.572
1257.3141	11.312	7.546574559999999e-11	-1.71663e-05	-3.81472e-05	4.48229e-05	-116.898
1258.8856	11.316	7.54924308e-11	1.14442e-05	-2.86104e-06	1.43052e-05	-16.926
1260.4838	11.32	7.5519116e-11	2.6703e-05	1.52589e-05	2.57493e-05	43.92
1262.039	11.324	7.554580119999999e-11	3.52862e-05	6.67575e-06	3.52862e-05	14.856
1263.8728	11.328	7.557248639999999e-11	4.57766e-05	-3.81473e-06	5.0545e-05	-3.666
1265.4411	11.332	7.55991716e-11	-4.7684e-06	-5.72208e-06	6.67575e-06	-147.528
1267.0192	11.336	7.56258568e-11	2.00273e-05	1.90736e-05	2.76567e-05	43.092
1268.8826	11.34	7.5652542e-11	2.47956e-05	-1.14442e-05	2.86103e-05	-21.318
1270.4595	11.344	7.56792272e-11	8.58313e-06	-1.62126e-05	2.0981e-05	-60.642
1272.0594	11.348	7.57059124e-11	3.81473e-06	-5.72208e-06	5.72208e-06	-108.432
1273.6103	11.352	7.57325976e-11	1.62126e-05	-2.3842e-05	2.76567e-05	-59.742
1275.1636	11.356	7.575928279999999e-11	-2.00273e-05	-1.14442e-05	1.90736e-05	-160.2
1276.9833	11.36	7.578596799999999e-11	2.9564e-05	1.04905e-05	3.05178e-05	31.188
1278.5674	11.364	7.58126532e-11	-1.14442e-05	5.72208e-06	1.23978e-05	171.87
1280.1164	11.368	7.58393384e-11	-2.47956e-05	1.90736e-06	2.3842e-05	175.098
1281.6849	11.372	7.58660236e-11	-3.81473e-06	-2.19346e-05	2.28883e-05	-91.548
1283.2596	11.376	7.58927088e-11	-3.62399e-05	-1.33515e-05	3.14715e-05	-156.972
1284.8025	11.38	7.591939400000001e-11	1.81199e-05	-9.5368e-06	2.19346e-05	-33.234
1286.4016	11.384	7.594607919999999e-11	-1.43052e-05	-2.19346e-05	2.57493e-05	-143.43
1288.2484	11.388	7.597276439999999e-11	1.90736e-05	1.04905e-05	2.47956e-05	36.87
1289.8309	11.392	7.599944959999999e-11	-2.47956e-05	0.0	3.05178e-05	-178.878
1291.3937	11.396	7.60261348e-11	0.0	-4.67303e-05	4.38693e-05	-81.468
1292.9615	11.4	7.605282e-11	5.72208e-06	-3.43325e-05	3.05178e-05	-74.982
1294.5291	11.404	7.60795052e-11	2.0981e-05	6.67575e-06	2.6703e-05	14.352
1296.3666	11.408	7.61061904e-11	2.00273e-05	-1.90736e-06	2.00273e-05	-1.974
1297.938	11.412	7.61328756e-11	-9.53682e-07	-1.90736e-05	1.71663e-05	-90.0
1299.5153	11.416	7.61595608e-11	2.86104e-06	-2.00273e-05	2.57493e-05	-69.444
1301.3209	11.42	7.6186246e-11	-9.5368e-06	3.05178e-05	3.05178e-05	86.346
1302.9127	11.424	7.621293119999999e-11	-3.81473e-06	-7.62945e-06	1.33515e-05	-146.31
1304.4761	11.428	7.62396164e-11	3.91009e-05	4.48229e-05	6.2943e-05	52.782
1306.0411	11.432	7.62663016e-11	3.81473e-06	-1.14442e-05	1.23978e-05	-92.49
1307.6091	11.436	7.62929868e-11	2.57493e-05	-4.7684e-06	3.05178e-05	-11.766
1309.1764	11.44	7.631967199999999e-11	-6.67575e-06	1.04905e-05	1.23978e-05	117.9
1310.7548	11.444	7.63463572e-11	1.33515e-05	-9.53682e-07	1.62126e-05	-6.342
1312.3465	11.448	7.63730424e-11	4.38693e-05	1.04905e-05	4.48229e-05	11.976
1313.9303	11.452	7.63997276e-11	-1.81199e-05	-9.5368e-06	1.90736e-05	163.302
1315.5107	11.456	7.64264128e-11	2.9564e-05	-1.33515e-05	3.71935e-05	-17.472
1317.0649	11.46	7.6453098e-11	0.0	-2.6703e-05	2.57493e-05	-94.086
1318.6476	11.464	7.64797832e-11	-3.81473e-06	1.04905e-05	1.33515e-05	144.162
1320.4638	11.468	7.650646839999999e-11	-9.5368e-06	2.57493e-05	2.6703e-05	104.034
1322.0341	11.472	7.653315359999999e-11	4.29156e-05	5.72208e-06	4.19619e-05	4.464
1323.6199	11.476	7.65598388e-11	-9.5368e-06	-3.71935e-05	3.81472e-05	-101.31
1325.186	11.48	7.6586524e-11	0.0	1.43052e-05	1.71663e-05	88.026
1326.7512	11.484	7.66132092e-11	4.7684e-06	3.24252e-05	3.24252e-05	86.496
1328.5616	11.488	7.66398944e-11	6.67575e-06	1.23978e-05	1.71663e-05	42.138
1330.1134	11.492	7.666657960000001e-11	1.90736e-06	2.86103e-05	2.76567e-05	84.426
1331.6794	11.496	7.669326479999999e-11	5.72208e-06	3.24252e-05	3.52862e-05	72.216
1333.2637	11.5	7.671994999999999e-11	1.90736e-05	3.81473e-06	1.14442e-05	68.964
1334.8392	11.504	7.674663519999999e-11	1.90736e-05	6.67575e-06	1.71663e-05	21.372
1336.4294	11.508	7.677332039999999e-11	-1.14442e-05	-1.04905e-05	1.33515e-05	-119.052
1337.9931	11.512	7.68000056e-11	-1.14442e-05	5.72208e-06	5.72208e-06	101.31
1339.5773	11.516	7.68266908e-11	1.81199e-05	-1.43052e-05	2.00273e-05	-42.276
1341.3797	11.52	7.6853376e-11	-4.19619e-05	1.14442e-05	3.62399e-05	161.568
1342.9682	11.524	7.68800612e-11	2.9564e-05	-2.0981e-05	4.00546e-05	-30.192
1344.5195	11.528	7.69067464e-11	2.86103e-05	-7.62945e-06	3.05178e-05	-20.28
1346.0965	11.532	7.693343159999999e-11	-7.62945e-06	-1.14442e-05	1.23978e-05	-135.0
1347.6685	11.536	7.696011679999999e-11	-1.71663e-05	2.19346e-05	2.86103e-05	137.814
1349.2705	11.54	7.698680199999999e-11	3.81473e-06	-6.67575e-06	1.23978e-05	-25.464
1350.8463	11.544	7.70134872e-11	-4.7684e-06	0.0	3.81473e-06	-156.798
1352.6709	11.548	7.70401724e-11	5.72208e-06	-2.0981e-05	1.90736e-05	-57.528
1354.2395	11.552	7.70668576e-11	-7.62945e-06	-2.6703e-05	2.57493e-05	-110.376
1355.8359	11.556	7.709354279999999e-11	1.90736e-06	9.53682e-07	8.58313e-06	-160.02
1357.4205	11.56	7.7120228e-11	-3.14715e-05	-2.00273e-05	3.43325e-05	-141.522
1359.0083	11.564	7.71469132e-11	-2.28883e-05	-2.86104e-06	1.90736e-05	-169.116
1360.8074	11.568	7.71735984e-11	2.19346e-05	-1.71663e-05	2.86103e-05	-34.776
1362.3984	11.572	7.720028359999999e-11	2.19346e-05	-6.67575e-06	2.3842e-05	-6.168
1363.9499	11.576	7.72269688e-11	-1.33515e-05	-1.33515e-05	1.71663e-05	-124.824
1365.7891	11.58	7.7253654e-11	3.05178e-05	-1.14442e-05	3.33788e-05	-37.092
1367.3552	11.584	7.728033919999999e-11	-2.6703e-05	1.04905e-05	2.3842e-05	156.57
1368.954	11.588	7.730702439999999e-11	-3.71935e-05	8.58313e-06	3.81472e-05	166.2
1370.4996	11.592	7.73337096e-11	2.3842e-05	0.0	2.3842e-05	11.31
1372.0714	11.596	7.73603948e-11	1.90736e-05	1.23978e-05	2.6703e-05	23.55
1373.6158	11.6	7.738708e-11	-3.14715e-05	-4.7684e-06	2.86103e-05	-173.046
1375.1869	11.604	7.74137652e-11	3.81472e-05	9.53682e-07	3.43325e-05	5.826
1376.7578	11.608	7.74404504e-11	-3.81472e-05	2.57493e-05	3.71935e-05	149.034
1378.3333	11.612	7.746713559999999e-11	-1.81199e-05	1.62126e-05	1.90736e-05	123.114
1379.8914	11.616	7.749382079999999e-11	-2.47956e-05	-3.62399e-05	4.48229e-05	-129.702
1381.4607	11.62	7.752050599999999e-11	-1.04905e-05	0.0	1.33515e-05	177.708
1383.0232	11.624	7.75471912e-11	-2.0981e-05	5.72208e-06	2.0981e-05	162.12
1384.8268	11.628	7.75738764e-11	2.19346e-05	-1.81199e-05	2.6703e-05	-20.376
1386.3818	11.632	7.76005616e-11	1.90736e-06	-1.33515e-05	1.52589e-05	-70.2
1387.9481	11.636	7.76272468e-11	1.90736e-06	1.71663e-05	1.71663e-05	98.748
1389.5325	11.64	7.7653932e-11	2.00273e-05	-2.86104e-06	1.33515e-05	-10.008
1391.1148	11.644	7.768061719999999e-11	-2.86103e-05	-4.67303e-05	5.24523e-05	-115.908
1392.9405	11.648	7.770730239999999e-11	-5.53133e-05	-1.90736e-06	5.81744e-05	-173.586
1394.5167	11.652	7.773398759999999e-11	-3.05178e-05	-6.67575e-06	3.24252e-05	-160.494
1396.1175	11.656	7.77606728e-11	2.86104e-06	1.23978e-05	9.5368e-06	123.69
1397.9636	11.66	7.7787358e-11	-9.53682e-07	5.72208e-06	5.72208e-06	140.196
1399.5453	11.664	7.78140432e-11	1.23978e-05	2.19346e-05	1.90736e-05	96.342
1401.0952	11.668	7.784072839999999e-11	-3.33788e-05	-2.28883e-05	5.0545e-05	-157.932
1402.6621	11.672	7.78674136e-11	-2.6703e-05	0.0	2.86103e-05	173.658
1404.2449	11.676	7.78940988e-11	-2.47956e-05	-2.28883e-05	3.05178e-05	-132.36
1405.7967	11.68	7.792078399999999e-11	1.23978e-05	2.9564e-05	3.33788e-05	69.828
1407.3939	11.684	7.794746919999999e-11	-1.33515e-05	-1.23978e-05	2.00273e-05	-133.728
1408.9493	11.688	7.79741544e-11	-1.14442e-05	1.90736e-05	2.19346e-05	136.272
1410.526	11.692	7.80008396e-11	1.52589e-05	-2.0981e-05	2.76567e-05	-31.866
1412.1289	11.696	7.80275248e-11	-1.90736e-06	3.81473e-06	4.7684e-06	15.252
1413.6934	11.7	7.805420999999999e-11	2.86104e-06	1.23978e-05	1.33515e-05	60.948
1415.25	11.704	7.80808952e-11	1.62126e-05	-9.53682e-07	1.23978e-05	-9.462
1417.105	11.708	7.81075804e-11	2.3842e-05	-2.86104e-06	2.6703e-05	-4.188
1418.6849	11.712	7.81342656e-11	1.90736e-05	-4.67303e-05	5.3406e-05	-71.784
1420.2539	11.716	7.81609508e-11	9.53682e-07	-4.7684e-06	4.7684e-06	-57.996
1421.8383	11.72	7.8187636e-11	-8.58313e-06	0.0	1.90736e-06	-63.438
1423.4003	11.724	7.82143212e-11	1.33515e-05	4.38693e-05	4.76839e-05	75.018
1425.2235	11.728	7.824100639999999e-11	5.72208e-06	6.67575e-06	1.04905e-05	40.236
1426.8069	11.732	7.826769159999999e-11	3.33788e-05	-2.86103e-05	4.19619e-05	-42.882
1428.3697	11.736	7.82943768e-11	-1.71663e-05	3.81473e-06	1.81199e-05	-178.026
1430.2145	11.74	7.8321062e-11	-3.81472e-05	3.33788e-05	5.24523e-05	142.56
1431.7602	11.744	7.83477472e-11	-3.52862e-05	-1.04905e-05	3.71935e-05	-164.748
1433.3427	11.748	7.83744324e-11	1.33515e-05	1.33515e-05	1.90736e-05	42.396
1434.9444	11.752	7.84011176e-11	-2.3842e-05	3.81473e-06	2.28883e-05	178.314
1436.5145	11.756	7.842780279999999e-11	1.90736e-05	-6.67575e-06	1.52589e-05	-5.442
1438.0804	11.76	7.845448799999999e-11	7.62945e-06	1.90736e-05	2.00273e-05	69.228
1439.6448	11.764	7.848117319999999e-11	1.81199e-05	-2.00273e-05	2.57493e-05	-57.174
1441.2515	11.768	7.85078584e-11	1.04905e-05	4.48229e-05	4.19619e-05	82.146
1442.8115	11.772	7.85345436e-11	6.67575e-06	-1.14442e-05	1.23978e-05	-56.31
1444.3951	11.776	7.85612288e-11	0.0	5.72208e-06	5.72208e-06	123.69
1445.9638	11.78	7.8587914e-11	-9.5368e-06	-4.7684e-06	8.58313e-06	-171.252
1447.5438	11.784	7.86145992e-11	2.28883e-05	1.14442e-05	3.24252e-05	13.242
1449.3512	11.788	7.86412844e-11	-1.71663e-05	1.90736e-06	1.81199e-05	173.886
1450.9065	11.792	7.866796959999999e-11	-2.28883e-05	-2.3842e-05	3.14715e-05	-135.852
1452.4758	11.796	7.869465479999999e-11	3.81473e-06	3.71935e-05	3.24252e-05	100.542
1454.0213	11.8	7.872134e-11	-4.7684e-06	-2.0981e-05	2.0981e-05	-105.42
1455.603	11.804	7.87480252e-11	-3.81473e-06	-1.71663e-05	1.81199e-05	-91.908
1457.4303	11.808	7.87747104e-11	1.23978e-05	-1.33515e-05	1.52589e-05	-24.228
1458.9795	11.812	7.880139559999999e-11	1.90736e-06	-2.00273e-05	1.90736e-05	-88.026
1460.5504	11.816	7.88280808e-11	-1.14442e-05	-3.71935e-05	4.19619e-05	-112.752
1462.1006	11.82	7.8854766e-11	-9.5368e-06	3.05178e-05	3.24252e-05	94.572
1463.6829	11.824	7.88814512e-11	-1.33515e-05	-1.62126e-05	2.0981e-05	-133.782
1465.5031	11.828	7.890813639999999e-11	-3.05178e-05	-4.7684e-06	2.47956e-05	-176.73
1467.0571	11.832	7.89348216e-11	1.52589e-05	3.05178e-05	3.24252e-05	58.626
1468.6371	11.836	7.89615068e-11	-7.62945e-06	-1.04905e-05	1.33515e-05	-90.0
1470.2272	11.84	7.8988192e-11	-3.81473e-06	1.04905e-05	1.04905e-05	63.438
1471.8053	11.844	7.901487719999999e-11	8.58313e-06	-9.53682e-07	8.58313e-06	-11.31
1473.3915	11.848	7.90415624e-11	-8.58313e-06	7.62945e-06	1.04905e-05	122.472
1474.9882	11.852	7.90682476e-11	1.62126e-05	-7.62945e-06	8.58313e-06	0.0
1476.5592	11.856	7.90949328e-11	4.48229e-05	1.71663e-05	4.86376e-05	18.192
1478.3665	11.86	7.9121618e-11	9.5368e-06	2.00273e-05	2.19346e-05	52.764
1479.9089	11.864	7.91483032e-11	1.71663e-05	8.58313e-06	1.90736e-05	21.036
1481.4814	11.868	7.91749884e-11	3.81473e-06	-1.90736e-05	1.90736e-05	-80.22
1483.0491	11.872	7.920167359999999e-11	-2.86104e-06	-1.14442e-05	1.23978e-05	-104.742
1484.6456	11.876	7.922835879999999e-11	-1.33515e-05	-9.5368e-06	5.72208e-06	-23.202
1486.2151	11.88	7.9255044e-11	-2.86104e-06	2.19346e-05	2.3842e-05	100.44
1487.7648	11.884	7.92817292e-11	7.62945e-06	-3.43325e-05	3.52862e-05	-78.69
1489.6043	11.888	7.93084144e-11	3.05178e-05	-9.5368e-06	3.33788e-05	-10.41
1491.1842	11.892	7.93350996e-11	1.71663e-05	0.0	2.19346e-05	-1.638
1492.7559	11.896	7.936178480000001e-11	5.72208e-06	3.24252e-05	3.24252e-05	72.3
1494.3382	11.9	7.938846999999999e-11	1.62126e-05	-4.48229e-05	4.48229e-05	-71.832
1495.8992	11.904	7.941515519999999e-11	-6.67575e-06	-5.14986e-05	5.0545e-05	-96.012
1497.7124	11.908	7.944184039999999e-11	1.33515e-05	-6.67575e-06	1.14442e-05	-39.804
1499.259	11.912	7.94685256e-11	2.00273e-05	1.90736e-05	2.19346e-05	37.692
1500.844	11.916	7.94952108e-11	-5.72207e-05	-6.67575e-06	5.72207e-05	-178.026
1502.6875	11.92	7.9521896e-11	-9.5368e-06	-4.7684e-06	8.58313e-06	-167.904
1504.2518	11.924	7.95485812e-11	1.90736e-06	-1.62126e-05	1.43052e-05	-87.276
1505.8145	11.928	7.95752664e-11	-2.57493e-05	-3.81472e-05	4.67303e-05	-121.506
1507.3898	11.932	7.96019516e-11	-3.62399e-05	-1.33515e-05	3.33788e-05	-159.306
1508.9344	11.936	7.962863679999999e-11	-2.0981e-05	-4.7684e-06	2.3842e-05	-172.692
1510.7586	11.94	7.965532199999999e-11	0.0	-3.05178e-05	2.6703e-05	-93.096
1512.3136	11.944	7.96820072e-11	-1.81199e-05	3.91009e-05	4.29156e-05	111.63
1513.8736	11.948	7.97086924e-11	-2.47956e-05	2.19346e-05	2.86103e-05	123.312
1515.4281	11.952	7.97353776e-11	-1.62126e-05	1.71663e-05	2.3842e-05	132.798
1516.9975	11.956	7.976206279999999e-11	-1.23978e-05	1.90736e-05	2.57493e-05	128.886
1518.5665	11.96	7.9788748e-11	-9.5368e-06	3.81473e-06	1.23978e-05	155.772
1520.1475	11.964	7.98154332e-11	1.33515e-05	1.52589e-05	2.00273e-05	45.0
1521.9527	11.968	7.98421184e-11	1.71663e-05	0.0	1.43052e-05	26.562
1523.5209	11.972	7.98688036e-11	2.57493e-05	0.0	2.3842e-05	21.804
1525.0995	11.976	7.98954888e-11	6.67575e-06	-1.52589e-05	1.33515e-05	-101.31
1526.683	11.98	7.9922174e-11	2.9564e-05	2.00273e-05	3.71935e-05	26.112
1528.249	11.984	7.994885919999999e-11	3.24252e-05	3.43325e-05	5.0545e-05	40.278
1530.0918	11.988	7.997554439999999e-11	1.33515e-05	1.04905e-05	1.90736e-05	12.528
1531.6398	11.992	8.00022296e-11	-2.6703e-05	-4.00546e-05	4.48229e-05	-116.178
1533.2253	11.996	8.00289148e-11	5.72208e-06	-9.53682e-07	6.67575e-06	-98.97
1534.7815	12.0	8.00556e-11	1.04905e-05	2.00273e-05	2.19346e-05	64.176
1536.3444	12.004	8.00822852e-11	0.0	4.00546e-05	4.00546e-05	85.236
1537.8944	12.008	8.01089704e-11	3.81473e-06	1.23978e-05	1.23978e-05	71.568
1539.4945	12.012	8.01356556e-11	-5.72208e-06	1.23978e-05	1.33515e-05	152.1
1541.0606	12.016	8.016234079999999e-11	2.86104e-06	1.90736e-06	3.81473e-06	81.87
1542.8825	12.02	8.018902599999999e-11	-3.62399e-05	-5.3406e-05	6.5804e-05	-126.87
1544.4704	12.024	8.021571119999999e-11	-1.71663e-05	-1.14442e-05	1.62126e-05	-141.342
1546.0396	12.028	8.02423964e-11	8.58313e-06	-9.5368e-06	1.14442e-05	-42.708
1547.6017	12.032	8.02690816e-11	2.47956e-05	6.48503e-05	7.1526e-05	65.556
1549.1722	12.036	8.02957668e-11	-1.90736e-06	-3.81473e-06	8.58313e-06	-47.724
1550.7397	12.04	8.0322452e-11	-2.86104e-06	-1.62126e-05	1.90736e-05	-103.626
1552.3216	12.044	8.03491372e-11	-1.52589e-05	1.90736e-06	1.04905e-05	-172.404
1553.9071	12.048	8.037582239999999e-11	1.14442e-05	-1.62126e-05	1.52589e-05	-69.774
1555.4498	12.052	8.040250759999999e-11	1.90736e-06	2.28883e-05	2.19346e-05	84.474
1557.0215	12.056	8.042919279999999e-11	-6.67575e-06	2.57493e-05	2.9564e-05	108.036
1558.5867	12.06	8.0455878e-11	-3.81473e-06	2.28883e-05	2.28883e-05	91.638
1560.1535	12.064	8.04825632e-11	1.23978e-05	4.38693e-05	4.57766e-05	66.798
1562.0151	12.068	8.05092484e-11	3.81473e-06	3.91009e-05	4.10082e-05	82.65
1563.5947	12.072	8.053593359999999e-11	1.23978e-05	-3.14715e-05	3.71935e-05	-51.498
1565.1604	12.076	8.05626188e-11	-9.53682e-07	-2.3842e-05	2.3842e-05	-97.698
1566.9813	12.08	8.0589304e-11	-2.6703e-05	2.86104e-06	2.3842e-05	175.362
1568.533	12.084	8.061598919999999e-11	-2.86104e-06	-2.47956e-05	2.3842e-05	-82.302
1570.122	12.088	8.064267439999999e-11	-1.23978e-05	1.04905e-05	1.62126e-05	131.82
1571.6998	12.092	8.06693596e-11	1.90736e-05	-3.81473e-06	1.23978e-05	-18.432
1573.2516	12.096	8.06960448e-11	-2.9564e-05	-1.90736e-06	2.9564e-05	-173.658
1575.0725	12.1	8.072272999999999e-11	-1.04905e-05	-1.81199e-05	2.00273e-05	-136.332
1576.6291	12.104	8.074941519999999e-11	7.62945e-06	3.52862e-05	3.33788e-05	85.332
1578.1953	12.108	8.07761004e-11	0.0	2.3842e-05	2.28883e-05	91.638
1579.76	12.112	8.08027856e-11	2.86104e-06	2.57493e-05	2.86103e-05	71.178
1581.3121	12.116	8.08294708e-11	-3.81473e-06	2.3842e-05	2.19346e-05	90.0
1582.8835	12.12	8.0856156e-11	3.81473e-06	-1.04905e-05	9.5368e-06	-101.31
1584.4474	12.124	8.08828412e-11	1.90736e-05	-9.5368e-06	2.47956e-05	-20.724
1586.2367	12.128	8.090952639999999e-11	3.71935e-05	-4.7684e-06	3.91009e-05	-13.35
1587.8351	12.132	8.093621159999999e-11	-1.52589e-05	-3.33788e-05	3.52862e-05	-107.748
1589.4013	12.136	8.096289679999999e-11	1.90736e-06	3.62399e-05	3.71935e-05	90.972
1590.9661	12.14	8.0989582e-11	-3.33788e-05	1.52589e-05	3.71935e-05	156.666
1592.5392	12.144	8.10162672e-11	1.81199e-05	2.00273e-05	2.86103e-05	47.814
1594.3745	12.148	8.10429524e-11	0.0	3.81473e-06	9.53682e-07	-108.432
1595.9573	12.152	8.10696376e-11	2.28883e-05	-2.86104e-06	2.76567e-05	1.332
1597.5393	12.156	8.109632279999999e-11	2.6703e-05	1.81199e-05	3.05178e-05	39.642
1599.3837	12.16	8.112300799999999e-11	1.52589e-05	9.5368e-06	2.3842e-05	19.854
1600.9782	12.164	8.114969319999999e-11	-2.00273e-05	3.52862e-05	4.19619e-05	122.952
1602.568	12.168	8.117637839999999e-11	1.90736e-05	-2.3842e-05	2.76567e-05	-45.0
1604.1316	12.172	8.12030636e-11	9.5368e-06	1.23978e-05	1.71663e-05	63.438
1605.7118	12.176	8.12297488e-11	1.81199e-05	5.72208e-06	1.43052e-05	-5.442
1607.5172	12.18	8.1256434e-11	-9.53682e-07	-2.3842e-05	2.3842e-05	-82.302
1609.1018	12.184	8.12831192e-11	1.23978e-05	-1.81199e-05	2.3842e-05	-51.582
1610.6515	12.188	8.13098044e-11	5.72208e-06	-2.86103e-05	2.76567e-05	-73.302
1612.2245	12.192	8.13364896e-11	2.86104e-06	2.6703e-05	2.47956e-05	100.308
1613.8075	12.196	8.136317479999999e-11	4.7684e-06	1.90736e-06	1.90736e-06	-135.0
1615.3754	12.2	8.138985999999999e-11	3.62399e-05	-1.71663e-05	4.57766e-05	-26.214