Time (s) 	 Position (mm) 	 Delay (s) 	 X 	 Y 	 R 	 theta 
#Without Preamplifier,searching for the GaP signal, ZnTe detector angle 40deg, Chopper 230Hz, time constant=0.1s 24dB, waiting time= 1.0s, sensitivity=20mV
1.9705	7.9	5.270327e-11	2.28883e-05	1.71663e-05	2.76567e-05	29.748
3.5728	7.904	5.2729955199999995e-11	8.58313e-06	2.57493e-05	2.6703e-05	53.43
5.4251	7.908	5.27566404e-11	0.0	-3.05178e-05	3.05178e-05	-96.342
6.9782	7.912	5.27833256e-11	-1.14442e-05	3.81473e-06	8.58313e-06	115.02
8.5401	7.916	5.28100108e-11	-6.67575e-06	0.0	1.90736e-06	-90.0
10.1269	7.92	5.2836695999999994e-11	5.72208e-06	-4.7684e-06	3.81473e-06	30.966
11.7107	7.924	5.28633812e-11	5.72208e-06	5.72208e-06	8.58313e-06	118.302
13.2769	7.928	5.28900664e-11	-1.52589e-05	-3.81473e-06	1.14442e-05	-147.264
14.8444	7.932	5.29167516e-11	0.0	-9.53682e-07	7.62945e-06	-2.862
16.3942	7.936	5.2943436799999994e-11	-1.14442e-05	-1.43052e-05	1.90736e-05	-129.558
17.9336	7.94	5.2970122e-11	9.5368e-06	0.0	9.5368e-06	7.596
19.4818	7.944	5.2996807199999997e-11	-1.43052e-05	1.52589e-05	2.28883e-05	121.218
21.0472	7.948	5.30234924e-11	2.19346e-05	-1.81199e-05	1.90736e-05	-43.362
22.5981	7.952	5.30501776e-11	-2.00273e-05	2.9564e-05	3.33788e-05	121.758
24.1883	7.956	5.30768628e-11	2.6703e-05	-3.05178e-05	3.81472e-05	-56.592
25.7529	7.96	5.3103547999999996e-11	1.14442e-05	3.81473e-06	8.58313e-06	45.0
27.3153	7.964	5.31302332e-11	4.19619e-05	1.90736e-05	4.67303e-05	20.748
28.8673	7.968	5.31569184e-11	1.23978e-05	5.72208e-06	1.04905e-05	32.472
30.4185	7.972	5.31836036e-11	-2.57493e-05	-1.43052e-05	2.9564e-05	-150.57
31.9899	7.976	5.3210288799999995e-11	0.0	-1.14442e-05	1.04905e-05	-86.634
33.8138	7.98	5.3236974e-11	2.3842e-05	3.24252e-05	4.57766e-05	47.244
35.3576	7.984	5.32636592e-11	-2.9564e-05	5.72208e-06	2.57493e-05	163.008
37.17	7.988	5.32903444e-11	5.72208e-06	-1.81199e-05	1.43052e-05	-67.62
38.7175	7.992	5.3317029599999994e-11	2.9564e-05	-6.67575e-06	3.14715e-05	-9.27
40.2922	7.996	5.33437148e-11	2.19346e-05	-7.62945e-06	2.28883e-05	-19.536
42.0949	8.0	5.33704e-11	1.23978e-05	-6.67575e-06	9.5368e-06	-15.252
43.6901	8.004	5.3397085199999995e-11	1.90736e-06	-5.72208e-06	3.81473e-06	-60.252
45.2564	8.008	5.3423770399999994e-11	2.19346e-05	-1.90736e-06	1.71663e-05	-4.968
46.8264	8.012	5.34504556e-11	1.33515e-05	1.43052e-05	1.71663e-05	49.896
48.3804	8.016	5.3477140799999996e-11	3.81473e-06	1.52589e-05	1.81199e-05	80.22
49.9421	8.02	5.3503825999999995e-11	9.5368e-06	0.0	9.5368e-06	-12.996
51.5108	8.024	5.353051119999999e-11	-6.67575e-06	-1.04905e-05	1.71663e-05	-170.22
53.0619	8.028	5.35571964e-11	5.0545e-05	-1.71663e-05	5.14986e-05	-16.26
54.9212	8.032	5.3583881599999996e-11	4.00546e-05	-9.5368e-06	4.19619e-05	-5.616
56.4984	8.036	5.3610566799999994e-11	-2.6703e-05	-4.67303e-05	5.14986e-05	-120.582
58.0501	8.04	5.363725199999999e-11	-3.81473e-06	-4.7684e-06	7.62945e-06	-120.258
59.6318	8.044	5.3663937200000003e-11	-2.86104e-06	1.62126e-05	1.52589e-05	92.49
61.4797	8.048	5.3690622399999995e-11	-1.71663e-05	3.24252e-05	3.81472e-05	115.254
63.0387	8.052	5.371730759999999e-11	1.90736e-06	3.71935e-05	3.91009e-05	90.954
64.6067	8.056	5.374399279999999e-11	1.71663e-05	2.3842e-05	2.86103e-05	55.122
66.1921	8.06	5.3770678e-11	1.43052e-05	-2.9564e-05	3.33788e-05	-45.852
67.7568	8.064	5.37973632e-11	-7.62945e-06	-4.7684e-06	6.67575e-06	-102.996
69.3242	8.068	5.382404839999999e-11	2.57493e-05	-1.81199e-05	3.24252e-05	-23.838
70.9067	8.072	5.385073359999999e-11	-9.53682e-07	3.43325e-05	3.33788e-05	100.884
72.4657	8.076	5.38774188e-11	1.90736e-06	-1.71663e-05	1.71663e-05	-87.798
74.2679	8.08	5.3904104e-11	-4.00546e-05	5.81744e-05	7.05724e-05	120.414
75.8633	8.084	5.393078919999999e-11	-1.23978e-05	-3.33788e-05	3.81472e-05	-117.798
77.4308	8.088	5.395747439999999e-11	3.05178e-05	-4.00546e-05	4.86376e-05	-52.968
79.0192	8.092	5.39841596e-11	-1.71663e-05	1.90736e-06	1.62126e-05	165.966
80.5819	8.096	5.40108448e-11	-2.00273e-05	-1.33515e-05	2.00273e-05	-139.188
82.1507	8.1	5.403753e-11	-6.67575e-06	2.86103e-05	3.05178e-05	114.444
83.715	8.104	5.406421519999999e-11	9.5368e-06	1.04905e-05	1.90736e-05	58.392
85.2871	8.108	5.40909004e-11	-3.81473e-06	-2.3842e-05	2.3842e-05	-122.826
87.124	8.112	5.41175856e-11	1.04905e-05	-9.53682e-07	5.72208e-06	-35.538
88.6948	8.116	5.4144270799999997e-11	-3.71935e-05	3.24252e-05	4.67303e-05	131.568
90.2758	8.12	5.4170955999999995e-11	-9.53682e-07	7.62945e-06	6.67575e-06	174.804
91.8382	8.124	5.41976412e-11	1.04905e-05	-1.33515e-05	1.43052e-05	-59.034
93.6686	8.128	5.42243264e-11	1.14442e-05	5.72208e-06	1.14442e-05	-20.556
95.2471	8.132	5.4251011599999996e-11	-6.67575e-06	-6.67575e-06	1.33515e-05	-141.708
96.8123	8.136	5.4277696799999994e-11	-5.72208e-06	1.71663e-05	1.90736e-05	76.866
98.3513	8.14	5.4304382e-11	-2.00273e-05	8.58313e-06	2.00273e-05	145.788
99.9357	8.144	5.43310672e-11	-1.04905e-05	-1.52589e-05	2.19346e-05	-144.864
101.5175	8.148	5.4357752399999995e-11	4.48229e-05	-6.67575e-06	4.10082e-05	-9.294
103.0666	8.152	5.4384437599999993e-11	3.62399e-05	2.19346e-05	4.29156e-05	32.952
104.6311	8.156	5.44111228e-11	3.05178e-05	-1.43052e-05	3.24252e-05	-34.698
106.4766	8.16	5.4437807999999996e-11	3.24252e-05	2.57493e-05	4.10082e-05	49.494
108.0203	8.164	5.4464493199999994e-11	-5.72208e-06	1.52589e-05	1.71663e-05	107.748
109.5735	8.168	5.449117839999999e-11	4.10082e-05	2.9564e-05	5.0545e-05	36.87
111.1561	8.172	5.4517863600000004e-11	1.90736e-06	-3.81473e-06	6.67575e-06	-135.0
112.7266	8.176	5.4544548799999996e-11	0.0	1.62126e-05	1.90736e-05	69.078
114.2811	8.18	5.4571233999999994e-11	2.3842e-05	3.62399e-05	4.00546e-05	61.632
115.846	8.184	5.459791919999999e-11	2.00273e-05	8.58313e-06	3.05178e-05	19.884
117.3985	8.188	5.46246044e-11	5.72208e-06	2.3842e-05	2.57493e-05	90.0
119.2155	8.192	5.46512896e-11	-2.86104e-06	1.90736e-05	2.00273e-05	100.62
120.7563	8.196	5.467797479999999e-11	2.57493e-05	8.58313e-06	2.57493e-05	23.202
122.3371	8.2	5.470465999999999e-11	-4.48229e-05	-9.53682e-07	5.0545e-05	174.936
123.8919	8.204	5.47313452e-11	-2.86104e-06	6.67575e-06	8.58313e-06	86.424
125.7128	8.208	5.47580304e-11	2.28883e-05	-4.7684e-06	2.19346e-05	-4.902
127.276	8.212	5.478471559999999e-11	-9.53682e-07	0.0	2.86104e-06	9.462
128.8237	8.216	5.481140079999999e-11	2.57493e-05	-2.86104e-06	2.19346e-05	-9.162
130.3616	8.22	5.4838086e-11	-1.14442e-05	-1.33515e-05	1.81199e-05	-139.188
131.9518	8.224	5.48647712e-11	2.28883e-05	-7.62945e-06	1.81199e-05	-2.292
133.5015	8.228	5.48914564e-11	-9.5368e-06	0.0	6.67575e-06	167.472
135.0611	8.232	5.491814159999999e-11	-9.53682e-07	-9.53682e-07	3.81473e-06	-135.0
136.6168	8.236	5.49448268e-11	-9.5368e-06	1.71663e-05	1.90736e-05	111.45
138.4389	8.24	5.4971512e-11	1.52589e-05	-1.33515e-05	1.90736e-05	-33.18
140.0062	8.244	5.49981972e-11	2.3842e-05	1.23978e-05	1.62126e-05	71.568
141.5941	8.248	5.5024882399999995e-11	1.04905e-05	-2.9564e-05	3.14715e-05	-60.834
143.1454	8.252	5.50515676e-11	-1.71663e-05	0.0	1.52589e-05	177.51
144.7056	8.256	5.50782528e-11	1.90736e-06	-2.3842e-05	2.19346e-05	-95.526
146.5363	8.26	5.5104937999999996e-11	-2.28883e-05	3.52862e-05	4.57766e-05	127.806
148.0788	8.264	5.5131623199999995e-11	1.90736e-06	-2.28883e-05	2.19346e-05	-88.362
149.6677	8.268	5.51583084e-11	-9.53682e-07	-2.0981e-05	2.00273e-05	-95.358
151.2326	8.272	5.51849936e-11	1.52589e-05	-3.62399e-05	4.29156e-05	-59.172
152.8202	8.276	5.5211678799999996e-11	-3.14715e-05	-2.76567e-05	3.91009e-05	-133.602
154.3674	8.28	5.5238363999999994e-11	-1.14442e-05	2.86103e-05	2.86103e-05	93.99
155.9547	8.284	5.52650492e-11	2.00273e-05	-2.28883e-05	3.05178e-05	-44.118
157.776	8.288	5.52917344e-11	3.81473e-06	2.6703e-05	2.28883e-05	98.43
159.3403	8.292	5.5318419599999995e-11	2.86104e-06	-9.5368e-06	1.04905e-05	-86.82
160.8944	8.296	5.534510479999999e-11	-2.28883e-05	2.86104e-06	1.90736e-05	156.252
162.4578	8.3	5.5371790000000004e-11	1.23978e-05	1.90736e-05	2.00273e-05	62.526
164.0236	8.304	5.5398475199999996e-11	-1.33515e-05	2.00273e-05	2.86103e-05	134.172
165.8779	8.308	5.5425160399999994e-11	3.81473e-06	-8.58313e-06	1.23978e-05	-23.502
167.4443	8.312	5.545184559999999e-11	3.05178e-05	1.81199e-05	3.71935e-05	28.854
169.0134	8.316	5.5478530800000004e-11	-2.47956e-05	-1.62126e-05	2.86103e-05	-155.226
170.5839	8.32	5.5505216e-11	-3.81473e-06	3.33788e-05	3.24252e-05	102.906
172.1673	8.324	5.5531901199999994e-11	5.72208e-06	-4.00546e-05	3.71935e-05	-73.302
173.9925	8.328	5.555858639999999e-11	-3.81473e-06	1.04905e-05	9.5368e-06	25.02
175.5823	8.332	5.55852716e-11	-4.7684e-06	5.72208e-06	7.62945e-06	101.31
177.1522	8.336	5.56119568e-11	2.19346e-05	8.58313e-06	2.6703e-05	29.58
178.9628	8.34	5.5638642e-11	1.52589e-05	2.57493e-05	2.86103e-05	59.742
180.5263	8.344	5.566532719999999e-11	1.71663e-05	3.91009e-05	4.38693e-05	54.36
182.1321	8.348	5.56920124e-11	-1.81199e-05	-3.81473e-06	1.23978e-05	172.404
183.7109	8.352	5.57186976e-11	5.72208e-06	1.04905e-05	1.04905e-05	85.602
185.2756	8.356	5.57453828e-11	0.0	-2.00273e-05	1.90736e-05	-72.9
187.1025	8.36	5.577206799999999e-11	4.7684e-06	8.58313e-06	1.23978e-05	50.526
188.6856	8.364	5.57987532e-11	3.43325e-05	1.33515e-05	3.52862e-05	18.084
190.231	8.368	5.58254384e-11	-2.3842e-05	1.90736e-05	3.24252e-05	135.0
191.8031	8.372	5.58521236e-11	-1.90736e-06	3.62399e-05	3.33788e-05	82.878
193.367	8.376	5.5878808799999996e-11	-1.33515e-05	-2.0981e-05	2.3842e-05	-127.182
194.9366	8.38	5.5905494e-11	-1.43052e-05	4.29156e-05	4.67303e-05	98.346
196.5235	8.384	5.59321792e-11	-2.6703e-05	1.90736e-05	2.57493e-05	123.234
198.3268	8.388	5.59588644e-11	8.58313e-06	1.23978e-05	1.71663e-05	63.438
199.8921	8.392	5.5985549599999995e-11	-1.14442e-05	1.90736e-05	2.6703e-05	136.848
201.4493	8.396	5.60122348e-11	-1.62126e-05	3.33788e-05	3.33788e-05	98.298
202.9924	8.4	5.603892e-11	2.76567e-05	8.58313e-06	2.76567e-05	29.748
204.5832	8.404	5.6065605199999996e-11	1.43052e-05	1.52589e-05	2.3842e-05	43.956
206.3977	8.408	5.6092290399999994e-11	-1.62126e-05	2.57493e-05	2.86103e-05	111.036
207.9809	8.412	5.6118975600000006e-11	-1.52589e-05	-2.86104e-06	1.43052e-05	-159.144
209.5351	8.416	5.61456608e-11	1.71663e-05	1.90736e-05	2.0981e-05	80.22
211.3634	8.42	5.6172345999999996e-11	-9.53682e-07	-1.81199e-05	1.90736e-05	-149.622
212.9437	8.424	5.6199031199999994e-11	-1.81199e-05	2.19346e-05	2.86103e-05	147.846
214.4961	8.428	5.6225716400000005e-11	-2.86104e-06	2.57493e-05	2.76567e-05	102.096
216.0642	8.432	5.6252401599999997e-11	9.5368e-06	-1.90736e-05	1.90736e-05	-61.56
217.61	8.436	5.6279086799999995e-11	2.76567e-05	-1.33515e-05	2.6703e-05	-25.908
219.4387	8.44	5.630577199999999e-11	2.3842e-05	-8.58313e-06	1.71663e-05	-31.758
220.9822	8.444	5.6332457200000004e-11	2.76567e-05	9.5368e-06	2.57493e-05	7.698
222.5508	8.448	5.63591424e-11	-1.04905e-05	-1.33515e-05	1.52589e-05	-135.0
224.1067	8.452	5.6385827599999994e-11	-1.81199e-05	1.23978e-05	2.00273e-05	152.526
225.6738	8.456	5.641251279999999e-11	2.00273e-05	9.53682e-07	2.0981e-05	10.308
227.2386	8.46	5.6439198000000003e-11	-6.67575e-06	-2.28883e-05	2.19346e-05	-126.87
228.8027	8.464	5.64658832e-11	1.04905e-05	-2.00273e-05	2.19346e-05	-62.652
230.6318	8.468	5.64925684e-11	1.23978e-05	4.7684e-06	1.43052e-05	8.532
232.194	8.472	5.651925359999999e-11	-2.28883e-05	1.62126e-05	2.9564e-05	145.62
233.7603	8.476	5.65459388e-11	-1.04905e-05	3.24252e-05	3.33788e-05	107.352
235.3315	8.48	5.6572624e-11	3.05178e-05	8.58313e-06	2.86103e-05	9.21
236.8978	8.484	5.65993092e-11	-3.81473e-06	-9.5368e-06	8.58313e-06	-126.024
238.7374	8.488	5.66259944e-11	-2.47956e-05	-6.67575e-06	2.00273e-05	-154.29
240.3019	8.492	5.66526796e-11	1.04905e-05	-2.00273e-05	2.0981e-05	-59.034
241.8821	8.496	5.66793648e-11	-2.86103e-05	-1.33515e-05	1.90736e-05	-158.628
243.7208	8.5	5.670605e-11	1.71663e-05	-2.9564e-05	3.24252e-05	-47.49
245.2732	8.504	5.6732735199999996e-11	2.00273e-05	2.3842e-05	2.9564e-05	45.936
246.847	8.508	5.675942039999999e-11	2.19346e-05	8.58313e-06	1.62126e-05	17.526
248.3917	8.512	5.67861056e-11	1.23978e-05	3.71935e-05	4.10082e-05	76.812
249.9764	8.516	5.68127908e-11	-8.58313e-06	1.90736e-06	8.58313e-06	167.004
251.8323	8.52	5.6839475999999996e-11	-3.81473e-06	-1.62126e-05	8.58313e-06	-71.568
253.3986	8.524	5.6866161199999994e-11	3.81473e-06	-4.7684e-06	5.72208e-06	-45.0
254.9659	8.528	5.68928464e-11	-1.43052e-05	-1.04905e-05	1.14442e-05	-75.258
256.5341	8.532	5.69195316e-11	1.62126e-05	-1.52589e-05	2.00273e-05	-35.754
258.0891	8.536	5.6946216799999995e-11	6.67575e-06	-1.81199e-05	1.71663e-05	-74.358
259.6685	8.54	5.697290199999999e-11	-2.86104e-06	1.04905e-05	1.52589e-05	128.37
261.2191	8.544	5.69995872e-11	-2.6703e-05	9.5368e-06	2.19346e-05	168.312
263.0454	8.548	5.7026272399999996e-11	6.67575e-06	7.62945e-06	8.58313e-06	70.02
264.6069	8.552	5.7052957599999994e-11	-1.43052e-05	1.90736e-06	5.72208e-06	141.342
266.1944	8.556	5.707964279999999e-11	-2.6703e-05	-1.62126e-05	3.24252e-05	-142.224
267.7574	8.56	5.7106328000000004e-11	-2.6703e-05	-1.62126e-05	3.14715e-05	-147.876
269.3573	8.564	5.7133013199999995e-11	-9.5368e-06	-9.5368e-06	1.04905e-05	-115.02
271.1651	8.568	5.7159698399999994e-11	0.0	1.90736e-05	1.71663e-05	75.378
272.7304	8.572	5.718638359999999e-11	1.33515e-05	-4.7684e-06	1.52589e-05	7.434
274.2797	8.576	5.72130688e-11	3.52862e-05	2.28883e-05	4.10082e-05	38.37
276.1112	8.58	5.7239753999999995e-11	6.67575e-06	-9.5368e-06	1.43052e-05	-28.608
277.693	8.584	5.726643919999999e-11	-2.76567e-05	4.7684e-06	2.57493e-05	152.742
279.2443	8.588	5.729312439999999e-11	-1.14442e-05	-6.67575e-06	1.43052e-05	-141.708
280.8039	8.592	5.73198096e-11	9.5368e-06	7.62945e-06	1.33515e-05	18.432
282.3911	8.596	5.73464948e-11	2.3842e-05	4.86376e-05	5.72207e-05	54.906
284.2188	8.6	5.737317999999999e-11	6.67575e-06	1.71663e-05	1.52589e-05	90.0
285.7988	8.604	5.739986519999999e-11	9.5368e-06	-8.58313e-06	1.04905e-05	17.352
287.3525	8.608	5.74265504e-11	1.33515e-05	1.90736e-06	1.14442e-05	0.0
288.9135	8.612	5.74532356e-11	-6.67575e-06	-1.52589e-05	2.3842e-05	-140.712
290.4669	8.616	5.74799208e-11	-9.53682e-07	3.33788e-05	3.43325e-05	82.332
292.0466	8.62	5.750660599999999e-11	1.43052e-05	1.62126e-05	1.71663e-05	62.358
293.6166	8.624	5.75332912e-11	-3.33788e-05	-2.86104e-06	3.71935e-05	-177.036
295.2039	8.628	5.75599764e-11	-2.86104e-06	-6.67575e-06	4.7684e-06	-81.87
297.0083	8.632	5.75866616e-11	3.81473e-06	1.23978e-05	1.23978e-05	92.724
298.5951	8.636	5.761334679999999e-11	-3.14715e-05	1.14442e-05	2.86103e-05	150.066
300.1556	8.64	5.7640032e-11	-2.57493e-05	-2.0981e-05	2.9564e-05	-130.314
301.7452	8.644	5.76667172e-11	-1.14442e-05	-1.04905e-05	5.72208e-06	-123.69
303.5459	8.648	5.7693402399999996e-11	5.72208e-06	1.33515e-05	1.14442e-05	93.576
305.0987	8.652	5.7720087599999994e-11	1.81199e-05	1.90736e-06	2.28883e-05	7.698
306.6646	8.656	5.77467728e-11	4.7684e-06	1.90736e-05	2.19346e-05	91.59
308.2286	8.66	5.7773458e-11	-2.76567e-05	-5.72208e-06	2.9564e-05	169.92
309.8516	8.664	5.7800143199999996e-11	-1.14442e-05	-6.67575e-06	8.58313e-06	-101.31
311.3989	8.668	5.7826828399999994e-11	2.19346e-05	1.90736e-05	2.86103e-05	41.184
312.9618	8.672	5.78535136e-11	3.81473e-06	3.62399e-05	3.43325e-05	84.174
314.5492	8.676	5.7880198799999997e-11	-1.04905e-05	-2.3842e-05	2.47956e-05	-112.62
316.4176	8.68	5.7906883999999995e-11	-3.81473e-06	1.14442e-05	8.58313e-06	96.342
317.9722	8.684	5.793356919999999e-11	-1.81199e-05	-6.67575e-06	1.81199e-05	-162.18
319.5582	8.688	5.7960254400000004e-11	3.81473e-06	-2.47956e-05	2.57493e-05	-81.672
321.1263	8.692	5.7986939599999996e-11	-3.81473e-06	1.62126e-05	1.81199e-05	123.18
322.6885	8.696	5.8013624799999994e-11	1.90736e-06	-1.81199e-05	1.81199e-05	-46.398
324.2758	8.7	5.804030999999999e-11	1.52589e-05	-1.81199e-05	2.0981e-05	-78.024
325.8366	8.704	5.8066995200000003e-11	-9.5368e-06	-9.53682e-07	3.81473e-06	4.764
327.6477	8.708	5.8093680399999995e-11	-1.90736e-05	9.5368e-06	1.62126e-05	149.934
329.2287	8.712	5.8120365599999993e-11	-3.81473e-06	2.19346e-05	1.71663e-05	102.264
330.8154	8.716	5.814705079999999e-11	9.5368e-06	-9.5368e-06	8.58313e-06	-48.816
332.3652	8.72	5.8173736e-11	-2.86103e-05	-3.81473e-06	2.57493e-05	-178.53
333.9312	8.724	5.82004212e-11	-4.19619e-05	6.67575e-06	3.52862e-05	169.38
335.768	8.728	5.82271064e-11	-1.62126e-05	-2.47956e-05	2.57493e-05	-114.444
337.3538	8.732	5.82537916e-11	-2.28883e-05	-1.04905e-05	2.0981e-05	-150.018
338.9563	8.736	5.82804768e-11	-1.14442e-05	1.04905e-05	1.62126e-05	140.196
340.4986	8.74	5.8307162e-11	-1.90736e-06	-9.5368e-06	1.04905e-05	-98.532
342.0711	8.744	5.833384719999999e-11	-3.33788e-05	-1.52589e-05	3.52862e-05	-160.56
343.6385	8.748	5.836053239999999e-11	-3.81473e-06	-1.62126e-05	1.23978e-05	-124.506
345.1861	8.752	5.83872176e-11	-1.14442e-05	-2.76567e-05	2.86103e-05	-103.704
346.756	8.756	5.84139028e-11	-3.43325e-05	9.5368e-06	2.86103e-05	162.552
348.5812	8.76	5.8440588e-11	-9.5368e-06	-1.81199e-05	1.90736e-05	-124.212
350.1256	8.764	5.84672732e-11	-4.19619e-05	3.81473e-06	4.19619e-05	176.424
351.7156	8.768	5.849395840000001e-11	-1.04905e-05	-5.72208e-06	1.33515e-05	-149.934
353.2931	8.772	5.852064359999999e-11	-1.04905e-05	3.81473e-06	3.81473e-06	71.568
354.8645	8.776	5.854732879999999e-11	2.86104e-06	-3.71935e-05	3.62399e-05	-90.0
356.431	8.78	5.857401399999999e-11	3.24252e-05	-2.6703e-05	4.10082e-05	-35.538
358.001	8.784	5.86006992e-11	1.04905e-05	-2.47956e-05	3.05178e-05	-43.314
359.564	8.788	5.86273844e-11	2.86103e-05	-4.7684e-06	2.47956e-05	6.522
361.3865	8.792	5.86540696e-11	1.90736e-05	-2.00273e-05	2.57493e-05	-42.954
362.9739	8.796	5.86807548e-11	-1.14442e-05	4.7684e-06	1.04905e-05	145.302
364.5185	8.8	5.870744e-11	8.58313e-06	-3.14715e-05	3.05178e-05	-99.66
366.0868	8.804	5.87341252e-11	-9.5368e-06	-4.7684e-06	1.04905e-05	-168.114
367.91	8.808	5.87608104e-11	-1.62126e-05	0.0	1.33515e-05	165.258
369.4606	8.812	5.878749559999999e-11	-1.71663e-05	1.90736e-06	1.14442e-05	151.698
371.0181	8.816	5.88141808e-11	1.14442e-05	-2.76567e-05	2.86103e-05	-48.816
372.5642	8.82	5.8840866e-11	-4.7684e-06	-2.0981e-05	1.90736e-05	-109.026
374.1494	8.824	5.88675512e-11	9.5368e-06	-1.14442e-05	1.90736e-05	-20.136
375.6962	8.828	5.889423639999999e-11	-2.86104e-06	-3.62399e-05	3.52862e-05	-95.49
377.2964	8.832	5.89209216e-11	4.48229e-05	-3.81473e-06	4.57766e-05	-7.224
378.8521	8.836	5.89476068e-11	1.90736e-06	1.14442e-05	1.14442e-05	90.0
380.66	8.84	5.8974292e-11	2.3842e-05	2.3842e-05	3.05178e-05	46.788
382.2115	8.844	5.90009772e-11	2.86103e-05	-1.62126e-05	3.05178e-05	-38.088
383.7712	8.848	5.90276624e-11	6.67575e-06	1.52589e-05	2.19346e-05	41.496
385.3293	8.852	5.90543476e-11	2.57493e-05	2.86103e-05	4.00546e-05	45.0
386.9132	8.856	5.908103279999999e-11	3.05178e-05	-1.81199e-05	3.52862e-05	-29.052
388.4771	8.86	5.910771799999999e-11	3.05178e-05	1.62126e-05	3.24252e-05	36.636
390.0615	8.864	5.91344032e-11	8.77385e-05	3.33788e-05	8.77385e-05	21.552
391.6259	8.868	5.91610884e-11	9.44142e-05	3.91009e-05	0.000102997	21.384
393.4787	8.872	5.91877736e-11	7.91554e-05	1.04905e-05	8.96459e-05	8.472
395.0647	8.876	5.92144588e-11	8.58312e-05	2.3842e-05	9.15532e-05	14.136
396.6313	8.88	5.924114400000001e-11	0.000149728	-9.53682e-07	0.000144959	0.0
398.2255	8.884	5.926782919999999e-11	0.000112534	3.33788e-05	0.000116349	15.078
400.0553	8.888	5.929451439999999e-11	0.000152589	2.57493e-05	0.000159265	10.704
401.6188	8.892	5.932119959999999e-11	0.000139237	2.76567e-05	0.000142098	10.944
403.1885	8.896	5.93478848e-11	0.000160218	8.39238e-05	0.000174523	28.644
404.7514	8.9	5.937457e-11	0.000158311	5.9128e-05	0.000170709	20.688
406.3414	8.9045	5.940459085e-11	0.000180245	5.14986e-05	0.000181199	15.888
407.9324	8.9085	5.943127605e-11	0.000174523	9.53679e-05	0.000207902	26.562
409.508	8.9125	5.945796125e-11	0.000133515	0.00011921	0.000182153	40.152
411.0893	8.9165	5.948464645e-11	0.000123979	0.000134469	0.000185967	49.422
412.6526	8.9205	5.951133165e-11	9.44142e-05	8.39238e-05	0.000125886	44.574
414.2386	8.9245	5.953801684999999e-11	7.43871e-05	9.15532e-05	0.00011921	46.848
416.0581	8.9285	5.956470204999999e-11	4.19619e-05	7.72481e-05	9.25069e-05	60.45
417.6424	8.9325	5.959138724999999e-11	3.71935e-05	0.000107766	0.000115395	69.366
419.2089	8.9365	5.961807245e-11	-1.81199e-05	8.67848e-05	8.77385e-05	100.968
420.7753	8.9405	5.964475765e-11	-4.48229e-05	4.76839e-05	6.48503e-05	129.21
422.3473	8.9445	5.967144285e-11	-3.33788e-05	3.71935e-05	4.95913e-05	130.104
423.9154	8.9485	5.969812805e-11	-2.9564e-05	2.9564e-05	4.38693e-05	140.412
425.497	8.9525	5.972481325e-11	-5.81744e-05	2.00273e-05	7.24797e-05	163.92
427.0826	8.9565	5.975149844999999e-11	-8.96459e-05	-6.67575e-06	8.77385e-05	-173.418
428.8995	8.9605	5.977818364999999e-11	-9.15532e-05	-2.86104e-06	8.67848e-05	178.656
430.4686	8.9645	5.980486884999999e-11	-9.34605e-05	-1.90736e-05	9.25069e-05	-168.522
432.0514	8.9685	5.983155405e-11	-6.96187e-05	-1.90736e-05	6.19893e-05	-161.352
433.599	8.9725	5.985823925e-11	-6.10356e-05	-4.38693e-05	7.1526e-05	-141.936
435.1709	8.9765	5.988492445e-11	-6.5804e-05	-3.81472e-05	7.62944e-05	-148.098
436.7336	8.9805	5.991160965e-11	-2.0981e-05	-5.3406e-05	5.53133e-05	-104.034
438.3085	8.9845	5.993829485e-11	-4.29156e-05	-5.81744e-05	6.8665e-05	-123.534
439.8705	8.9885	5.996498005e-11	-4.67303e-05	-3.91009e-05	5.9128e-05	-144.846
441.6822	8.9925	5.999166525e-11	-2.47956e-05	-3.52862e-05	3.71935e-05	-120.174
443.2617	8.9965	6.001835044999999e-11	-3.81473e-06	-3.81472e-05	4.19619e-05	-115.464
444.8331	9.0005	6.004503565e-11	-5.3406e-05	-1.14442e-05	5.3406e-05	-165.618
446.3775	9.0045	6.007172085e-11	-6.00817e-05	-3.33788e-05	6.77113e-05	-149.904
448.1992	9.0085	6.009840605e-11	-5.0545e-05	-3.62399e-05	5.81744e-05	-135.924
449.7493	9.0125	6.012509124999999e-11	-9.53682e-07	-2.0981e-05	2.0981e-05	-84.804
451.3172	9.0165	6.015177645e-11	-4.67303e-05	-2.0981e-05	4.86376e-05	-156.9
452.8866	9.0205	6.017846165e-11	-5.3406e-05	-3.81472e-05	6.5804e-05	-146.634
454.4519	9.0245	6.020514685e-11	0.0	-9.5368e-06	9.5368e-06	-60.642
456.0095	9.0285	6.023183205e-11	-2.76567e-05	-2.3842e-05	3.52862e-05	-139.512
457.6036	9.0325	6.025851725e-11	-3.71935e-05	-1.71663e-05	4.29156e-05	-159.342
459.1701	9.0365	6.028520245e-11	-1.71663e-05	-3.81472e-05	3.91009e-05	-109.722
460.9993	9.0405	6.031188764999999e-11	3.71935e-05	1.23978e-05	4.38693e-05	14.238
462.5601	9.0445	6.033857284999999e-11	6.67575e-06	3.62399e-05	3.91009e-05	83.556
464.1481	9.0485	6.036525805e-11	-5.72208e-06	-9.53682e-07	1.90736e-06	-39.804
465.7087	9.0525	6.039194325e-11	-2.00273e-05	2.28883e-05	2.6703e-05	121.704
467.2807	9.0565	6.041862845e-11	4.48229e-05	-1.90736e-06	4.95913e-05	-3.762
469.0836	9.0605	6.044531365e-11	1.23978e-05	2.19346e-05	2.47956e-05	45.0
470.6731	9.0645	6.047199885000001e-11	3.81473e-06	3.71935e-05	3.71935e-05	79.992
472.2358	9.0685	6.049868404999999e-11	1.90736e-06	-7.62945e-06	8.58313e-06	-85.914
473.7839	9.0725	6.052536924999999e-11	-4.67303e-05	1.90736e-06	4.86376e-05	-179.226
475.3872	9.0765	6.055205444999999e-11	-6.67575e-06	-9.53682e-07	3.81473e-06	-113.202
476.9377	9.0805	6.057873965e-11	-7.62945e-06	-2.9564e-05	2.57493e-05	-101.004
478.5338	9.0845	6.060542485e-11	-6.67575e-06	4.7684e-06	1.04905e-05	147.096
480.3584	9.0885	6.063211005e-11	-5.6267e-05	-2.28883e-05	5.72207e-05	-153.738
481.9269	9.0925	6.065879525e-11	6.67575e-06	-2.47956e-05	2.3842e-05	-72.072
483.4935	9.0965	6.068548045e-11	-9.5368e-06	8.58313e-06	1.23978e-05	140.526
485.0616	9.1005	6.071216565e-11	1.90736e-06	-4.95913e-05	5.24523e-05	-85.122
486.6313	9.1045	6.073885084999999e-11	-7.62945e-06	3.05178e-05	3.14715e-05	98.472
488.4323	9.1085	6.076553604999999e-11	1.14442e-05	-1.43052e-05	1.52589e-05	-64.656
490.02	9.1125	6.079222125e-11	9.53682e-07	5.72208e-06	7.62945e-06	78.69
491.5988	9.1165	6.081890645e-11	-1.62126e-05	8.58313e-06	1.71663e-05	154.44
493.4196	9.1205	6.084559165e-11	-9.53682e-07	5.14986e-05	5.24523e-05	83.58
494.9723	9.1245	6.087227684999999e-11	-4.7684e-06	1.43052e-05	1.33515e-05	93.012
496.543	9.1285	6.089896205e-11	-3.14715e-05	-6.67575e-06	3.43325e-05	-167.826
498.0896	9.1325	6.092564725e-11	-2.00273e-05	-1.14442e-05	2.0981e-05	-135.0
499.6783	9.1365	6.095233245e-11	-3.71935e-05	1.71663e-05	3.81472e-05	148.86
501.482	9.1405	6.097901765e-11	-3.14715e-05	-2.86104e-06	2.57493e-05	-167.124
503.0505	9.1445	6.100570285e-11	0.0	-2.3842e-05	2.3842e-05	-90.0
504.6387	9.1485	6.103238805e-11	9.53682e-07	9.5368e-06	9.5368e-06	75.966
506.2213	9.1525	6.105907325e-11	-2.9564e-05	-1.62126e-05	3.33788e-05	-149.034
507.7984	9.1565	6.108575844999999e-11	-5.0545e-05	1.04905e-05	3.71935e-05	157.992
509.3542	9.1605	6.111244365e-11	-6.67575e-06	-4.19619e-05	4.19619e-05	-92.604
510.9318	9.1645	6.113912885e-11	-8.58313e-06	-1.71663e-05	1.71663e-05	-87.708
512.7589	9.1685	6.116581405e-11	2.19346e-05	7.62945e-06	1.90736e-05	26.562
514.342	9.1725	6.119249925e-11	-4.67303e-05	5.72208e-06	3.52862e-05	166.554
515.9068	9.1765	6.121918445e-11	-9.5368e-06	-1.14442e-05	1.14442e-05	-90.0
517.4758	9.1805	6.124586965e-11	-3.62399e-05	-2.6703e-05	4.38693e-05	-141.894
519.0611	9.1845	6.127255484999999e-11	-1.23978e-05	-3.81473e-06	7.62945e-06	-173.658
520.8687	9.1885	6.129924004999999e-11	2.6703e-05	2.86104e-06	2.28883e-05	1.848
522.4209	9.1925	6.132592525e-11	8.58313e-06	-3.43325e-05	3.71935e-05	-69.444
523.9632	9.1965	6.135261045e-11	8.58313e-06	-2.9564e-05	2.86103e-05	-74.25
525.7887	9.2005	6.137929565e-11	0.0	-4.86376e-05	4.76839e-05	-84.288
527.3377	9.2045	6.140598085e-11	3.62399e-05	-3.05178e-05	4.57766e-05	-39.588
528.9053	9.2085	6.143266605000001e-11	7.62945e-06	0.0	1.62126e-05	1.974
530.4772	9.2125	6.145935125e-11	1.90736e-05	7.62945e-06	2.3842e-05	14.742
532.0461	9.2165	6.148603644999999e-11	-3.43325e-05	1.71663e-05	3.71935e-05	157.218
533.8707	9.2205	6.151272164999999e-11	3.81472e-05	2.19346e-05	4.86376e-05	32.646
535.447	9.2245	6.153940685e-11	-6.67575e-06	4.7684e-06	8.58313e-06	110.556
537.0325	9.2285	6.156609205e-11	9.53682e-07	-4.7684e-06	5.72208e-06	23.202
538.5792	9.2325	6.159277725e-11	-1.33515e-05	2.19346e-05	2.57493e-05	131.88
540.1623	9.2365	6.161946245e-11	-3.43325e-05	0.0	2.86103e-05	-169.56
541.7496	9.2405	6.164614765e-11	-1.52589e-05	-6.67575e-06	1.14442e-05	-122.904
543.2975	9.2445	6.167283285e-11	-2.28883e-05	2.9564e-05	3.91009e-05	136.332
545.1433	9.2485	6.169951805e-11	3.81473e-06	-1.33515e-05	1.43052e-05	-82.878
546.7086	9.2525	6.172620324999999e-11	-1.90736e-06	5.14986e-05	5.3406e-05	96.342
548.2698	9.2565	6.175288845e-11	-2.3842e-05	1.90736e-06	2.3842e-05	175.362
549.8242	9.2605	6.177957365e-11	-4.67303e-05	-1.81199e-05	4.86376e-05	-155.172
551.4073	9.2645	6.180625885e-11	2.57493e-05	-1.33515e-05	2.9564e-05	-24.864
553.2448	9.2685	6.183294404999999e-11	-2.47956e-05	8.58313e-06	1.62126e-05	145.494
554.8121	9.2725	6.185962925e-11	1.04905e-05	1.90736e-06	1.52589e-05	12.264
556.3613	9.2765	6.188631445e-11	-1.62126e-05	-2.28883e-05	2.57493e-05	-113.964
558.2058	9.2805	6.191299965e-11	-3.05178e-05	5.72208e-06	3.05178e-05	162.72
559.7721	9.2845	6.193968485e-11	-9.53682e-07	-4.19619e-05	4.00546e-05	-96.012
561.3674	9.2885	6.196637005e-11	-7.62945e-06	9.5368e-06	1.14442e-05	-176.634
562.9666	9.2925	6.199305525e-11	-7.62945e-06	-5.72208e-06	8.58313e-06	-105.948
564.5365	9.2965	6.201974044999999e-11	-2.6703e-05	-1.52589e-05	2.86103e-05	-156.3
566.3573	9.3005	6.204642564999999e-11	-2.76567e-05	2.47956e-05	3.71935e-05	132.882
567.9392	9.3045	6.207311085e-11	-2.28883e-05	4.00546e-05	4.76839e-05	115.842
569.5465	9.3085	6.209979605e-11	1.90736e-05	2.86104e-06	1.71663e-05	8.13
571.1062	9.3125	6.212648125e-11	-2.6703e-05	3.24252e-05	4.19619e-05	127.794
572.6879	9.3165	6.215316645e-11	-9.5368e-06	3.81473e-06	9.5368e-06	-165.066
574.4985	9.3205	6.217985165e-11	2.00273e-05	-1.52589e-05	2.19346e-05	-49.968
576.0867	9.3245	6.220653685e-11	-4.00546e-05	-9.5368e-06	4.29156e-05	-166.398
577.6354	9.3285	6.223322204999999e-11	-4.7684e-06	-2.6703e-05	2.76567e-05	-101.04
579.1992	9.3325	6.225990724999999e-11	1.71663e-05	-3.33788e-05	3.81472e-05	-69.102
580.7657	9.3365	6.228659244999999e-11	1.43052e-05	7.62945e-06	1.81199e-05	7.854
582.3832	9.3405	6.231327765e-11	-3.81473e-06	9.53682e-07	1.90736e-06	-6.342
583.9468	9.3445	6.233996285e-11	4.38693e-05	-3.05178e-05	4.86376e-05	-30.066
585.7694	9.3485	6.236664805e-11	2.28883e-05	-3.33788e-05	3.81472e-05	-63.87
587.3284	9.3525	6.239333325e-11	1.90736e-06	-1.71663e-05	1.71663e-05	-92.118
588.9097	9.3565	6.242001845e-11	2.0981e-05	-3.81472e-05	4.10082e-05	-62.988
590.4613	9.3605	6.244670365e-11	1.43052e-05	-4.7684e-06	1.33515e-05	-29.052
592.0282	9.3645	6.247338884999999e-11	7.62945e-06	8.58313e-06	1.52589e-05	46.398
593.8507	9.3685	6.250007404999999e-11	8.58313e-06	2.00273e-05	1.81199e-05	83.16
595.4023	9.3725	6.252675925e-11	1.33515e-05	2.86103e-05	3.24252e-05	61.926
596.9711	9.3765	6.255344445e-11	1.23978e-05	6.67575e-06	1.43052e-05	23.202
598.8047	9.3805	6.258012965e-11	4.38693e-05	-1.81199e-05	5.24523e-05	-13.362
600.3685	9.3845	6.260681484999999e-11	-1.81199e-05	1.04905e-05	2.19346e-05	158.496
601.9594	9.3885	6.263350005e-11	-9.53682e-07	5.72208e-06	8.58313e-06	62.1
603.5186	9.3925	6.266018525e-11	3.05178e-05	3.05178e-05	4.95913e-05	38.886
605.1029	9.3965	6.268687045e-11	-1.62126e-05	-1.81199e-05	2.28883e-05	-130.032
606.9143	9.4005	6.271355564999999e-11	0.0	3.71935e-05	3.71935e-05	91.044
608.4785	9.4045	6.274024085e-11	-1.71663e-05	-2.0981e-05	2.57493e-05	-126.57
610.0588	9.4085	6.276692605e-11	-4.00546e-05	1.23978e-05	4.00546e-05	172.998
611.627	9.4125	6.279361124999999e-11	1.71663e-05	4.48229e-05	4.95913e-05	64.47
613.1944	9.4165	6.282029644999999e-11	-6.67575e-06	5.72208e-06	5.72208e-06	123.69
614.7632	9.4205	6.284698165e-11	2.19346e-05	1.90736e-05	2.57493e-05	47.202
616.3295	9.4245	6.287366685e-11	1.71663e-05	5.72208e-06	1.62126e-05	25.464
618.1832	9.4285	6.290035205e-11	1.23978e-05	-1.23978e-05	2.0981e-05	-43.83
619.7421	9.4325	6.292703725e-11	-1.90736e-05	2.9564e-05	3.81472e-05	132.21
621.308	9.4365	6.295372245e-11	-2.76567e-05	9.53682e-07	2.19346e-05	174.642
622.9004	9.4405	6.298040764999999e-11	-1.14442e-05	-6.67575e-06	9.5368e-06	171.252
624.4677	9.4445	6.300709284999999e-11	2.57493e-05	-2.0981e-05	3.24252e-05	-30.762
626.2789	9.4485	6.303377804999999e-11	-4.7684e-06	5.3406e-05	5.24523e-05	91.47
627.8806	9.4525	6.306046325e-11	9.53682e-07	-4.00546e-05	3.91009e-05	-87.09
629.4237	9.4565	6.308714845e-11	2.57493e-05	5.72208e-06	2.76567e-05	11.04
631.2672	9.4605	6.311383365e-11	1.62126e-05	-1.81199e-05	1.71663e-05	-68.628
632.8468	9.4645	6.314051885e-11	1.52589e-05	-2.86104e-06	8.58313e-06	-51.342
634.4359	9.4685	6.316720405e-11	5.72208e-06	-3.33788e-05	3.33788e-05	-72.978
635.9884	9.4725	6.319388924999999e-11	2.19346e-05	1.23978e-05	2.57493e-05	15.75
637.57	9.4765	6.322057444999999e-11	-1.14442e-05	-2.3842e-05	2.3842e-05	-93.27
639.3866	9.4805	6.324725964999999e-11	4.86376e-05	-2.9564e-05	5.43597e-05	-34.878
640.9433	9.4845	6.327394485e-11	1.90736e-05	2.86104e-06	1.90736e-05	3.816
642.5251	9.4885	6.330063005e-11	1.71663e-05	4.19619e-05	4.38693e-05	69.024
644.0724	9.4925	6.332731525e-11	1.90736e-05	1.52589e-05	2.28883e-05	42.612
645.6394	9.4965	6.335400045e-11	1.62126e-05	-9.5368e-06	2.28883e-05	-33.276
647.2217	9.5005	6.338068565e-11	3.71935e-05	1.33515e-05	4.38693e-05	18.432
648.795	9.5045	6.340737085e-11	1.33515e-05	1.52589e-05	2.3842e-05	36.87
650.6116	9.5085	6.343405605e-11	1.14442e-05	-1.04905e-05	1.71663e-05	-1.848
652.1688	9.5125	6.346074124999999e-11	-1.71663e-05	1.52589e-05	2.47956e-05	145.494
653.7356	9.5165	6.348742645e-11	-3.05178e-05	-3.81473e-06	3.14715e-05	-176.424
655.3006	9.5205	6.351411165e-11	-1.33515e-05	-1.04905e-05	2.00273e-05	-149.622
656.8639	9.5245	6.354079685e-11	-9.5368e-06	3.33788e-05	3.52862e-05	97.386
658.687	9.5285	6.356748204999999e-11	-3.81473e-06	1.04905e-05	1.23978e-05	75.966
660.2712	9.5325	6.359416725e-11	-4.48229e-05	5.72208e-06	4.48229e-05	180.0
661.8464	9.5365	6.362085245e-11	1.90736e-06	1.43052e-05	1.43052e-05	66.798
663.6824	9.5405	6.364753765e-11	-2.00273e-05	3.81473e-06	2.00273e-05	172.65
665.2279	9.5445	6.367422285e-11	1.43052e-05	-6.67575e-06	1.71663e-05	-26.562
666.8187	9.5485	6.370090805e-11	-4.7684e-06	-9.5368e-06	1.71663e-05	-79.692
668.3983	9.5525	6.372759325e-11	-1.04905e-05	6.67575e-06	1.04905e-05	96.012
669.9683	9.5565	6.375427844999999e-11	2.3842e-05	1.90736e-06	2.00273e-05	4.572
671.805	9.5605	6.378096364999999e-11	-3.81473e-06	-2.28883e-05	2.3842e-05	-98.13
673.3729	9.5645	6.380764885e-11	-2.86103e-05	-6.67575e-06	2.9564e-05	-177.51
674.9562	9.5685	6.383433405e-11	-1.33515e-05	-1.62126e-05	1.90736e-05	-139.398
676.5554	9.5725	6.386101925e-11	2.28883e-05	-9.53682e-07	2.19346e-05	3.366
678.1083	9.5765	6.388770445e-11	-1.81199e-05	-1.14442e-05	2.00273e-05	-141.342
679.6702	9.5805	6.391438965e-11	2.57493e-05	9.5368e-06	2.6703e-05	20.724
681.2343	9.5845	6.394107484999999e-11	-1.71663e-05	1.04905e-05	2.19346e-05	140.598
683.045	9.5885	6.396776004999999e-11	2.19346e-05	-2.00273e-05	2.86103e-05	-41.31
684.6125	9.5925	6.399444524999999e-11	5.72208e-06	8.58313e-06	1.04905e-05	121.428
686.1768	9.5965	6.402113045e-11	2.19346e-05	8.58313e-06	2.28883e-05	12.336
687.7494	9.6005	6.404781565e-11	-9.53682e-07	-2.19346e-05	2.19346e-05	-94.902
689.3342	9.6045	6.407450085e-11	-1.62126e-05	2.00273e-05	2.6703e-05	126.606
691.1371	9.6085	6.410118605e-11	-5.72208e-06	1.04905e-05	1.04905e-05	70.56
692.7074	9.6125	6.412787125e-11	-6.67575e-06	-2.3842e-05	2.3842e-05	-91.47
694.2695	9.6165	6.415455645e-11	-2.9564e-05	6.00817e-05	6.67577e-05	118.104
696.0967	9.6205	6.418124164999999e-11	-6.67575e-06	-9.53682e-07	1.90736e-06	135.0
697.6624	9.6245	6.420792684999999e-11	5.72208e-06	5.72208e-06	9.5368e-06	72.648
699.2256	9.6285	6.423461205e-11	-2.86104e-06	-1.81199e-05	1.71663e-05	-92.292
700.7661	9.6325	6.426129725e-11	1.71663e-05	3.81473e-06	1.71663e-05	2.118
702.3289	9.6365	6.428798245e-11	-3.81473e-06	0.0	0.0	-45.0
704.1583	9.6405	6.431466765e-11	5.72208e-06	0.0	0.0	149.034
705.7356	9.6445	6.434135285e-11	-2.28883e-05	-1.81199e-05	2.28883e-05	-128.658
707.3068	9.6485	6.436803805e-11	1.90736e-06	-2.86104e-06	3.81473e-06	-81.87
708.8865	9.6525	6.439472325e-11	1.71663e-05	-1.33515e-05	2.86103e-05	-19.656
710.4521	9.6565	6.442140844999999e-11	-2.47956e-05	5.24523e-05	5.72207e-05	111.18
712.0339	9.6605	6.444809365e-11	-9.5368e-06	1.14442e-05	1.90736e-05	141.072
713.6218	9.6645	6.447477885e-11	5.72208e-06	4.7684e-06	6.67575e-06	29.052
715.4296	9.6685	6.450146405e-11	-2.28883e-05	-2.6703e-05	3.62399e-05	-141.498
717.0158	9.6725	6.452814924999999e-11	-1.52589e-05	1.04905e-05	1.52589e-05	141.708
718.5975	9.6765	6.455483445e-11	1.90736e-05	8.58313e-06	1.90736e-05	30.966
720.1639	9.6805	6.458151965e-11	-9.5368e-06	5.72208e-06	6.67575e-06	-174.804
721.7305	9.6845	6.460820485e-11	-4.7684e-06	1.52589e-05	1.52589e-05	85.236
723.5501	9.6885	6.463489005e-11	-1.62126e-05	4.00546e-05	4.57766e-05	108.192
725.1167	9.6925	6.466157525e-11	-1.33515e-05	3.24252e-05	3.43325e-05	112.008
726.6874	9.6965	6.468826045e-11	-1.62126e-05	-1.14442e-05	1.71663e-05	-152.358
728.5085	9.7005	6.471494564999999e-11	5.72208e-06	6.67575e-06	1.04905e-05	99.09
730.0647	9.7045	6.474163084999999e-11	-1.33515e-05	2.3842e-05	3.05178e-05	120.342
731.6465	9.7085	6.476831605e-11	-1.90736e-06	1.33515e-05	1.04905e-05	77.472
733.197	9.7125	6.479500125e-11	1.14442e-05	-1.52589e-05	1.71663e-05	-79.506
734.7585	9.7165	6.482168645e-11	-1.52589e-05	9.5368e-06	1.62126e-05	148.242
736.5708	9.7205	6.484837165e-11	1.62126e-05	-3.81473e-06	1.52589e-05	0.0
738.1545	9.7245	6.487505685000001e-11	-4.48229e-05	-1.33515e-05	4.38693e-05	-162.96
739.702	9.7285	6.490174204999999e-11	-3.81473e-06	1.62126e-05	2.19346e-05	115.908
741.2976	9.7325	6.492842724999999e-11	-6.67575e-06	3.81473e-06	1.23978e-05	140.196
742.8728	9.7365	6.495511244999999e-11	1.23978e-05	2.9564e-05	3.52862e-05	65.724
744.4157	9.7405	6.498179765e-11	-4.7684e-06	-3.05178e-05	2.9564e-05	-95.082
746.0005	9.7445	6.500848285e-11	-3.24252e-05	3.91009e-05	4.95913e-05	129.51
747.8445	9.7485	6.503516805e-11	1.90736e-06	-6.67575e-06	1.04905e-05	-18.432
749.4283	9.7525	6.506185325e-11	-7.62945e-06	-2.00273e-05	1.62126e-05	-93.366
750.9885	9.7565	6.508853845e-11	-1.33515e-05	2.86103e-05	2.9564e-05	114.774
752.5871	9.7605	6.511522365e-11	7.62945e-06	8.58313e-06	1.04905e-05	55.302
754.1784	9.7645	6.514190885e-11	-1.71663e-05	9.53682e-07	1.04905e-05	-156.036
756.002	9.7685	6.516859404999999e-11	-1.04905e-05	-2.86104e-06	1.23978e-05	174.288
757.5622	9.7725	6.519527925e-11	-2.0981e-05	3.05178e-05	3.81472e-05	125.076
759.1175	9.7765	6.522196445e-11	-5.0545e-05	1.90736e-06	4.76839e-05	175.032
760.6806	9.7805	6.524864965e-11	-3.43325e-05	-4.7684e-06	2.9564e-05	-152.85
762.2382	9.7845	6.527533484999999e-11	0.0	-1.33515e-05	1.14442e-05	-106.392
763.8377	9.7885	6.530202005e-11	-7.62945e-06	-3.24252e-05	3.24252e-05	-97.434
765.3794	9.7925	6.532870525e-11	1.43052e-05	9.5368e-06	1.90736e-05	38.046
766.9516	9.7965	6.535539045e-11	-2.28883e-05	2.3842e-05	3.24252e-05	130.236
768.7596	9.8005	6.538207565e-11	1.90736e-06	2.6703e-05	2.57493e-05	93.012
770.3459	9.8045	6.540876085e-11	-3.81473e-06	4.19619e-05	4.38693e-05	100.008
771.9384	9.8085	6.543544605e-11	-1.81199e-05	-1.14442e-05	1.81199e-05	-127.302
773.4877	9.8125	6.546213125e-11	4.10082e-05	-8.58313e-06	4.00546e-05	-15.678
775.0596	9.8165	6.548881644999999e-11	1.62126e-05	2.3842e-05	2.86103e-05	59.742
776.6305	9.8205	6.551550164999999e-11	2.57493e-05	5.72208e-06	2.3842e-05	33.234
778.2247	9.8245	6.554218685e-11	2.76567e-05	1.90736e-05	3.05178e-05	35.538
779.7902	9.8285	6.556887205e-11	-1.62126e-05	-7.62945e-06	1.43052e-05	-120.066
781.3792	9.8325	6.559555725e-11	1.52589e-05	6.67575e-06	1.43052e-05	25.344
782.9308	9.8365	6.562224245e-11	-2.86104e-06	1.62126e-05	1.71663e-05	87.954
784.4953	9.8405	6.564892765e-11	1.33515e-05	-2.76567e-05	3.33788e-05	-51.84
786.0625	9.8445	6.567561284999999e-11	-2.00273e-05	4.7684e-06	1.90736e-05	159.678
787.8863	9.8485	6.570229804999999e-11	2.6703e-05	6.67575e-06	2.57493e-05	23.202
789.4532	9.8525	6.572898324999999e-11	9.5368e-06	-1.23978e-05	1.14442e-05	-45.0
791.046	9.8565	6.575566845e-11	-1.81199e-05	2.86103e-05	3.52862e-05	123.072
792.6214	9.8605	6.578235365e-11	1.90736e-06	2.00273e-05	2.0981e-05	91.686
794.2019	9.8645	6.580903885e-11	1.71663e-05	1.62126e-05	2.28883e-05	48.654
795.7639	9.8685	6.583572405e-11	2.00273e-05	6.67575e-06	2.57493e-05	24.102
797.3151	9.8725	6.586240925e-11	-5.72208e-06	0.0	1.90736e-06	-56.31
798.8651	9.8765	6.588909444999999e-11	-3.14715e-05	2.86104e-06	2.6703e-05	173.988
800.7356	9.8805	6.591577964999999e-11	5.72208e-06	2.86104e-06	6.67575e-06	107.352
802.2872	9.8845	6.594246484999999e-11	2.57493e-05	8.58313e-06	2.47956e-05	14.826
803.8552	9.8885	6.596915005e-11	1.52589e-05	-4.7684e-06	1.04905e-05	-47.49
805.4247	9.8925	6.599583525e-11	2.86103e-05	-4.7684e-06	2.00273e-05	-15.642
806.9901	9.8965	6.602252045e-11	2.28883e-05	0.0	2.47956e-05	-1.47
808.7982	9.9005	6.604920564999999e-11	-1.33515e-05	-1.14442e-05	1.90736e-05	-133.668
810.3784	9.9045	6.607589085e-11	-2.86104e-06	4.38693e-05	4.48229e-05	91.734
811.9471	9.9085	6.610257605e-11	3.52862e-05	-2.0981e-05	3.81472e-05	-27.948
813.5182	9.9125	6.612926125e-11	3.91009e-05	-2.86104e-06	4.67303e-05	-1.53
815.0981	9.9165	6.615594644999999e-11	2.19346e-05	-1.62126e-05	2.76567e-05	-23.55
816.6685	9.9205	6.618263165e-11	-4.7684e-06	-1.62126e-05	1.90736e-05	-118.176
818.2385	9.9245	6.620931685e-11	-9.53682e-07	2.47956e-05	2.3842e-05	74.748
820.0546	9.9285	6.623600204999999e-11	3.81473e-06	-1.52589e-05	1.52589e-05	-68.196
821.6395	9.9325	6.626268724999999e-11	5.72208e-06	-9.53682e-07	9.5368e-06	10.62
823.1883	9.9365	6.628937245e-11	1.14442e-05	3.52862e-05	3.62399e-05	64.854
824.7765	9.9405	6.631605765e-11	1.23978e-05	-1.62126e-05	1.52589e-05	-80.538
826.321	9.9445	6.634274285e-11	2.86104e-06	1.90736e-06	1.90736e-06	101.31
827.8731	9.9485	6.636942805e-11	2.9564e-05	1.71663e-05	3.91009e-05	16.074
829.4636	9.9525	6.639611325e-11	1.90736e-05	1.04905e-05	1.71663e-05	23.628
831.0129	9.9565	6.642279844999999e-11	6.10356e-05	4.76839e-05	7.53407e-05	39.612
832.5959	9.9605	6.644948364999999e-11	7.62945e-06	-9.53682e-07	9.5368e-06	6.708
834.1614	9.9645	6.647616884999999e-11	0.0	1.90736e-05	2.19346e-05	61.392
835.7476	9.9685	6.650285405e-11	2.3842e-05	2.6703e-05	3.52862e-05	45.0
837.3119	9.9725	6.652953925e-11	1.52589e-05	3.62399e-05	3.81472e-05	75.006
838.8767	9.9765	6.655622445e-11	-2.86104e-06	3.81472e-05	3.62399e-05	90.0
840.4284	9.9805	6.658290965e-11	9.53682e-07	1.90736e-06	0.0	-135.0
842.017	9.9845	6.660959485000001e-11	2.86103e-05	-1.04905e-05	3.62399e-05	-19.056
843.5809	9.9885	6.663628004999999e-11	-1.81199e-05	3.81473e-06	1.71663e-05	-173.658
845.1674	9.9925	6.666296524999999e-11	-4.7684e-06	3.91009e-05	4.00546e-05	100.74
846.7113	9.9965	6.668965044999999e-11	-2.86104e-06	0.0	0.0	-90.0
848.2988	10.0005	6.671633565e-11	2.86103e-05	7.62945e-06	2.19346e-05	19.092
849.8841	10.0045	6.674302085e-11	-4.29156e-05	2.19346e-05	5.24523e-05	150.876
851.7071	10.0085	6.676970605e-11	-2.28883e-05	1.90736e-05	2.86103e-05	141.768
853.2887	10.0125	6.679639125e-11	-1.04905e-05	-1.52589e-05	1.52589e-05	-90.0
854.854	10.0165	6.682307645e-11	2.3842e-05	3.52862e-05	3.91009e-05	65.376
856.4409	10.0205	6.684976165e-11	3.62399e-05	1.90736e-06	4.00546e-05	2.814
858.023	10.0245	6.687644684999999e-11	-4.7684e-06	1.90736e-06	6.67575e-06	180.0
859.6061	10.0285	6.690313204999999e-11	3.24252e-05	-7.62945e-06	3.05178e-05	-30.528
861.1669	10.0325	6.692981725e-11	2.86104e-06	2.0981e-05	2.00273e-05	102.726
862.7255	10.0365	6.695650245e-11	-1.62126e-05	2.19346e-05	2.57493e-05	122.826
864.5271	10.0405	6.698318765e-11	3.52862e-05	-6.67575e-06	3.62399e-05	-11.724
866.0806	10.0445	6.700987284999999e-11	-1.14442e-05	-6.67575e-06	1.14442e-05	-121.428
867.6434	10.0485	6.703655805e-11	-1.62126e-05	2.6703e-05	3.33788e-05	122.802
869.2238	10.0525	6.706324325e-11	1.33515e-05	6.67575e-06	1.33515e-05	50.526
871.0318	10.0565	6.708992845e-11	0.0	1.23978e-05	1.23978e-05	49.086
872.6075	10.0605	6.711661365e-11	-1.33515e-05	-1.33515e-05	1.71663e-05	-138.18
874.169	10.0645	6.714329885e-11	-1.62126e-05	2.00273e-05	2.3842e-05	127.236
875.7514	10.0685	6.716998405e-11	-2.6703e-05	3.81473e-06	2.76567e-05	171.03
877.5623	10.0725	6.719666924999999e-11	-2.19346e-05	6.67575e-06	2.0981e-05	144.864
879.1456	10.0765	6.722335444999999e-11	5.72208e-06	-4.7684e-06	8.58313e-06	-72.648
880.7315	10.0805	6.725003965e-11	-1.43052e-05	0.0	1.14442e-05	173.292
882.2987	10.0845	6.727672485e-11	-2.6703e-05	-1.33515e-05	3.24252e-05	-169.992
884.1335	10.0885	6.730341005e-11	9.53682e-07	-1.04905e-05	1.04905e-05	-122.004
885.7021	10.0925	6.733009525e-11	-1.71663e-05	-1.90736e-05	2.57493e-05	-131.988
887.2965	10.0965	6.735678045e-11	-1.90736e-06	-6.67575e-06	6.67575e-06	-146.31
888.8641	10.1005	6.738346564999999e-11	4.86376e-05	-4.00546e-05	6.19893e-05	-38.562
890.4333	10.1045	6.741015084999999e-11	2.19346e-05	-8.58313e-06	2.19346e-05	-26.562
892.2737	10.1085	6.743683604999999e-11	-2.19346e-05	-1.33515e-05	2.57493e-05	-168.996
893.8205	10.1125	6.746352125e-11	-5.72208e-06	1.33515e-05	1.52589e-05	92.49
895.4088	10.1165	6.749020645e-11	1.23978e-05	1.23978e-05	2.00273e-05	27.408
897.2278	10.1205	6.751689165e-11	-1.14442e-05	-4.7684e-06	9.5368e-06	-118.074
898.799	10.1245	6.754357685e-11	-1.62126e-05	1.90736e-05	1.90736e-05	115.56
900.3449	10.1285	6.757026205000001e-11	-9.5368e-06	-3.33788e-05	3.24252e-05	-104.622
901.9303	10.1325	6.759694725e-11	0.0	-1.33515e-05	1.23978e-05	-104.034
903.4956	10.1365	6.762363244999999e-11	-9.53682e-07	-2.47956e-05	2.3842e-05	-82.302
905.3179	10.1405	6.765031764999999e-11	-9.53682e-07	-5.72208e-06	5.72208e-06	-84.288
906.8865	10.1445	6.767700285e-11	-1.90736e-05	-1.04905e-05	2.00273e-05	-138.816
908.4571	10.1485	6.770368805e-11	-2.47956e-05	-1.14442e-05	2.57493e-05	-145.122
910.0431	10.1525	6.773037325e-11	-3.33788e-05	1.90736e-06	3.52862e-05	180.0
911.6234	10.1565	6.775705845e-11	-2.00273e-05	8.58313e-06	2.19346e-05	156.57
913.1687	10.1605	6.778374365e-11	-9.5368e-06	-9.5368e-06	1.23978e-05	-143.748
914.7601	10.1645	6.781042885e-11	-2.9564e-05	-4.7684e-06	3.05178e-05	-174.054
916.5767	10.1685	6.783711405e-11	-2.76567e-05	-3.14715e-05	3.91009e-05	-140.574
918.1276	10.1725	6.786379924999999e-11	4.7684e-06	-2.47956e-05	2.57493e-05	-85.602
919.6791	10.1765	6.789048445e-11	-3.33788e-05	-9.53682e-07	3.14715e-05	178.782
921.267	10.1805	6.791716965e-11	-2.76567e-05	2.00273e-05	3.71935e-05	135.0
922.8518	10.1845	6.794385485e-11	-4.00546e-05	-2.00273e-05	4.48229e-05	-152.676
924.3957	10.1885	6.797054004999999e-11	-5.72208e-06	1.71663e-05	1.62126e-05	77.736
925.9695	10.1925	6.799722525e-11	1.90736e-05	-3.81473e-06	1.52589e-05	-4.968
927.5301	10.1965	6.802391045e-11	2.86103e-05	-8.58313e-06	2.57493e-05	-25.908
929.3689	10.2005	6.805059565e-11	-4.7684e-06	-7.62945e-06	8.58313e-06	-124.698
930.9398	10.2045	6.807728085e-11	-6.19893e-05	2.86104e-06	5.9128e-05	175.5
932.5252	10.2085	6.810396605e-11	3.52862e-05	-5.72208e-06	4.00546e-05	-7.47
934.0754	10.2125	6.813065125e-11	1.43052e-05	-9.53682e-07	1.62126e-05	15.642
935.64	10.2165	6.815733644999999e-11	0.0	-1.23978e-05	1.14442e-05	-59.532
937.204	10.2205	6.818402164999999e-11	-1.14442e-05	-4.7684e-06	1.04905e-05	-165.066
938.7745	10.2245	6.821070685e-11	8.58313e-06	1.62126e-05	2.00273e-05	59.352
940.3238	10.2285	6.823739205e-11	0.0	2.3842e-05	2.3842e-05	70.644
942.1533	10.2325	6.826407725e-11	1.33515e-05	9.5368e-06	1.90736e-05	32.622
943.7326	10.2365	6.829076245e-11	1.90736e-05	-1.90736e-05	2.47956e-05	-50.598
945.2986	10.2405	6.831744765000001e-11	-1.14442e-05	-1.90736e-05	2.3842e-05	-127.476
946.8451	10.2445	6.834413284999999e-11	9.5368e-06	-7.62945e-06	1.23978e-05	-40.914
948.7197	10.2485	6.837081804999999e-11	8.58313e-06	-1.33515e-05	1.62126e-05	-59.418
950.2687	10.2525	6.839750324999999e-11	1.71663e-05	2.00273e-05	2.57493e-05	47.046
951.8668	10.2565	6.842418845e-11	-1.14442e-05	-4.7684e-06	1.81199e-05	-168.024
953.4271	10.2605	6.845087365e-11	7.62945e-06	2.86103e-05	2.76567e-05	73.446
954.9923	10.2645	6.847755885e-11	3.62399e-05	-2.0981e-05	3.91009e-05	-33.408
956.7994	10.2685	6.850424405e-11	1.23978e-05	-7.62945e-06	8.58313e-06	-54.462
958.3654	10.2725	6.853092925e-11	-2.86104e-06	-3.33788e-05	3.24252e-05	-91.17
959.935	10.2765	6.855761445e-11	-2.3842e-05	-7.62945e-06	2.00273e-05	178.026
961.7679	10.2805	6.858429965e-11	-5.3406e-05	7.62945e-06	5.0545e-05	174.666
963.32	10.2845	6.861098484999999e-11	1.62126e-05	-3.81473e-06	1.71663e-05	-22.17
964.8842	10.2885	6.863767005e-11	-3.24252e-05	2.9564e-05	4.86376e-05	139.806
966.4386	10.2925	6.866435525e-11	2.19346e-05	9.5368e-06	2.19346e-05	32.196
968.0383	10.2965	6.869104045e-11	8.58313e-06	-2.9564e-05	2.86103e-05	-87.336
969.8412	10.3005	6.871772565e-11	-4.7684e-06	-2.86104e-06	3.81473e-06	-101.31
971.4487	10.3045	6.874441085e-11	-1.52589e-05	-2.86104e-06	9.5368e-06	-171.252
973.0134	10.3085	6.877109605e-11	2.86103e-05	7.62945e-06	3.05178e-05	8.298
974.6086	10.3125	6.879778125e-11	-1.43052e-05	-1.33515e-05	1.71663e-05	-107.1
976.1729	10.3165	6.882446645e-11	-9.53682e-07	-1.43052e-05	1.23978e-05	-63.438
978.0171	10.3205	6.885115164999998e-11	-2.00273e-05	-3.62399e-05	4.38693e-05	-116.562
979.5936	10.3245	6.887783685e-11	-2.47956e-05	-1.81199e-05	3.05178e-05	-142.65
981.1842	10.3285	6.890452205e-11	0.0	-6.67575e-06	1.90736e-06	0.0
982.7516	10.3325	6.893120724999999e-11	-1.81199e-05	0.0	2.00273e-05	-175.098
984.3477	10.3365	6.895789244999999e-11	1.52589e-05	-2.86104e-06	2.19346e-05	-17.448
985.9164	10.3405	6.898457765e-11	-9.53682e-07	1.52589e-05	1.52589e-05	101.31
987.512	10.3445	6.901126285e-11	-1.62126e-05	3.81473e-06	1.62126e-05	142.698
989.3665	10.3485	6.903794805e-11	1.04905e-05	8.58313e-06	1.43052e-05	22.248
990.9571	10.3525	6.906463325e-11	-2.86104e-06	5.9128e-05	5.81744e-05	101.442
992.5007	10.3565	6.909131845e-11	-6.67575e-06	3.14715e-05	3.24252e-05	87.84
994.0891	10.3605	6.911800364999999e-11	3.71935e-05	-1.04905e-05	3.33788e-05	-28.14
995.6706	10.3645	6.914468884999999e-11	4.67303e-05	1.90736e-06	4.10082e-05	-9.132
997.4979	10.3685	6.917137404999999e-11	1.90736e-06	0.0	3.81473e-06	18.432
999.0495	10.3725	6.919805925e-11	-7.62945e-06	2.3842e-05	2.47956e-05	105.126
1000.5984	10.3765	6.922474445e-11	1.81199e-05	-2.28883e-05	3.14715e-05	-46.59
1002.4169	10.3805	6.925142965e-11	-1.14442e-05	-1.43052e-05	1.71663e-05	-117.552
1004.0066	10.3845	6.927811485e-11	1.62126e-05	9.53682e-07	1.81199e-05	1.848
1005.5828	10.3885	6.930480005e-11	1.62126e-05	-2.47956e-05	2.57493e-05	-57.264
1007.1413	10.3925	6.933148524999999e-11	2.57493e-05	-1.04905e-05	2.76567e-05	-27.18
1008.7001	10.3965	6.935817044999999e-11	1.71663e-05	2.3842e-05	2.9564e-05	46.908
1010.5144	10.4005	6.938485564999999e-11	-3.62399e-05	-1.90736e-05	3.52862e-05	-150.834
1012.0908	10.4045	6.941154085e-11	-1.04905e-05	-4.7684e-06	1.52589e-05	-171.57
1013.6576	10.4085	6.943822605e-11	-6.67575e-06	0.0	6.67575e-06	-143.13
1015.2278	10.4125	6.946491125e-11	1.23978e-05	-4.57766e-05	4.76839e-05	-73.302
1016.7827	10.4165	6.949159644999999e-11	9.5368e-06	-1.14442e-05	1.33515e-05	-25.2
1018.3759	10.4205	6.951828165e-11	1.62126e-05	-4.7684e-06	2.19346e-05	-16.392
1019.9465	10.4245	6.954496685e-11	1.90736e-06	8.58313e-06	9.5368e-06	84.288
1021.5291	10.4285	6.957165204999999e-11	4.57766e-05	-2.86104e-06	4.00546e-05	-15.42
1023.0749	10.4325	6.959833724999999e-11	8.58313e-06	2.57493e-05	2.86103e-05	68.682
1024.6775	10.4365	6.962502245e-11	0.0	2.86104e-06	3.81473e-06	-153.438
1026.2291	10.4405	6.965170765e-11	1.71663e-05	8.58313e-06	1.90736e-05	22.17
1027.8138	10.4445	6.967839284999999e-11	1.52589e-05	2.6703e-05	3.05178e-05	66.162
1029.6133	10.4485	6.970507804999999e-11	1.04905e-05	-7.62945e-06	2.00273e-05	-17.928
1031.1736	10.4525	6.973176325e-11	7.62945e-06	-2.19346e-05	2.0981e-05	-45.0
1032.7382	10.4565	6.975844845e-11	-2.86104e-06	-1.81199e-05	1.90736e-05	-104.418
1034.5789	10.4605	6.978513365e-11	1.52589e-05	6.67575e-06	1.90736e-05	26.562
1036.144	10.4645	6.981181885e-11	-9.53682e-07	2.86103e-05	3.05178e-05	86.568
1037.7301	10.4685	6.983850405e-11	3.71935e-05	3.81473e-06	3.43325e-05	6.072
1039.2976	10.4725	6.986518925e-11	1.23978e-05	-6.67575e-06	1.23978e-05	-45.0
1040.8736	10.4765	6.989187444999999e-11	2.19346e-05	2.3842e-05	3.24252e-05	51.168
1042.7172	10.4805	6.991855964999999e-11	-3.05178e-05	-1.71663e-05	4.10082e-05	-159.024
1044.2666	10.4845	6.994524485e-11	-1.52589e-05	-3.81473e-06	1.62126e-05	-169.506
1045.8345	10.4885	6.997193005e-11	0.0	-1.62126e-05	1.71663e-05	-64.23
1047.4325	10.4925	6.999861525e-11	-1.90736e-05	-6.67575e-06	9.5368e-06	-140.196
1048.9853	10.4965	7.002530045e-11	-1.43052e-05	2.19346e-05	2.6703e-05	113.55
1050.5803	10.5005	7.005198565e-11	1.62126e-05	3.81473e-06	1.33515e-05	-11.31
1052.1484	10.5045	7.007867084999999e-11	-4.7684e-06	1.52589e-05	1.43052e-05	87.276
1053.9773	10.5085	7.010535604999999e-11	-1.04905e-05	2.19346e-05	2.57493e-05	112.518
1055.5382	10.5125	7.013204124999999e-11	2.28883e-05	-1.52589e-05	3.24252e-05	-22.008
1057.1117	10.5165	7.015872645e-11	1.23978e-05	4.7684e-06	1.71663e-05	20.322
1058.6564	10.5205	7.018541165e-11	-3.14715e-05	-4.67303e-05	5.3406e-05	-129.342
1060.2382	10.5245	7.021209685e-11	-1.62126e-05	-1.62126e-05	2.3842e-05	-150.066
1062.0816	10.5285	7.023878205e-11	6.67575e-06	-5.72208e-06	1.23978e-05	-36.252
1063.645	10.5325	7.026546725e-11	-1.14442e-05	-3.05178e-05	2.9564e-05	-101.592
1065.227	10.5365	7.029215245e-11	-1.62126e-05	-3.62399e-05	3.71935e-05	-112.38
1067.068	10.5405	7.031883764999999e-11	-3.43325e-05	-1.62126e-05	4.38693e-05	-167.196
1068.6578	10.5445	7.034552284999999e-11	-7.62945e-06	-1.62126e-05	1.90736e-05	-119.052
1070.2216	10.5485	7.037220805e-11	1.04905e-05	-1.62126e-05	1.52589e-05	-90.0
1071.7906	10.5525	7.039889325e-11	-1.81199e-05	-3.43325e-05	4.10082e-05	-122.682
1073.3572	10.5565	7.042557845e-11	-2.00273e-05	5.72208e-06	1.81199e-05	152.526
1075.2083	10.5605	7.045226364999999e-11	-1.33515e-05	-6.67575e-06	1.62126e-05	-138.18
1076.7765	10.5645	7.047894885e-11	3.81473e-06	-2.3842e-05	2.19346e-05	-90.0
1078.3456	10.5685	7.050563405e-11	-1.43052e-05	-5.3406e-05	5.0545e-05	-100.152
1079.8916	10.5725	7.053231925e-11	2.3842e-05	-3.81473e-06	1.90736e-05	-15.642
1081.48	10.5765	7.055900444999999e-11	-4.19619e-05	-1.04905e-05	4.48229e-05	-163.938
1083.0461	10.5805	7.058568965e-11	-6.8665e-05	1.33515e-05	6.19893e-05	166.278
1084.6333	10.5845	7.061237485e-11	1.33515e-05	-2.47956e-05	2.6703e-05	-74.622
1086.1803	10.5885	7.063906004999999e-11	-1.04905e-05	-2.9564e-05	3.14715e-05	-113.964
1088.0018	10.5925	7.066574524999999e-11	2.57493e-05	8.58313e-06	2.28883e-05	24.144
1089.5741	10.5965	7.069243045e-11	-6.67575e-06	1.71663e-05	1.90736e-05	101.31
1091.1507	10.6005	7.071911565e-11	-1.81199e-05	8.58313e-06	1.14442e-05	131.988
1092.7408	10.6045	7.074580085e-11	-1.14442e-05	9.53682e-07	9.5368e-06	-141.84
1094.5448	10.6085	7.077248605e-11	2.6703e-05	-1.14442e-05	3.24252e-05	-16.698
1096.0967	10.6125	7.079917125e-11	3.52862e-05	2.00273e-05	4.38693e-05	26.19
1097.6759	10.6165	7.082585645e-11	3.81473e-06	1.90736e-05	2.19346e-05	81.87
1099.2639	10.6205	7.085254164999999e-11	-1.14442e-05	-9.53682e-07	6.67575e-06	-138.366
1100.8481	10.6245	7.087922684999999e-11	1.90736e-05	-6.67575e-06	1.90736e-05	0.0
1102.3917	10.6285	7.090591205e-11	2.6703e-05	1.14442e-05	2.9564e-05	16.818
1103.9788	10.6325	7.093259725e-11	-6.67575e-06	2.0981e-05	2.19346e-05	109.536
1105.5428	10.6365	7.095928245e-11	2.57493e-05	2.9564e-05	4.19619e-05	46.932
1107.3476	10.6405	7.098596765e-11	3.81473e-06	-9.53682e-07	0.0	123.69
1108.9186	10.6445	7.101265285000001e-11	3.81473e-06	1.52589e-05	1.23978e-05	72.9
1110.4665	10.6485	7.103933804999999e-11	1.04905e-05	1.62126e-05	1.71663e-05	70.2
1112.0422	10.6525	7.106602324999999e-11	-1.81199e-05	5.9128e-05	6.10356e-05	102.054
1113.5927	10.6565	7.109270844999999e-11	1.90736e-06	3.24252e-05	3.05178e-05	86.01
1115.1762	10.6605	7.111939365e-11	-2.86104e-06	2.19346e-05	1.90736e-05	101.766
1116.7395	10.6645	7.114607885e-11	1.23978e-05	1.71663e-05	2.00273e-05	67.83
1118.358	10.6685	7.117276405e-11	-4.7684e-06	1.04905e-05	1.04905e-05	118.302
1120.1634	10.6725	7.119944925e-11	-3.52862e-05	1.62126e-05	4.19619e-05	159.024
1121.7466	10.6765	7.122613445e-11	-2.0981e-05	1.23978e-05	2.3842e-05	141.342
1123.3122	10.6805	7.125281965e-11	1.90736e-05	3.05178e-05	3.52862e-05	56.61
1124.8772	10.6845	7.127950485e-11	-2.3842e-05	1.52589e-05	2.76567e-05	147.996
1126.7172	10.6885	7.130619004999999e-11	-2.28883e-05	2.86104e-06	2.86103e-05	169.92
1128.286	10.6925	7.133287525e-11	-6.67575e-06	-1.04905e-05	6.67575e-06	-90.0
1129.8379	10.6965	7.135956045e-11	0.0	2.0981e-05	2.0981e-05	93.576
1131.6442	10.7005	7.138624565e-11	-1.43052e-05	-1.43052e-05	2.19346e-05	-139.572
1133.2293	10.7045	7.141293084999999e-11	-8.58313e-06	0.0	8.58313e-06	171.252
1134.7906	10.7085	7.143961605e-11	-1.81199e-05	-6.67575e-06	2.0981e-05	-164.292
1136.3612	10.7125	7.146630125e-11	2.19346e-05	2.00273e-05	2.9564e-05	41.31
1137.9386	10.7165	7.149298645e-11	5.43597e-05	-1.81199e-05	5.53133e-05	-27.822
1139.7702	10.7205	7.151967165e-11	5.72208e-06	7.62945e-06	1.33515e-05	34.38
1141.3336	10.7245	7.154635685e-11	2.19346e-05	-3.62399e-05	4.19619e-05	-62.244
1142.9002	10.7285	7.157304205e-11	2.86104e-06	-2.86104e-06	4.7684e-06	-71.568
1144.4844	10.7325	7.159972724999999e-11	3.62399e-05	-1.04905e-05	3.05178e-05	-22.308
1146.0535	10.7365	7.162641244999999e-11	-7.62945e-06	-1.52589e-05	1.90736e-05	-140.196
1147.6189	10.7405	7.165309765e-11	-8.58313e-06	-3.81473e-06	1.23978e-05	177.396
1149.1683	10.7445	7.167978285e-11	5.72208e-06	-9.53682e-07	4.7684e-06	-23.202
1150.993	10.7485	7.170646805e-11	1.90736e-05	-9.5368e-06	2.19346e-05	-27.3
1152.5776	10.7525	7.173315325e-11	1.14442e-05	-4.00546e-05	4.19619e-05	-83.76
1154.1439	10.7565	7.175983845000001e-11	0.0	1.90736e-05	2.0981e-05	106.188
1155.6891	10.7605	7.178652364999999e-11	2.3842e-05	-3.62399e-05	4.19619e-05	-56.562
1157.2964	10.7645	7.181320884999999e-11	-2.47956e-05	-1.14442e-05	2.3842e-05	-146.766
1159.1179	10.7685	7.183989404999999e-11	1.71663e-05	-1.14442e-05	2.57493e-05	-24.102
1160.6835	10.7725	7.186657925e-11	8.58313e-06	-1.14442e-05	1.23978e-05	-63.438
1162.2503	10.7765	7.189326445e-11	3.24252e-05	2.19346e-05	3.71935e-05	28.14
1163.8328	10.7805	7.191994965e-11	2.3842e-05	1.90736e-05	3.33788e-05	31.536
1165.4035	10.7845	7.194663485e-11	-2.00273e-05	1.23978e-05	1.81199e-05	154.44
1166.9621	10.7885	7.197332005000001e-11	6.38966e-05	1.90736e-05	7.34334e-05	19.386
1168.5131	10.7925	7.200000525e-11	-7.62945e-06	-2.47956e-05	2.47956e-05	-108.432
1170.0872	10.7965	7.202669044999999e-11	-2.86103e-05	2.86104e-06	2.28883e-05	176.424
1171.92	10.8005	7.205337564999999e-11	1.90736e-06	-1.14442e-05	7.62945e-06	-56.31
1173.5252	10.8045	7.208006085e-11	-6.67575e-06	-1.43052e-05	1.71663e-05	-102.996
1175.0786	10.8085	7.210674605e-11	1.62126e-05	6.67575e-06	2.0981e-05	26.562
1176.6404	10.8125	7.213343125e-11	2.00273e-05	-2.9564e-05	3.52862e-05	-47.292
1178.1882	10.8165	7.216011645e-11	1.90736e-05	4.7684e-06	2.0981e-05	1.734
1179.7795	10.8205	7.218680164999999e-11	-1.04905e-05	3.62399e-05	4.00546e-05	114.522
1181.3418	10.8245	7.221348685e-11	-2.19346e-05	-9.5368e-06	2.76567e-05	-165.066
1182.9119	10.8285	7.224017205e-11	-1.90736e-06	-7.62945e-06	1.14442e-05	-70.71
1184.4772	10.8325	7.226685725e-11	-2.86104e-06	5.72208e-06	5.72208e-06	125.538
1186.041	10.8365	7.229354244999999e-11	2.57493e-05	0.0	2.57493e-05	-7.494
1187.5932	10.8405	7.232022765e-11	1.23978e-05	1.33515e-05	2.19346e-05	62.742
1189.1479	10.8445	7.234691285e-11	-2.9564e-05	-5.72208e-06	2.6703e-05	-159.774
1190.9713	10.8485	7.237359804999999e-11	2.57493e-05	-5.3406e-05	5.9128e-05	-65.178
1192.5666	10.8525	7.240028324999999e-11	1.52589e-05	-1.62126e-05	1.71663e-05	-50.712
1194.121	10.8565	7.242696845e-11	3.71935e-05	1.90736e-06	3.43325e-05	12.654
1195.6846	10.8605	7.245365365e-11	-1.71663e-05	-1.71663e-05	2.19346e-05	-138.504
1197.2357	10.8645	7.248033885e-11	-9.5368e-06	6.67575e-06	1.23978e-05	136.974
1198.802	10.8685	7.250702405e-11	-2.86104e-06	3.33788e-05	3.52862e-05	93.12
1200.3696	10.8725	7.253370925e-11	0.0	-4.7684e-06	3.81473e-06	-59.034
1201.944	10.8765	7.256039444999999e-11	3.33788e-05	2.28883e-05	3.71935e-05	38.16
1203.7504	10.8805	7.258707964999999e-11	2.19346e-05	-1.81199e-05	2.57493e-05	-37.182
1205.3419	10.8845	7.261376484999999e-11	1.33515e-05	-1.04905e-05	8.58313e-06	-90.0
1206.8963	10.8885	7.264045005e-11	-4.10082e-05	0.0	4.38693e-05	178.314
1208.4599	10.8925	7.266713525e-11	-2.86104e-06	0.0	2.86104e-06	23.202
1210.0427	10.8965	7.269382045e-11	1.33515e-05	-2.86104e-06	1.33515e-05	-14.742
1211.8673	10.9005	7.272050565e-11	-1.62126e-05	2.9564e-05	3.24252e-05	111.57
1213.4184	10.9045	7.274719085e-11	2.19346e-05	1.71663e-05	2.47956e-05	38.928
1214.9863	10.909	7.27772117e-11	4.7684e-06	-1.23978e-05	1.23978e-05	-111.804
1216.5348	10.913	7.28038969e-11	-2.19346e-05	-2.28883e-05	3.33788e-05	-141.84
1218.1061	10.917	7.283058209999999e-11	2.57493e-05	1.52589e-05	3.33788e-05	33.39
1219.6695	10.921	7.285726729999999e-11	4.7684e-06	5.72208e-06	8.58313e-06	26.562
1221.2411	10.925	7.28839525e-11	2.86104e-06	-3.05178e-05	2.86103e-05	-88.638
1223.0676	10.929	7.29106377e-11	5.3406e-05	-3.81473e-06	4.86376e-05	-0.81
1224.6416	10.933	7.29373229e-11	-6.67575e-06	2.9564e-05	3.14715e-05	100.62
1226.4669	10.937	7.29640081e-11	-1.71663e-05	2.0981e-05	2.76567e-05	125.538
1228.0484	10.941	7.299069330000001e-11	1.90736e-05	1.90736e-05	2.47956e-05	25.866
1229.6385	10.945	7.301737849999999e-11	9.53682e-07	-1.52589e-05	1.04905e-05	-93.816
1231.1819	10.949	7.304406369999999e-11	-2.6703e-05	-7.62945e-06	2.9564e-05	-164.538
1232.7846	10.953	7.307074889999999e-11	4.7684e-06	-4.86376e-05	4.86376e-05	-77.064
1234.3398	10.957	7.30974341e-11	-1.14442e-05	3.05178e-05	2.9564e-05	101.04
1235.9	10.961	7.31241193e-11	1.23978e-05	-2.86104e-06	9.5368e-06	-30.258
1237.4822	10.965	7.31508045e-11	1.62126e-05	-1.62126e-05	2.19346e-05	-35.136
1239.3276	10.969	7.31774897e-11	-1.43052e-05	-1.62126e-05	1.23978e-05	-111.804
1240.8746	10.973	7.32041749e-11	-1.62126e-05	1.71663e-05	2.19346e-05	124.59
1242.4446	10.977	7.32308601e-11	1.81199e-05	-2.6703e-05	3.05178e-05	-50.358
1244.0277	10.981	7.325754529999999e-11	9.5368e-06	9.5368e-06	1.04905e-05	6.342
1245.5743	10.985	7.328423049999999e-11	2.47956e-05	-6.67575e-06	2.9564e-05	-8.652
1247.1961	10.989	7.33109157e-11	-1.81199e-05	-2.86104e-06	2.00273e-05	-163.812
1248.7613	10.993	7.33376009e-11	2.00273e-05	3.62399e-05	4.38693e-05	51.606
1250.3111	10.997	7.33642861e-11	-1.52589e-05	2.9564e-05	3.14715e-05	124.044
1252.1507	11.001	7.339097129999999e-11	3.52862e-05	-2.9564e-05	4.29156e-05	-37.794
1253.7221	11.005	7.34176565e-11	-2.28883e-05	-2.0981e-05	3.33788e-05	-152.928
1255.3163	11.009	7.34443417e-11	1.90736e-05	3.81473e-06	8.58313e-06	18.432
1256.8856	11.013	7.34710269e-11	3.81473e-06	2.86104e-06	7.62945e-06	47.724
1258.7111	11.017	7.34977121e-11	1.43052e-05	-2.0981e-05	3.24252e-05	-36.024
1260.2549	11.021	7.35243973e-11	3.91009e-05	-2.0981e-05	3.91009e-05	-31.14
1261.8215	11.025	7.35510825e-11	5.72208e-06	1.90736e-06	1.23978e-05	7.434
1263.406	11.029	7.35777677e-11	1.52589e-05	5.14986e-05	5.43597e-05	76.8
1264.9621	11.033	7.360445289999999e-11	-2.0981e-05	-1.14442e-05	2.57493e-05	-146.688
1266.5444	11.037	7.36311381e-11	2.86103e-05	-2.3842e-05	3.71935e-05	-29.358
1268.1073	11.041	7.36578233e-11	-1.43052e-05	1.33515e-05	1.90736e-05	137.724
1269.7041	11.045	7.36845085e-11	-2.76567e-05	-3.81473e-06	2.57493e-05	-170.79
1271.5462	11.049	7.37111937e-11	1.04905e-05	8.58313e-06	8.58313e-06	26.562
1273.1341	11.053	7.37378789e-11	1.52589e-05	8.58313e-06	2.00273e-05	11.976
1274.697	11.057	7.37645641e-11	3.81473e-06	1.43052e-05	1.23978e-05	68.964
1276.2855	11.061	7.379124929999999e-11	2.6703e-05	-2.86104e-06	2.9564e-05	-4.968
1277.8319	11.065	7.381793449999999e-11	-7.62945e-06	5.72208e-06	1.23978e-05	149.934
1279.4184	11.069	7.38446197e-11	-2.19346e-05	-9.53682e-07	2.57493e-05	169.692
1280.9642	11.073	7.38713049e-11	-9.5368e-06	2.19346e-05	2.19346e-05	121.608
1282.5379	11.077	7.38979901e-11	1.90736e-06	4.38693e-05	4.38693e-05	85.734
1284.3715	11.081	7.39246753e-11	5.72208e-06	7.62945e-06	9.5368e-06	61.698
1285.9237	11.085	7.395136050000001e-11	-1.23978e-05	-1.43052e-05	1.71663e-05	-123.69
1287.502	11.089	7.397804569999999e-11	1.52589e-05	-6.67575e-06	1.71663e-05	-15.642
1289.0756	11.093	7.400473089999999e-11	-6.67575e-06	-1.04905e-05	1.52589e-05	-147.528
1290.6406	11.097	7.403141609999999e-11	-6.67575e-06	2.9564e-05	3.33788e-05	93.066
1292.1919	11.101	7.40581013e-11	-3.81473e-06	4.38693e-05	4.48229e-05	95.628
1293.7708	11.105	7.40847865e-11	9.5368e-06	-2.19346e-05	2.3842e-05	-51.342
1295.5996	11.109	7.41114717e-11	-2.0981e-05	8.58313e-06	2.28883e-05	163.608
1297.1634	11.113	7.41381569e-11	-2.28883e-05	5.72208e-06	2.86103e-05	159.588
1298.7624	11.117	7.41648421e-11	3.52862e-05	1.14442e-05	3.33788e-05	32.124
1300.316	11.121	7.41915273e-11	1.23978e-05	-1.14442e-05	1.71663e-05	-38.046
1301.8946	11.125	7.42182125e-11	-7.62945e-06	-1.04905e-05	1.52589e-05	-161.568
1303.7173	11.129	7.424489769999999e-11	2.9564e-05	1.62126e-05	3.52862e-05	24.078
1305.3181	11.133	7.427158289999999e-11	6.67575e-06	-5.72208e-06	1.04905e-05	-17.352
1306.87	11.137	7.42982681e-11	2.19346e-05	1.33515e-05	2.57493e-05	36.87
1308.4397	11.141	7.43249533e-11	2.86103e-05	1.33515e-05	3.24252e-05	27.594
1310.0043	11.145	7.435163849999999e-11	-1.81199e-05	-3.52862e-05	3.52862e-05	-124.626
1311.5772	11.149	7.437832369999999e-11	2.00273e-05	-2.0981e-05	3.05178e-05	-52.434
1313.1709	11.153	7.44050089e-11	-4.48229e-05	3.05178e-05	6.10356e-05	148.122
1314.7516	11.157	7.44316941e-11	-2.28883e-05	8.58313e-06	1.71663e-05	130.914
1316.5966	11.161	7.44583793e-11	-1.33515e-05	-9.5368e-06	1.23978e-05	-169.992
1318.1602	11.165	7.448506449999998e-11	1.90736e-06	-4.7684e-06	4.7684e-06	-69.444
1319.7109	11.169	7.45117497e-11	1.90736e-06	4.29156e-05	4.10082e-05	92.91
1321.2963	11.173	7.453843489999999e-11	1.14442e-05	-6.67575e-06	1.81199e-05	-27.3
1322.845	11.177	7.456512009999999e-11	-1.33515e-05	-2.76567e-05	3.05178e-05	-104.934
1324.3944	11.181	7.459180529999999e-11	8.58313e-06	-3.62399e-05	3.33788e-05	-86.496
1325.997	11.185	7.46184905e-11	-9.53682e-07	-5.72208e-06	2.86104e-06	0.0
1327.5628	11.189	7.46451757e-11	1.33515e-05	-2.86104e-06	1.71663e-05	-4.086
1329.1108	11.193	7.46718609e-11	-4.7684e-06	1.23978e-05	1.23978e-05	64.8
1330.6651	11.197	7.46985461e-11	-6.67575e-06	-2.76567e-05	2.86103e-05	-101.31
1332.254	11.201	7.47252313e-11	4.10082e-05	2.0981e-05	4.29156e-05	32.904
1333.8362	11.205	7.475191649999999e-11	8.58313e-06	-9.5368e-06	1.23978e-05	-55.62
1335.6565	11.209	7.477860169999999e-11	3.52862e-05	4.7684e-06	3.33788e-05	5.598
1337.2349	11.213	7.480528689999999e-11	-9.53682e-07	1.90736e-06	1.90736e-06	45.0
1338.7903	11.217	7.48319721e-11	6.67575e-06	-5.24523e-05	5.14986e-05	-93.762
1340.3866	11.221	7.48586573e-11	-9.5368e-06	-3.81473e-06	5.72208e-06	-139.398
1341.9532	11.225	7.48853425e-11	-1.33515e-05	9.5368e-06	1.52589e-05	136.734
1343.5207	11.229	7.49120277e-11	-1.62126e-05	-2.00273e-05	2.28883e-05	-139.968
1345.0922	11.233	7.49387129e-11	-2.76567e-05	1.71663e-05	3.14715e-05	129.21
1346.6532	11.237	7.496539809999999e-11	5.72208e-06	2.47956e-05	2.3842e-05	91.59
1348.4673	11.241	7.499208329999999e-11	-3.05178e-05	-4.7684e-06	2.86103e-05	-174.804
1350.0526	11.245	7.501876849999999e-11	-6.67575e-06	1.33515e-05	1.43052e-05	112.836
1351.5949	11.249	7.50454537e-11	1.90736e-05	0.0	2.19346e-05	-4.764
1353.1788	11.253	7.50721389e-11	2.3842e-05	3.81473e-06	2.57493e-05	15.75
1354.7511	11.257	7.50988241e-11	1.23978e-05	5.72208e-06	1.14442e-05	36.024
1356.3192	11.261	7.512550929999999e-11	6.67575e-06	-3.05178e-05	3.05178e-05	-68.682
1357.8692	11.265	7.51521945e-11	1.71663e-05	4.10082e-05	4.19619e-05	81.468
1359.6868	11.269	7.51788797e-11	3.14715e-05	8.58313e-06	3.52862e-05	19.8
1361.2522	11.273	7.52055649e-11	-6.67575e-06	1.43052e-05	1.43052e-05	92.724
1362.8387	11.277	7.523225009999999e-11	-5.81744e-05	-4.48229e-05	7.24797e-05	-140.928
1364.3936	11.281	7.52589353e-11	1.81199e-05	-1.90736e-06	1.71663e-05	-6.84
1365.9772	11.285	7.52856205e-11	-5.72208e-06	8.58313e-06	1.04905e-05	-176.988
1367.7952	11.289	7.531230569999999e-11	8.58313e-06	1.90736e-06	8.58313e-06	24.444
1369.3767	11.293	7.533899089999999e-11	-4.48229e-05	9.5368e-06	4.76839e-05	159.816
1370.9339	11.297	7.53656761e-11	-1.62126e-05	-1.14442e-05	2.19346e-05	-155.694
1372.7398	11.301	7.53923613e-11	-4.7684e-06	0.0	5.72208e-06	-168.69
1374.3235	11.305	7.54190465e-11	8.58313e-06	7.62945e-06	1.14442e-05	75.258
1375.8936	11.309	7.54457317e-11	2.57493e-05	9.53682e-07	2.19346e-05	18.432
1377.4686	11.313	7.54724169e-11	-2.57493e-05	-2.28883e-05	3.24252e-05	-143.364
1379.0409	11.317	7.549910209999999e-11	-1.71663e-05	-4.7684e-06	1.62126e-05	-161.568
1380.8801	11.321	7.552578729999999e-11	-6.67575e-06	-1.04905e-05	1.04905e-05	-147.996
1382.4492	11.325	7.555247249999999e-11	0.0	8.58313e-06	1.04905e-05	131.424
1384.0125	11.329	7.55791577e-11	1.90736e-05	-1.33515e-05	2.47956e-05	-19.356
1385.6005	11.333	7.56058429e-11	-2.0981e-05	9.5368e-06	1.14442e-05	156.036
1387.1663	11.337	7.56325281e-11	1.04905e-05	3.52862e-05	3.52862e-05	67.794
1388.7174	11.341	7.56592133e-11	0.0	-2.47956e-05	2.3842e-05	-72.648
1390.2948	11.345	7.56858985e-11	-1.04905e-05	9.5368e-06	1.62126e-05	149.418
1392.137	11.349	7.571258369999999e-11	0.0	-2.47956e-05	2.47956e-05	-70.146
1393.7077	11.353	7.573926889999999e-11	1.04905e-05	-1.23978e-05	1.90736e-05	-35.754
1395.251	11.357	7.576595409999999e-11	8.58313e-06	1.33515e-05	2.00273e-05	29.538
1396.8241	11.361	7.57926393e-11	5.72208e-06	-2.76567e-05	2.86103e-05	-87.396
1398.3761	11.365	7.58193245e-11	-2.00273e-05	1.71663e-05	2.3842e-05	138.654
1400.1985	11.369	7.58460097e-11	1.33515e-05	-6.67575e-06	1.43052e-05	-8.13
1401.742	11.373	7.58726949e-11	1.33515e-05	-3.24252e-05	3.33788e-05	-67.56
1403.3151	11.377	7.58993801e-11	2.00273e-05	-2.28883e-05	3.05178e-05	-50.964
1405.1379	11.381	7.59260653e-11	1.90736e-05	6.67575e-06	1.52589e-05	23.202
1406.7229	11.385	7.595275049999999e-11	9.5368e-06	-6.67575e-06	1.04905e-05	-67.62
1408.3163	11.389	7.597943569999999e-11	-9.5368e-06	-3.05178e-05	3.05178e-05	-96.63
1409.8866	11.393	7.60061209e-11	0.0	1.52589e-05	1.81199e-05	109.026
1411.4873	11.397	7.60328061e-11	-1.71663e-05	9.5368e-06	2.47956e-05	145.122
1413.2922	11.401	7.60594913e-11	-2.86104e-06	1.14442e-05	1.23978e-05	98.532
1414.8543	11.405	7.608617649999999e-11	2.6703e-05	-4.7684e-06	2.57493e-05	1.506
1416.4276	11.409	7.61128617e-11	6.67575e-06	-2.0981e-05	2.28883e-05	-57.654
1417.9815	11.413	7.61395469e-11	2.9564e-05	1.62126e-05	3.24252e-05	28.704
1419.5725	11.417	7.61662321e-11	2.86103e-05	-7.62945e-06	2.9564e-05	-12.528
1421.1472	11.421	7.61929173e-11	8.58313e-06	-8.58313e-06	1.23978e-05	-59.034
1422.7078	11.425	7.62196025e-11	2.00273e-05	-2.6703e-05	3.05178e-05	-73.884
1424.2894	11.429	7.62462877e-11	-2.86104e-06	8.58313e-06	4.7684e-06	104.034
1425.857	11.433	7.627297289999999e-11	-1.04905e-05	3.05178e-05	3.33788e-05	113.052
1427.4277	11.437	7.629965809999999e-11	-1.71663e-05	3.81473e-06	2.3842e-05	170.958
1428.9973	11.441	7.63263433e-11	-5.72208e-06	-1.14442e-05	1.23978e-05	-75.258
1430.5577	11.445	7.63530285e-11	-2.86104e-06	1.52589e-05	1.62126e-05	119.478
1432.3666	11.449	7.63797137e-11	-2.6703e-05	5.72208e-06	2.57493e-05	161.076
1433.9866	11.453	7.64063989e-11	1.23978e-05	8.58313e-06	1.23978e-05	67.62
1435.533	11.457	7.64330841e-11	-4.7684e-06	3.52862e-05	3.71935e-05	97.854
1437.1031	11.461	7.645976929999999e-11	1.04905e-05	-8.58313e-06	1.62126e-05	-34.284
1438.6707	11.465	7.648645449999999e-11	-4.00546e-05	-2.28883e-05	4.48229e-05	-155.772
1440.4903	11.469	7.651313969999999e-11	8.58313e-06	-1.62126e-05	1.71663e-05	-56.886
1442.0712	11.473	7.65398249e-11	-4.7684e-06	5.72208e-06	1.04905e-05	130.236
1443.6392	11.477	7.65665101e-11	1.04905e-05	-1.43052e-05	1.90736e-05	-75.174
1445.4864	11.481	7.65931953e-11	-9.5368e-06	6.67575e-06	7.62945e-06	71.568
1447.0359	11.485	7.66198805e-11	9.53682e-07	-6.67575e-06	8.58313e-06	-29.748
1448.6149	11.489	7.66465657e-11	1.04905e-05	-9.53682e-07	9.5368e-06	23.202
1450.1864	11.493	7.66732509e-11	-6.67575e-06	1.04905e-05	1.33515e-05	102.264
1451.7545	11.497	7.669993609999999e-11	-7.62945e-06	0.0	3.81473e-06	94.398
1453.5561	11.501	7.672662129999999e-11	1.52589e-05	-6.67575e-06	1.71663e-05	-29.982
1455.1244	11.505	7.67533065e-11	-3.81473e-06	1.04905e-05	1.04905e-05	73.608
1456.6953	11.509	7.67799917e-11	2.9564e-05	1.43052e-05	3.33788e-05	19.884
1458.2872	11.513	7.68066769e-11	1.90736e-05	1.90736e-05	3.33788e-05	34.566
1459.8602	11.517	7.68333621e-11	4.57766e-05	-2.86104e-06	5.0545e-05	0.0
1461.4578	11.521	7.68600473e-11	3.14715e-05	1.90736e-06	3.05178e-05	24.54
1463.0241	11.525	7.68867325e-11	1.90736e-05	-6.67575e-06	1.43052e-05	-45.0
1464.8425	11.529	7.69134177e-11	1.90736e-05	4.95913e-05	5.24523e-05	76.674
1466.4452	11.533	7.694010289999999e-11	8.58313e-06	1.04905e-05	1.90736e-05	31.266
1468.0148	11.537	7.69667881e-11	-5.53133e-05	-6.67575e-06	5.6267e-05	-175.962
1469.5975	11.541	7.69934733e-11	-6.67575e-06	1.04905e-05	1.33515e-05	84.642
1471.1437	11.545	7.70201585e-11	1.04905e-05	-7.62945e-06	1.23978e-05	-25.2
1472.9672	11.549	7.704684369999999e-11	-1.62126e-05	-2.9564e-05	3.05178e-05	-129.642
1474.5178	11.553	7.70735289e-11	-1.62126e-05	-4.38693e-05	4.57766e-05	-108.948
1476.109	11.557	7.71002141e-11	-1.52589e-05	-7.62945e-06	1.33515e-05	-126.252
1477.9283	11.561	7.71268993e-11	4.7684e-06	-6.67575e-06	1.23978e-05	7.122
1479.4929	11.565	7.71535845e-11	-4.7684e-06	-2.47956e-05	2.6703e-05	-108.432
1481.0654	11.569	7.71802697e-11	-2.3842e-05	3.81473e-06	2.3842e-05	164.052
1482.681	11.573	7.72069549e-11	-4.7684e-06	-2.57493e-05	3.24252e-05	-123.408
1484.2275	11.577	7.723364009999999e-11	4.86376e-05	3.24252e-05	5.9128e-05	33.87
1485.806	11.581	7.726032529999999e-11	2.00273e-05	2.00273e-05	3.05178e-05	37.116
1487.3771	11.585	7.72870105e-11	-8.58313e-06	0.0	1.43052e-05	180.0
1488.9466	11.589	7.73136957e-11	3.91009e-05	-6.67575e-06	4.29156e-05	-14.874
1490.4998	11.593	7.73403809e-11	-7.62945e-06	-1.14442e-05	1.71663e-05	-119.052
1492.0756	11.597	7.73670661e-11	-2.00273e-05	-2.28883e-05	3.05178e-05	-122.004
1493.6463	11.601	7.739375130000001e-11	-9.5368e-06	2.6703e-05	2.86103e-05	112.038
1495.2157	11.605	7.742043649999999e-11	-2.3842e-05	2.00273e-05	2.86103e-05	138.942
1497.0561	11.609	7.744712169999999e-11	-1.14442e-05	-7.62945e-06	1.14442e-05	-165.966
1498.6185	11.613	7.747380689999999e-11	-1.04905e-05	-2.0981e-05	2.3842e-05	-130.428
1500.2176	11.617	7.75004921e-11	-9.53682e-07	-5.72208e-06	3.81473e-06	-71.568
1501.804	11.621	7.75271773e-11	-3.43325e-05	8.58313e-06	2.86103e-05	157.692
1503.3673	11.625	7.75538625e-11	-2.19346e-05	-4.7684e-06	2.47956e-05	-169.824
1504.9543	11.629	7.75805477e-11	1.33515e-05	1.52589e-05	1.90736e-05	84.804
1506.5228	11.633	7.760723289999999e-11	2.28883e-05	-7.62945e-06	2.0981e-05	-6.114
1508.0862	11.637	7.76339181e-11	2.0981e-05	2.3842e-05	3.33788e-05	31.758
1509.9077	11.641	7.76606033e-11	1.33515e-05	-4.00546e-05	4.10082e-05	-76.866
1511.4629	11.645	7.768728849999999e-11	2.19346e-05	1.52589e-05	2.57493e-05	36.57
1513.0445	11.649	7.771397369999999e-11	-1.33515e-05	3.81473e-06	1.33515e-05	154.656
1514.6116	11.653	7.77406589e-11	-2.86104e-06	-1.33515e-05	1.04905e-05	-48.012
1516.1988	11.657	7.77673441e-11	2.6703e-05	-3.81473e-06	2.57493e-05	-18.432
1517.7427	11.661	7.779402929999999e-11	-6.67575e-06	-1.33515e-05	1.43052e-05	-92.292
1519.3147	11.665	7.782071449999999e-11	5.72208e-06	2.0981e-05	1.90736e-05	83.418
1520.8822	11.669	7.78473997e-11	5.72208e-06	3.81473e-06	1.04905e-05	40.236
1522.4495	11.673	7.78740849e-11	2.19346e-05	5.0545e-05	5.6267e-05	69.84
1524.0007	11.677	7.79007701e-11	-9.5368e-06	-2.0981e-05	2.57493e-05	-131.058
1525.5642	11.681	7.792745529999998e-11	-4.7684e-06	1.23978e-05	1.43052e-05	109.176
1527.1321	11.685	7.79541405e-11	1.81199e-05	1.81199e-05	3.05178e-05	30.762
1528.9719	11.689	7.79808257e-11	-1.71663e-05	5.72208e-06	1.71663e-05	160.2
1530.5719	11.693	7.800751089999999e-11	-6.67575e-06	-6.67575e-06	1.04905e-05	-128.16
1532.1383	11.697	7.803419609999999e-11	6.5804e-05	2.86103e-05	6.77113e-05	22.89
1533.7367	11.701	7.80608813e-11	-1.71663e-05	5.72208e-06	2.19346e-05	158.496
1535.3044	11.705	7.80875665e-11	4.86376e-05	7.62945e-06	5.14986e-05	8.028
1536.8705	11.709	7.81142517e-11	2.86104e-06	-1.90736e-05	2.19346e-05	-76.332
1538.4384	11.713	7.81409369e-11	1.33515e-05	-3.33788e-05	3.33788e-05	-60.834
1540.0001	11.717	7.81676221e-11	1.23978e-05	-4.7684e-06	1.23978e-05	-33.69
1541.8242	11.721	7.819430729999999e-11	2.6703e-05	-1.33515e-05	3.14715e-05	-19.884
1543.3783	11.725	7.822099249999999e-11	-1.90736e-06	3.62399e-05	3.62399e-05	95.388
1544.9571	11.729	7.824767769999999e-11	5.72208e-06	1.23978e-05	1.14442e-05	84.804
1546.5638	11.733	7.82743629e-11	4.38693e-05	1.90736e-06	4.19619e-05	2.862
1548.3852	11.737	7.83010481e-11	-1.23978e-05	-3.62399e-05	3.81472e-05	-106.608
1549.935	11.741	7.83277333e-11	5.72208e-06	1.23978e-05	1.23978e-05	73.302
1551.5493	11.745	7.83544185e-11	1.33515e-05	-6.67575e-06	2.00273e-05	-11.634
1553.1366	11.749	7.83811037e-11	2.6703e-05	8.58313e-06	2.57493e-05	26.562
1554.7026	11.753	7.840778889999999e-11	1.04905e-05	-6.67575e-06	1.14442e-05	-10.62
1556.268	11.757	7.843447409999999e-11	-5.72208e-06	3.81473e-06	5.72208e-06	119.748
1557.8171	11.761	7.846115929999999e-11	1.52589e-05	7.62945e-06	1.43052e-05	35.22
1559.3897	11.765	7.84878445e-11	2.3842e-05	4.7684e-06	1.81199e-05	-2.292
1561.2056	11.769	7.85145297e-11	-2.47956e-05	3.05178e-05	4.19619e-05	133.698
1562.778	11.773	7.85412149e-11	-1.62126e-05	1.90736e-06	1.23978e-05	169.992
1564.345	11.777	7.856790009999999e-11	-5.72208e-06	2.19346e-05	2.57493e-05	120.966
1565.9119	11.781	7.85945853e-11	-8.58313e-06	3.52862e-05	3.52862e-05	96.582
1567.4776	11.785	7.86212705e-11	1.71663e-05	-7.62945e-06	1.33515e-05	-25.02
1569.0477	11.789	7.86479557e-11	5.72208e-06	-1.52589e-05	1.90736e-05	-37.878
1570.6307	11.793	7.867464089999999e-11	-3.81472e-05	-4.7684e-06	4.19619e-05	-177.36
1572.1974	11.797	7.87013261e-11	-3.62399e-05	-7.62945e-06	3.71935e-05	-164.748
1574.0132	11.801	7.87280113e-11	-9.5368e-06	-1.71663e-05	2.0981e-05	-96.342
1575.5875	11.805	7.875469649999999e-11	6.67575e-06	-2.47956e-05	2.6703e-05	-65.898
1577.1883	11.809	7.878138169999999e-11	2.86103e-05	-4.86376e-05	5.6267e-05	-44.502
1578.7509	11.813	7.88080669e-11	5.72208e-06	1.14442e-05	1.62126e-05	59.034
1580.5929	11.817	7.88347521e-11	-2.47956e-05	5.72208e-06	2.00273e-05	161.568
1582.1708	11.821	7.88614373e-11	-1.33515e-05	-1.43052e-05	2.0981e-05	-163.14
1583.7374	11.825	7.88881225e-11	2.47956e-05	2.86104e-06	2.19346e-05	-10.62
1585.3066	11.829	7.89148077e-11	-6.67575e-06	-2.47956e-05	2.28883e-05	-91.734
1587.1338	11.833	7.894149289999999e-11	-2.00273e-05	6.67575e-06	2.28883e-05	161.568
1588.6986	11.837	7.896817809999999e-11	4.7684e-06	-1.90736e-06	5.72208e-06	0.0
1590.276	11.841	7.899486329999999e-11	-9.53682e-07	-2.47956e-05	1.90736e-05	-99.09
1591.8782	11.845	7.90215485e-11	-2.9564e-05	2.86104e-06	2.86103e-05	172.404
1593.7063	11.849	7.90482337e-11	-2.28883e-05	-2.28883e-05	2.9564e-05	-136.908
1595.2696	11.853	7.90749189e-11	-2.9564e-05	0.0	3.05178e-05	-171.87
1596.8202	11.857	7.91016041e-11	3.81473e-06	9.53682e-07	5.72208e-06	-34.992
1598.3833	11.861	7.91282893e-11	-1.90736e-06	2.47956e-05	2.28883e-05	77.664
1599.9709	11.865	7.915497449999999e-11	-2.47956e-05	-2.3842e-05	3.52862e-05	-135.0
1601.5812	11.869	7.918165969999999e-11	-3.81472e-05	-2.28883e-05	4.00546e-05	-146.886
1603.1415	11.873	7.920834489999999e-11	3.71935e-05	1.71663e-05	4.19619e-05	22.134
1604.7056	11.877	7.92350301e-11	1.04905e-05	3.05178e-05	3.05178e-05	75.966
1606.5299	11.881	7.92617153e-11	-8.58313e-06	4.86376e-05	4.95913e-05	90.756
1608.1122	11.885	7.92884005e-11	6.67577e-05	-2.6703e-05	7.91554e-05	-15.624
1609.6803	11.889	7.93150857e-11	-1.90736e-06	1.62126e-05	1.71663e-05	109.8
1611.2398	11.893	7.93417709e-11	1.90736e-06	2.0981e-05	2.28883e-05	97.698
1612.7961	11.897	7.93684561e-11	2.9564e-05	-1.62126e-05	3.91009e-05	-34.698
1614.6032	11.901	7.939514129999999e-11	3.62399e-05	0.0	3.71935e-05	-3.012