Time (s) 	 Position (mm) 	 Delay (s) 	 X 	 Y 	 R 	 theta 
#Without Preamplifier,searching for the GaP signal, ZnTe detector angle 40deg, Chopper 230Hz, time constant=0.1s 24dB, waiting time= 1.0s, sensitivity=20mV
1.742	7.7	5.1369009999999997e-11	1.52589e-05	-3.24252e-05	3.33788e-05	-80.91
3.3387	7.704	5.1395695199999995e-11	-2.6703e-05	5.72208e-06	2.47956e-05	168.69
4.9409	7.708	5.14223804e-11	9.5368e-06	1.04905e-05	8.58313e-06	124.992
6.5037	7.712	5.14490656e-11	2.86104e-06	1.90736e-05	1.71663e-05	99.09
8.0599	7.716	5.1475750799999996e-11	1.62126e-05	6.67575e-06	2.0981e-05	31.83
9.849	7.72	5.1502435999999994e-11	-5.9128e-05	1.90736e-06	5.9128e-05	179.358
11.4328	7.724	5.15291212e-11	2.47956e-05	-1.62126e-05	3.81472e-05	-30.966
13.2363	7.728	5.15558064e-11	-1.62126e-05	-6.67575e-06	1.62126e-05	-151.392
14.8276	7.732	5.15824916e-11	-2.3842e-05	1.62126e-05	2.3842e-05	139.968
16.3718	7.736	5.1609176799999993e-11	1.14442e-05	3.43325e-05	3.62399e-05	64.854
17.9872	7.74	5.1635862e-11	-1.14442e-05	-2.86104e-06	1.04905e-05	163.608
19.5395	7.744	5.1662547199999996e-11	1.33515e-05	5.72208e-06	1.23978e-05	38.658
21.1114	7.748	5.16892324e-11	1.90736e-06	8.58313e-06	1.23978e-05	49.896
22.6606	7.752	5.17159176e-11	1.23978e-05	-1.43052e-05	1.52589e-05	-70.71
24.2259	7.756	5.17426028e-11	-2.28883e-05	4.7684e-06	1.71663e-05	165.258
26.0523	7.76	5.1769287999999995e-11	2.86103e-05	5.72208e-06	3.14715e-05	14.034
27.6153	7.764	5.17959732e-11	1.52589e-05	-8.58313e-06	2.19346e-05	-24.306
29.4116	7.768	5.18226584e-11	8.58313e-06	1.90736e-06	1.14442e-05	21.252
30.9723	7.772	5.1849343599999997e-11	-2.47956e-05	-4.7684e-06	2.00273e-05	-173.658
32.5617	7.776	5.1876028799999995e-11	1.04905e-05	-2.47956e-05	2.6703e-05	-74.982
34.1608	7.78	5.1902714e-11	-2.86104e-06	-5.72208e-06	4.7684e-06	-56.31
35.7364	7.784	5.19293992e-11	5.72208e-06	-7.62945e-06	8.58313e-06	-82.404
37.3035	7.788	5.19560844e-11	-1.04905e-05	2.57493e-05	2.57493e-05	97.308
38.8941	7.792	5.1982769599999994e-11	9.53682e-07	2.19346e-05	2.0981e-05	84.474
40.4408	7.796	5.20094548e-11	2.28883e-05	3.14715e-05	3.81472e-05	53.748
41.9922	7.8	5.203614e-11	-2.0981e-05	-2.6703e-05	3.24252e-05	-125.394
43.5736	7.804	5.20628252e-11	1.14442e-05	-6.67575e-06	8.58313e-06	4.764
45.1239	7.808	5.208951039999999e-11	1.62126e-05	3.52862e-05	3.91009e-05	69.102
46.6769	7.812	5.21161956e-11	1.33515e-05	9.53682e-07	1.33515e-05	2.724
48.2329	7.816	5.2142880799999996e-11	-2.00273e-05	1.52589e-05	2.28883e-05	140.826
50.0479	7.82	5.2169566e-11	6.67575e-06	9.5368e-06	1.23978e-05	74.478
51.6231	7.824	5.21962512e-11	-4.7684e-06	-1.90736e-06	3.81473e-06	-165.966
53.4281	7.828	5.22229364e-11	3.24252e-05	2.19346e-05	3.33788e-05	37.35
55.007	7.832	5.2249621599999995e-11	-1.81199e-05	-4.7684e-06	1.90736e-05	-168.312
56.5924	7.836	5.22763068e-11	4.7684e-06	-3.05178e-05	3.05178e-05	-72.348
58.1427	7.84	5.2302992e-11	3.05178e-05	1.90736e-05	3.43325e-05	32.736
59.7135	7.844	5.2329677199999996e-11	3.33788e-05	-4.48229e-05	5.6267e-05	-57.996
61.2805	7.848	5.2356362399999995e-11	1.52589e-05	1.62126e-05	2.0981e-05	43.668
62.8256	7.852	5.23830476e-11	-1.62126e-05	5.72208e-06	1.43052e-05	174.288
64.401	7.856	5.24097328e-11	1.14442e-05	1.90736e-06	1.33515e-05	2.724
66.2149	7.86	5.2436418e-11	-6.67575e-06	-3.33788e-05	3.43325e-05	-105.642
67.768	7.864	5.2463103199999994e-11	2.28883e-05	-1.33515e-05	2.0981e-05	-33.114
69.5806	7.868	5.24897884e-11	-4.7684e-06	0.0	3.81473e-06	171.87
71.1415	7.872	5.2516473599999997e-11	5.43597e-05	-2.28883e-05	6.19893e-05	-23.04
72.7138	7.876	5.25431588e-11	-3.05178e-05	6.67575e-06	3.14715e-05	161.94
74.28	7.88	5.2569844e-11	3.05178e-05	1.90736e-06	3.05178e-05	1.272
75.8346	7.884	5.25965292e-11	-1.14442e-05	3.91009e-05	3.71935e-05	108.78
77.4016	7.888	5.2623214399999996e-11	3.62399e-05	-2.9564e-05	4.57766e-05	-38.658
78.9616	7.892	5.26498996e-11	-7.62945e-06	-2.00273e-05	2.0981e-05	-95.526
80.5312	7.896	5.26765848e-11	-9.53682e-07	1.04905e-05	1.14442e-05	92.862
82.4064	7.9	5.270327e-11	1.90736e-06	6.67575e-06	2.86104e-06	-171.87
83.9704	7.904	5.2729955199999995e-11	-9.5368e-06	2.0981e-05	2.28883e-05	93.012
85.7795	7.908	5.27566404e-11	1.52589e-05	-2.76567e-05	3.52862e-05	-67.068
87.3406	7.912	5.27833256e-11	3.81473e-06	-2.19346e-05	2.00273e-05	-97.35
88.9262	7.916	5.28100108e-11	-3.33788e-05	-1.04905e-05	3.43325e-05	-177.708
90.5141	7.92	5.2836695999999994e-11	5.72208e-06	3.81473e-06	1.04905e-05	27.9
92.0802	7.924	5.28633812e-11	9.5368e-06	2.57493e-05	2.9564e-05	69.72
93.6462	7.928	5.28900664e-11	-1.62126e-05	3.62399e-05	4.19619e-05	115.344
95.1934	7.932	5.29167516e-11	-1.62126e-05	3.81473e-06	1.33515e-05	159.774
96.7588	7.936	5.2943436799999994e-11	1.52589e-05	2.86103e-05	2.86103e-05	56.724
98.5842	7.94	5.2970122e-11	-9.5368e-06	0.0	1.04905e-05	165.966
100.151	7.944	5.2996807199999997e-11	3.81473e-06	-2.47956e-05	2.47956e-05	-73.446
101.9773	7.948	5.30234924e-11	3.05178e-05	-9.5368e-06	3.24252e-05	-12.906
103.5636	7.952	5.30501776e-11	-3.81473e-06	-2.86104e-06	1.04905e-05	-163.302
105.1288	7.956	5.30768628e-11	-1.81199e-05	5.72208e-06	2.19346e-05	152.022
106.6768	7.96	5.3103547999999996e-11	-2.86104e-06	8.58313e-06	6.67575e-06	119.748
108.2611	7.964	5.31302332e-11	3.81473e-06	-1.33515e-05	1.23978e-05	-34.506
109.8076	7.968	5.31569184e-11	-6.67575e-06	3.81473e-06	5.72208e-06	102.528
111.3625	7.972	5.31836036e-11	3.24252e-05	3.05178e-05	4.67303e-05	44.43
112.9174	7.976	5.3210288799999995e-11	0.0	1.52589e-05	1.33515e-05	96.012
114.4994	7.98	5.3236974e-11	1.52589e-05	-2.76567e-05	2.9564e-05	-49.842
116.0843	7.984	5.32636592e-11	-3.81473e-06	9.5368e-06	8.58313e-06	143.13
117.6677	7.988	5.32903444e-11	1.62126e-05	2.86103e-05	3.24252e-05	49.764
119.2275	7.992	5.3317029599999994e-11	2.57493e-05	7.62945e-06	3.05178e-05	7.272
120.7925	7.996	5.33437148e-11	2.86103e-05	-4.57766e-05	5.53133e-05	-60.084
122.6167	8.0	5.33704e-11	-3.14715e-05	-1.04905e-05	2.9564e-05	-149.268
124.2032	8.004	5.3397085199999995e-11	3.81473e-06	1.90736e-06	3.81473e-06	18.432
125.7547	8.008	5.3423770399999994e-11	-1.33515e-05	-2.28883e-05	2.28883e-05	-101.976
127.3404	8.012	5.34504556e-11	-1.62126e-05	-2.86104e-06	1.71663e-05	-147.378
128.9218	8.016	5.3477140799999996e-11	5.72208e-06	-9.5368e-06	1.04905e-05	-45.0
130.4744	8.02	5.3503825999999995e-11	-1.04905e-05	-1.04905e-05	1.71663e-05	-144.69
132.0394	8.024	5.353051119999999e-11	-2.3842e-05	-1.33515e-05	3.05178e-05	-153.438
133.5934	8.028	5.35571964e-11	-9.5368e-06	-1.62126e-05	1.71663e-05	-113.748
135.4421	8.032	5.3583881599999996e-11	-2.0981e-05	2.86103e-05	4.00546e-05	118.41
137.0107	8.036	5.3610566799999994e-11	5.72208e-06	1.52589e-05	1.71663e-05	68.196
138.5679	8.04	5.363725199999999e-11	0.0	-2.76567e-05	2.86103e-05	-88.728
140.1278	8.044	5.3663937200000003e-11	2.00273e-05	-2.00273e-05	2.6703e-05	-40.764
141.9905	8.048	5.3690622399999995e-11	2.3842e-05	-2.9564e-05	4.57766e-05	-57.354
143.5361	8.052	5.371730759999999e-11	1.04905e-05	2.00273e-05	2.3842e-05	69.078
145.122	8.056	5.374399279999999e-11	-9.53682e-07	2.00273e-05	2.0981e-05	70.464
146.6718	8.06	5.3770678e-11	8.58313e-06	2.19346e-05	2.00273e-05	62.358
148.2568	8.064	5.37973632e-11	3.33788e-05	-1.14442e-05	3.71935e-05	-9.294
150.0618	8.068	5.382404839999999e-11	5.72208e-06	1.43052e-05	1.52589e-05	82.566
151.6411	8.072	5.385073359999999e-11	-2.86104e-06	-7.62945e-06	1.23978e-05	-111.804
153.213	8.076	5.38774188e-11	-1.90736e-06	3.81473e-06	3.81473e-06	101.31
155.0186	8.08	5.3904104e-11	-1.33515e-05	-1.33515e-05	1.52589e-05	-124.38
156.6018	8.084	5.393078919999999e-11	-1.33515e-05	2.86103e-05	2.76567e-05	102.996
158.1637	8.088	5.395747439999999e-11	1.23978e-05	1.04905e-05	1.81199e-05	36.468
159.7206	8.092	5.39841596e-11	5.72208e-06	-1.90736e-05	2.19346e-05	-59.622
161.3039	8.096	5.40108448e-11	-9.53682e-07	1.23978e-05	1.04905e-05	67.38
163.106	8.1	5.403753e-11	1.23978e-05	-3.81473e-06	1.23978e-05	-21.252
164.6977	8.104	5.406421519999999e-11	-2.86104e-06	4.76839e-05	4.95913e-05	80.034
166.2732	8.108	5.40909004e-11	8.58313e-06	-2.47956e-05	2.57493e-05	-79.824
167.8424	8.112	5.41175856e-11	-9.53682e-07	1.52589e-05	1.62126e-05	114.624
169.3953	8.116	5.4144270799999997e-11	-2.47956e-05	2.86103e-05	3.33788e-05	119.052
170.9457	8.12	5.4170955999999995e-11	1.90736e-06	0.0	1.90736e-06	-18.432
172.5175	8.124	5.41976412e-11	1.52589e-05	1.23978e-05	2.00273e-05	45.0
174.3216	8.128	5.42243264e-11	4.7684e-06	-2.28883e-05	2.19346e-05	-65.856
175.8909	8.132	5.4251011599999996e-11	4.57766e-05	-1.81199e-05	4.95913e-05	-27.936
177.4342	8.136	5.4277696799999994e-11	-1.81199e-05	-9.5368e-06	1.52589e-05	-146.31
179.0054	8.14	5.4304382e-11	5.72208e-06	-1.62126e-05	1.71663e-05	-45.0
180.5597	8.144	5.43310672e-11	3.24252e-05	9.5368e-06	3.24252e-05	18.06
182.3636	8.148	5.4357752399999995e-11	-4.67303e-05	-1.62126e-05	5.0545e-05	-163.74
183.9121	8.152	5.4384437599999993e-11	-1.43052e-05	-9.5368e-06	1.33515e-05	-153.438
185.4985	8.156	5.44111228e-11	-1.43052e-05	-2.0981e-05	2.19346e-05	-109.98
187.3232	8.16	5.4437807999999996e-11	-1.14442e-05	-2.86104e-06	9.5368e-06	-151.392
188.8875	8.164	5.4464493199999994e-11	-1.04905e-05	-2.86104e-06	8.58313e-06	-145.302
190.456	8.168	5.449117839999999e-11	-1.81199e-05	2.0981e-05	2.86103e-05	136.788
192.0024	8.172	5.4517863600000004e-11	-2.86104e-06	-2.28883e-05	2.19346e-05	-93.468
193.5929	8.176	5.4544548799999996e-11	-1.33515e-05	9.53682e-07	9.5368e-06	-135.0
195.3941	8.18	5.4571233999999994e-11	1.52589e-05	6.67575e-06	1.62126e-05	38.292
196.9937	8.184	5.459791919999999e-11	-1.33515e-05	-9.5368e-06	1.90736e-05	-164.292
198.5419	8.188	5.46246044e-11	-2.00273e-05	2.57493e-05	3.05178e-05	122.97
200.133	8.192	5.46512896e-11	1.23978e-05	-1.14442e-05	2.00273e-05	-53.472
201.7131	8.196	5.467797479999999e-11	-7.62945e-06	8.58313e-06	1.23978e-05	131.184
203.3071	8.2	5.470465999999999e-11	2.19346e-05	-2.47956e-05	3.62399e-05	-36.252
204.8762	8.204	5.47313452e-11	-1.81199e-05	3.62399e-05	3.91009e-05	106.074
206.6973	8.208	5.47580304e-11	-9.5368e-06	3.71935e-05	3.91009e-05	107.526
208.2551	8.212	5.478471559999999e-11	7.62945e-06	7.62945e-06	1.04905e-05	79.992
209.839	8.216	5.481140079999999e-11	-6.67575e-06	1.90736e-06	4.7684e-06	171.87
211.416	8.22	5.4838086e-11	1.52589e-05	1.90736e-06	1.81199e-05	5.904
212.9843	8.224	5.48647712e-11	1.90736e-05	-1.62126e-05	2.3842e-05	-28.074
214.552	8.228	5.48914564e-11	-7.62945e-06	-2.47956e-05	2.86103e-05	-111.126
216.14	8.232	5.491814159999999e-11	1.90736e-05	3.81473e-06	1.81199e-05	23.748
217.7006	8.236	5.49448268e-11	2.86104e-06	2.6703e-05	2.9564e-05	101.31
219.5105	8.24	5.4971512e-11	1.62126e-05	2.76567e-05	3.24252e-05	49.896
221.0617	8.244	5.49981972e-11	5.72208e-06	7.62945e-06	6.67575e-06	83.658
222.6099	8.248	5.5024882399999995e-11	3.81473e-06	-9.53682e-07	2.86104e-06	-11.31
224.1797	8.252	5.50515676e-11	1.90736e-06	-2.86104e-06	1.90736e-06	-68.196
225.7456	8.256	5.50782528e-11	1.71663e-05	2.3842e-05	3.24252e-05	53.808
227.5831	8.26	5.5104937999999996e-11	3.05178e-05	1.04905e-05	3.91009e-05	13.188
229.1335	8.264	5.5131623199999995e-11	1.81199e-05	3.52862e-05	3.71935e-05	65.82
230.7223	8.268	5.51583084e-11	1.90736e-05	-1.14442e-05	1.90736e-05	-34.992
232.3044	8.272	5.51849936e-11	-1.52589e-05	3.81473e-06	8.58313e-06	116.562
233.8912	8.276	5.5211678799999996e-11	-1.81199e-05	-6.67575e-06	2.19346e-05	-171.636
235.4686	8.28	5.5238363999999994e-11	-3.81473e-06	-2.19346e-05	2.19346e-05	-100.62
237.0558	8.284	5.52650492e-11	-2.0981e-05	1.62126e-05	2.47956e-05	155.556
238.8591	8.288	5.52917344e-11	6.67575e-06	-1.23978e-05	1.33515e-05	-48.576
240.429	8.292	5.5318419599999995e-11	2.86103e-05	5.72208e-06	2.9564e-05	14.352
242.0059	8.296	5.534510479999999e-11	7.62945e-06	5.72208e-06	1.33515e-05	26.562
243.5944	8.3	5.5371790000000004e-11	-1.33515e-05	-2.47956e-05	2.6703e-05	-111.036
245.1635	8.304	5.5398475199999996e-11	1.62126e-05	-7.62945e-06	2.19346e-05	-10.008
246.9964	8.308	5.5425160399999994e-11	-1.33515e-05	-2.86104e-06	1.04905e-05	-176.634
248.5836	8.312	5.545184559999999e-11	-1.14442e-05	-1.81199e-05	2.3842e-05	-122.472
250.1375	8.316	5.5478530800000004e-11	5.72208e-06	1.23978e-05	1.71663e-05	42.138
251.699	8.32	5.5505216e-11	1.71663e-05	-2.3842e-05	2.86103e-05	-48.942
253.2484	8.324	5.5531901199999994e-11	-7.1526e-05	-3.43325e-05	7.91554e-05	-152.574
255.0916	8.328	5.555858639999999e-11	2.86103e-05	8.58313e-06	3.52862e-05	12.528
256.6454	8.332	5.55852716e-11	-1.04905e-05	-4.7684e-06	1.62126e-05	-157.83
258.2288	8.336	5.56119568e-11	-2.00273e-05	-1.90736e-06	1.90736e-05	-174.096
260.0357	8.34	5.5638642e-11	-2.28883e-05	2.00273e-05	2.9564e-05	127.116
261.602	8.344	5.566532719999999e-11	-1.62126e-05	2.86104e-06	2.00273e-05	148.17
263.1468	8.348	5.56920124e-11	2.28883e-05	8.58313e-06	1.90736e-05	23.748
264.7375	8.352	5.57186976e-11	5.24523e-05	1.62126e-05	5.24523e-05	20.724
266.289	8.356	5.57453828e-11	-1.90736e-05	2.9564e-05	3.71935e-05	118.302
268.0912	8.36	5.577206799999999e-11	-2.86104e-06	2.6703e-05	2.86103e-05	91.302
269.6605	8.364	5.57987532e-11	5.72208e-06	1.71663e-05	1.71663e-05	83.16
271.2535	8.368	5.58254384e-11	-2.00273e-05	1.23978e-05	3.33788e-05	156.54
272.821	8.372	5.58521236e-11	2.86104e-06	-9.5368e-06	9.5368e-06	-100.008
274.3806	8.376	5.5878808799999996e-11	6.67575e-06	1.33515e-05	1.52589e-05	62.358
275.9738	8.38	5.5905494e-11	-7.24797e-05	2.19346e-05	7.91554e-05	162.306
277.5231	8.384	5.59321792e-11	1.23978e-05	-1.23978e-05	1.81199e-05	-42.276
279.347	8.388	5.59588644e-11	-3.14715e-05	-5.14986e-05	6.10356e-05	-122.136
280.9317	8.392	5.5985549599999995e-11	8.58313e-06	5.72208e-06	8.58313e-06	61.698
282.4846	8.396	5.60122348e-11	4.7684e-06	-2.6703e-05	2.57493e-05	-68.196
284.0487	8.4	5.603892e-11	1.33515e-05	1.90736e-05	2.28883e-05	53.472
285.5998	8.404	5.6065605199999996e-11	-2.86104e-06	-1.81199e-05	1.71663e-05	-70.2
287.4251	8.408	5.6092290399999994e-11	-3.81473e-06	9.53682e-07	4.7684e-06	174.804
288.9926	8.412	5.6118975600000006e-11	1.23978e-05	-4.00546e-05	4.10082e-05	-70.344
290.5424	8.416	5.61456608e-11	1.14442e-05	-4.7684e-06	1.23978e-05	-8.532
292.1223	8.42	5.6172345999999996e-11	4.86376e-05	2.86104e-06	5.72207e-05	0.0
293.7047	8.424	5.6199031199999994e-11	-2.86104e-06	1.23978e-05	1.04905e-05	124.992
295.2891	8.428	5.6225716400000005e-11	1.90736e-06	1.90736e-06	2.86104e-06	150.252
296.8389	8.432	5.6252401599999997e-11	-2.57493e-05	1.43052e-05	3.05178e-05	147.996
298.4254	8.436	5.6279086799999995e-11	1.90736e-06	-2.6703e-05	2.6703e-05	-73.302
300.2335	8.44	5.630577199999999e-11	-2.0981e-05	0.0	1.52589e-05	173.988
301.8009	8.444	5.6332457200000004e-11	1.33515e-05	-2.6703e-05	3.14715e-05	-62.904
303.382	8.448	5.63591424e-11	1.43052e-05	1.33515e-05	1.23978e-05	82.404
304.9498	8.452	5.6385827599999994e-11	-1.43052e-05	1.23978e-05	2.28883e-05	139.398
306.537	8.456	5.641251279999999e-11	5.72208e-06	-7.62945e-06	1.62126e-05	-38.658
308.1199	8.46	5.6439198000000003e-11	2.86104e-06	-2.0981e-05	1.90736e-05	-74.934
309.6848	8.464	5.64658832e-11	-3.05178e-05	-2.86104e-06	3.14715e-05	-174.288
311.4906	8.468	5.64925684e-11	-5.24523e-05	-9.53682e-07	4.86376e-05	178.41
313.0564	8.472	5.651925359999999e-11	-2.00273e-05	8.58313e-06	2.6703e-05	168.438
314.6235	8.476	5.65459388e-11	-2.28883e-05	0.0	1.90736e-05	-166.428
316.1759	8.48	5.6572624e-11	2.47956e-05	-3.52862e-05	3.91009e-05	-63.87
317.7471	8.484	5.65993092e-11	-2.9564e-05	-1.62126e-05	2.86103e-05	-144.636
319.55	8.488	5.66259944e-11	-1.14442e-05	1.81199e-05	2.57493e-05	144.78
321.1164	8.492	5.66526796e-11	5.72208e-06	1.04905e-05	1.62126e-05	62.526
322.6879	8.496	5.66793648e-11	-3.14715e-05	-2.86104e-06	2.6703e-05	-167.004
324.5037	8.5	5.670605e-11	-1.14442e-05	1.23978e-05	1.52589e-05	108.432
326.0739	8.504	5.6732735199999996e-11	1.90736e-06	3.24252e-05	3.43325e-05	93.12
327.6432	8.508	5.675942039999999e-11	-5.72208e-06	1.23978e-05	1.52589e-05	148.242
329.2453	8.512	5.67861056e-11	-5.72208e-06	-9.53682e-07	5.72208e-06	-138.366
330.7939	8.516	5.68127908e-11	5.72208e-06	1.81199e-05	1.71663e-05	61.392
332.6111	8.52	5.6839475999999996e-11	-1.14442e-05	3.14715e-05	3.24252e-05	116.004
334.1843	8.524	5.6866161199999994e-11	1.62126e-05	9.53682e-07	1.33515e-05	5.712
335.7378	8.528	5.68928464e-11	1.52589e-05	1.90736e-05	2.3842e-05	50.598
337.3006	8.532	5.69195316e-11	-5.14986e-05	-2.47956e-05	4.57766e-05	-145.08
338.8836	8.536	5.6946216799999995e-11	9.53682e-07	-1.23978e-05	1.14442e-05	-78.114
340.4496	8.54	5.697290199999999e-11	1.43052e-05	1.62126e-05	2.3842e-05	47.046
342.0059	8.544	5.69995872e-11	-2.86104e-06	0.0	1.90736e-06	-66.036
343.8071	8.548	5.7026272399999996e-11	3.52862e-05	-3.43325e-05	4.67303e-05	-45.0
345.3583	8.552	5.7052957599999994e-11	2.86103e-05	-4.7684e-06	2.00273e-05	-2.118
346.9222	8.556	5.707964279999999e-11	-1.62126e-05	0.0	1.71663e-05	-177.798
348.4978	8.56	5.7106328000000004e-11	-1.14442e-05	2.86104e-06	1.14442e-05	159.444
350.0588	8.564	5.7133013199999995e-11	1.90736e-06	-1.33515e-05	1.52589e-05	-94.572
351.8998	8.568	5.7159698399999994e-11	-9.53682e-07	-8.58313e-06	5.72208e-06	165.966
353.4513	8.572	5.718638359999999e-11	-2.6703e-05	4.7684e-06	2.3842e-05	154.98
354.9981	8.576	5.72130688e-11	3.24252e-05	-2.00273e-05	3.71935e-05	-32.856
356.821	8.58	5.7239753999999995e-11	2.00273e-05	-3.33788e-05	3.91009e-05	-63.852
358.3921	8.584	5.726643919999999e-11	1.04905e-05	1.52589e-05	1.71663e-05	67.068
359.9448	8.588	5.729312439999999e-11	3.81473e-06	-6.67575e-06	8.58313e-06	-75.066
361.5216	8.592	5.73198096e-11	3.24252e-05	1.43052e-05	3.81472e-05	27.438
363.0757	8.596	5.73464948e-11	-3.81473e-06	-1.23978e-05	1.43052e-05	-113.748
364.8804	8.6	5.737317999999999e-11	-2.0981e-05	5.72208e-06	2.00273e-05	168.312
366.469	8.604	5.739986519999999e-11	-2.28883e-05	4.57766e-05	5.43597e-05	127.278
368.0358	8.608	5.74265504e-11	1.52589e-05	-1.23978e-05	1.62126e-05	-48.576
369.5909	8.612	5.74532356e-11	0.0	-4.7684e-06	1.90736e-06	-116.562
371.1547	8.616	5.74799208e-11	-3.81473e-06	-1.43052e-05	1.33515e-05	-98.13
372.7395	8.62	5.750660599999999e-11	2.86103e-05	1.90736e-06	2.86103e-05	-4.086
374.2832	8.624	5.75332912e-11	-9.5368e-06	-2.19346e-05	2.19346e-05	-99.162
376.1113	8.628	5.75599764e-11	2.3842e-05	2.86104e-06	2.0981e-05	11.31
377.7102	8.632	5.75866616e-11	1.23978e-05	-2.28883e-05	2.86103e-05	-53.13
379.2732	8.636	5.761334679999999e-11	2.6703e-05	-3.33788e-05	3.81472e-05	-60.642
380.8466	8.64	5.7640032e-11	-3.81473e-06	-2.86104e-06	3.81473e-06	-170.538
382.3914	8.644	5.76667172e-11	-1.52589e-05	-3.33788e-05	3.24252e-05	-103.446
384.2035	8.648	5.7693402399999996e-11	1.71663e-05	6.67575e-06	1.52589e-05	30.066
385.7875	8.652	5.7720087599999994e-11	1.33515e-05	-2.0981e-05	2.19346e-05	-60.948
387.3326	8.656	5.77467728e-11	-1.62126e-05	-1.33515e-05	2.19346e-05	-155.694
388.9045	8.66	5.7773458e-11	2.86104e-06	-2.28883e-05	2.19346e-05	-94.902
390.4716	8.664	5.7800143199999996e-11	-1.33515e-05	1.90736e-06	1.04905e-05	167.904
392.0212	8.668	5.7826828399999994e-11	3.14715e-05	3.81473e-06	3.52862e-05	6.012
393.5923	8.672	5.78535136e-11	-2.00273e-05	6.67575e-06	1.81199e-05	142.308
395.138	8.676	5.7880198799999997e-11	-4.19619e-05	-1.71663e-05	4.86376e-05	-161.808
396.9607	8.68	5.7906883999999995e-11	-4.7684e-06	-2.47956e-05	2.3842e-05	-117.3
398.5327	8.684	5.793356919999999e-11	-2.28883e-05	2.86103e-05	3.52862e-05	128.16
400.1267	8.688	5.7960254400000004e-11	-1.90736e-06	5.72208e-06	5.72208e-06	0.0
401.6842	8.692	5.7986939599999996e-11	2.19346e-05	0.0	2.3842e-05	-13.668
403.2323	8.696	5.8013624799999994e-11	1.33515e-05	-1.71663e-05	1.71663e-05	-60.252
404.7957	8.7	5.804030999999999e-11	-1.04905e-05	4.7684e-06	1.23978e-05	166.608
406.3777	8.704	5.8066995200000003e-11	-4.7684e-06	2.0981e-05	2.28883e-05	85.098
408.2327	8.708	5.8093680399999995e-11	-1.62126e-05	-4.7684e-06	1.90736e-05	-163.812
409.8056	8.712	5.8120365599999993e-11	0.0	-3.14715e-05	2.9564e-05	-88.668
411.3683	8.716	5.814705079999999e-11	-9.53682e-07	-1.52589e-05	1.71663e-05	-86.532
412.9416	8.72	5.8173736e-11	1.23978e-05	3.81473e-06	9.5368e-06	34.992
414.5034	8.724	5.82004212e-11	2.3842e-05	3.81473e-06	2.19346e-05	14.472
416.3327	8.728	5.82271064e-11	1.90736e-06	-1.71663e-05	2.19346e-05	-75.966
417.9227	8.732	5.82537916e-11	-2.76567e-05	-1.33515e-05	3.33788e-05	-164.358
419.4968	8.736	5.82804768e-11	5.72208e-06	-5.72208e-06	1.14442e-05	-35.22
421.3355	8.74	5.8307162e-11	3.81473e-06	-2.86104e-06	2.86104e-06	56.31
422.8834	8.744	5.833384719999999e-11	-6.67575e-06	-2.00273e-05	2.28883e-05	-111.252
424.433	8.748	5.836053239999999e-11	1.90736e-06	2.0981e-05	2.19346e-05	85.098
426.0027	8.752	5.83872176e-11	1.71663e-05	2.0981e-05	2.57493e-05	55.494
427.572	8.756	5.84139028e-11	2.19346e-05	4.7684e-06	2.3842e-05	6.708
429.3904	8.76	5.8440588e-11	-3.62399e-05	-3.33788e-05	4.86376e-05	-135.534
430.9571	8.764	5.84672732e-11	5.72208e-06	3.24252e-05	3.24252e-05	77.094
432.5229	8.768	5.849395840000001e-11	5.72208e-06	-1.33515e-05	1.71663e-05	-45.0
434.1227	8.772	5.852064359999999e-11	2.19346e-05	-1.81199e-05	1.81199e-05	-64.656
435.6897	8.776	5.854732879999999e-11	3.33788e-05	2.57493e-05	4.38693e-05	41.424
437.2914	8.78	5.857401399999999e-11	-2.6703e-05	1.90736e-05	3.52862e-05	141.666
438.8425	8.784	5.86006992e-11	5.72208e-06	-4.95913e-05	4.86376e-05	-90.774
440.6631	8.788	5.86273844e-11	5.9128e-05	2.00273e-05	6.00817e-05	20.256
442.2526	8.792	5.86540696e-11	1.90736e-06	1.90736e-05	1.71663e-05	94.968
443.8169	8.796	5.86807548e-11	5.9128e-05	3.81473e-06	5.72207e-05	8.694
445.3643	8.8	5.870744e-11	3.91009e-05	1.62126e-05	4.10082e-05	18.432
446.9359	8.804	5.87341252e-11	5.24523e-05	4.10082e-05	6.67577e-05	37.776
448.7539	8.808	5.87608104e-11	8.10628e-05	3.52862e-05	8.96459e-05	23.364
450.3234	8.812	5.878749559999999e-11	6.8665e-05	2.19346e-05	7.43871e-05	16.362
451.8941	8.816	5.88141808e-11	5.72207e-05	-5.72208e-06	6.00817e-05	-9.066
453.4633	8.82	5.8840866e-11	5.72207e-05	2.57493e-05	6.38966e-05	25.23
455.0313	8.824	5.88675512e-11	8.29701e-05	2.28883e-05	8.39238e-05	16.134
456.5968	8.828	5.889423639999999e-11	8.10628e-05	2.28883e-05	8.77385e-05	10.806
458.1618	8.832	5.89209216e-11	6.77113e-05	5.43597e-05	8.39238e-05	38.37
459.7574	8.836	5.89476068e-11	4.00546e-05	4.95913e-05	6.38966e-05	55.152
461.5989	8.84	5.8974292e-11	1.81199e-05	2.57493e-05	3.24252e-05	45.0
463.1704	8.844	5.90009772e-11	4.38693e-05	8.58313e-06	3.91009e-05	16.8
464.7141	8.848	5.90276624e-11	-1.33515e-05	6.19893e-05	5.9128e-05	100.782
466.3034	8.852	5.90543476e-11	2.3842e-05	2.3842e-05	3.91009e-05	46.89
467.8674	8.856	5.908103279999999e-11	-6.67575e-06	2.9564e-05	2.9564e-05	99.246
469.6943	8.86	5.910771799999999e-11	4.38693e-05	2.28883e-05	4.48229e-05	34.92
471.2457	8.864	5.91344032e-11	-2.28883e-05	2.00273e-05	2.57493e-05	140.598
472.7921	8.868	5.91610884e-11	-1.14442e-05	2.9564e-05	3.24252e-05	115.02
474.3743	8.872	5.91877736e-11	-2.47956e-05	5.72208e-06	2.00273e-05	178.092
475.9621	8.876	5.92144588e-11	-3.33788e-05	-2.28883e-05	3.71935e-05	-151.05
477.5109	8.88	5.924114400000001e-11	-3.62399e-05	3.81472e-05	5.24523e-05	133.98
479.1062	8.884	5.926782919999999e-11	-5.24523e-05	3.52862e-05	6.19893e-05	142.764
480.928	8.888	5.929451439999999e-11	-3.71935e-05	3.81473e-06	4.10082e-05	177.318
482.5037	8.892	5.932119959999999e-11	-4.67303e-05	2.6703e-05	5.0545e-05	158.346
484.0707	8.896	5.93478848e-11	-3.05178e-05	-2.76567e-05	4.19619e-05	-147.996
485.6523	8.9	5.937457e-11	-1.62126e-05	-2.9564e-05	3.43325e-05	-129.804
487.1985	8.904	5.94012552e-11	-3.05178e-05	-2.0981e-05	3.33788e-05	-140.79
489.0206	8.908	5.94279404e-11	-1.14442e-05	2.86104e-06	1.71663e-05	174.096
490.6104	8.912	5.945462560000001e-11	-4.7684e-06	-1.43052e-05	1.52589e-05	-75.468
492.1913	8.916	5.94813108e-11	-6.67575e-06	-6.67575e-06	3.81473e-06	-90.0
493.9931	8.92	5.950799599999999e-11	-3.52862e-05	-3.71935e-05	4.95913e-05	-139.896
495.576	8.924	5.953468119999999e-11	-2.57493e-05	-3.14715e-05	3.91009e-05	-116.994
497.1428	8.928	5.95613664e-11	-3.33788e-05	-2.57493e-05	3.62399e-05	-150.396
498.7166	8.932	5.95880516e-11	-3.52862e-05	-2.00273e-05	3.91009e-05	-141.486
500.3022	8.936	5.96147368e-11	2.86104e-06	-2.86104e-06	3.81473e-06	-8.13
501.8442	8.94	5.9641422e-11	-7.1526e-05	-4.19619e-05	8.48775e-05	-148.884
503.4527	8.944	5.96681072e-11	-3.71935e-05	-4.7684e-06	3.43325e-05	-152.928
505.0169	8.948	5.96947924e-11	6.67575e-06	-1.14442e-05	1.33515e-05	-85.236
506.8206	8.952	5.97214776e-11	-1.04905e-05	-2.0981e-05	2.47956e-05	-123.69
508.3836	8.956	5.97481628e-11	6.67575e-06	-4.7684e-06	4.7684e-06	11.31
509.9759	8.96	5.9774848e-11	-8.58313e-06	-1.23978e-05	1.33515e-05	-110.556
511.5194	8.964	5.98015332e-11	2.86104e-06	-1.04905e-05	8.58313e-06	-85.602
513.3439	8.968	5.98282184e-11	1.62126e-05	-2.76567e-05	3.05178e-05	-70.77
514.9159	8.972	5.985490359999999e-11	2.86104e-06	8.58313e-06	8.58313e-06	130.236
516.4991	8.976	5.98815888e-11	2.19346e-05	1.04905e-05	2.28883e-05	28.074
518.042	8.98	5.9908274e-11	-9.5368e-06	6.67575e-06	1.43052e-05	167.736
519.6174	8.984	5.99349592e-11	1.33515e-05	2.19346e-05	2.00273e-05	45.0
521.4415	8.988	5.99616444e-11	1.04905e-05	3.81473e-06	1.04905e-05	75.258
523.0166	8.992	5.99883296e-11	-3.33788e-05	8.58313e-06	4.19619e-05	166.812
524.6027	8.996	6.00150148e-11	-2.47956e-05	-3.05178e-05	3.52862e-05	-135.882
526.1898	9.0	6.004169999999999e-11	-1.23978e-05	1.04905e-05	1.04905e-05	90.0
527.7521	9.004	6.006838519999999e-11	3.05178e-05	2.28883e-05	3.24252e-05	46.686
529.3369	9.008	6.009507039999999e-11	-1.04905e-05	-2.3842e-05	2.57493e-05	-124.878
530.933	9.012	6.01217556e-11	-1.62126e-05	-4.29156e-05	4.67303e-05	-111.654
532.5239	9.016	6.01484408e-11	-3.33788e-05	1.04905e-05	3.52862e-05	164.934
534.3401	9.02	6.0175126e-11	0.0	2.9564e-05	2.86103e-05	99.462
535.9301	9.024	6.02018112e-11	2.86104e-06	-1.14442e-05	1.43052e-05	-66.798
537.4724	9.028	6.02284964e-11	-9.5368e-06	8.58313e-06	1.04905e-05	109.656
539.0649	9.032	6.025518159999999e-11	-2.28883e-05	-1.04905e-05	1.71663e-05	-138.366
540.6287	9.036	6.028186679999999e-11	3.05178e-05	-3.81472e-05	4.76839e-05	-58.494
542.2238	9.04	6.030855199999999e-11	-6.67575e-06	3.81473e-06	3.81473e-06	57.996
543.8124	9.044	6.03352372e-11	1.81199e-05	-2.57493e-05	2.86103e-05	-55.122
545.619	9.048	6.03619224e-11	3.52862e-05	-3.81473e-06	2.9564e-05	-6.954
547.2027	9.052	6.03886076e-11	1.23978e-05	1.52589e-05	2.3842e-05	50.196
548.7645	9.056	6.041529279999999e-11	9.5368e-06	-4.29156e-05	4.38693e-05	-65.772
550.3169	9.06	6.0441978e-11	-2.76567e-05	3.24252e-05	4.29156e-05	129.228
551.8875	9.064	6.04686632e-11	3.91009e-05	0.0	3.71935e-05	-4.158
553.6965	9.068	6.049534839999999e-11	-2.6703e-05	-1.33515e-05	2.9564e-05	-147.342
555.311	9.072	6.052203359999999e-11	-1.62126e-05	-6.67575e-06	1.04905e-05	-156.036
556.8758	9.076	6.05487188e-11	-1.62126e-05	2.00273e-05	2.47956e-05	127.182
558.6802	9.08	6.0575404e-11	9.5368e-06	-4.7684e-06	1.23978e-05	-20.226
560.251	9.084	6.06020892e-11	5.72208e-06	2.00273e-05	2.19346e-05	64.98
561.8162	9.088	6.062877439999999e-11	-9.5368e-06	-5.14986e-05	5.0545e-05	-105.318
563.3958	9.092	6.06554596e-11	5.72208e-06	2.86104e-06	1.04905e-05	20.226
564.969	9.096	6.06821448e-11	-7.62945e-06	2.00273e-05	2.0981e-05	102.726
566.7887	9.1	6.070883e-11	-3.81473e-06	-2.57493e-05	2.86103e-05	-120.414
568.3754	9.104	6.07355152e-11	-3.71935e-05	0.0	3.43325e-05	180.0
569.939	9.108	6.07622004e-11	-9.53682e-07	-1.14442e-05	8.58313e-06	-151.392
571.5351	9.112	6.07888856e-11	-2.28883e-05	1.90736e-05	2.86103e-05	145.494
573.0904	9.116	6.081557079999999e-11	-2.76567e-05	3.81473e-06	2.57493e-05	164.874
574.6755	9.12	6.084225599999999e-11	-2.19346e-05	8.58313e-06	2.19346e-05	160.56
576.2424	9.124	6.08689412e-11	0.0	2.28883e-05	2.28883e-05	98.13
578.0421	9.128	6.08956264e-11	-9.5368e-06	2.47956e-05	2.57493e-05	111.804
579.5999	9.132	6.09223116e-11	0.0	8.58313e-06	7.62945e-06	95.712
581.1746	9.136	6.09489968e-11	-2.28883e-05	2.3842e-05	3.05178e-05	135.0
582.7486	9.14	6.0975682e-11	5.43597e-05	1.52589e-05	5.53133e-05	16.428
584.3153	9.144	6.100236719999999e-11	2.19346e-05	1.62126e-05	2.57493e-05	41.88
586.1245	9.148	6.102905239999999e-11	1.52589e-05	5.72208e-06	1.81199e-05	17.82
587.6779	9.152	6.105573759999999e-11	-8.58313e-06	1.71663e-05	2.19346e-05	123.234
589.2239	9.156	6.10824228e-11	1.33515e-05	1.90736e-06	1.43052e-05	7.764
591.0503	9.16	6.1109108e-11	-1.14442e-05	-7.62945e-06	1.43052e-05	-164.052
592.6104	9.164	6.11357932e-11	3.33788e-05	-2.57493e-05	4.95913e-05	-26.562
594.1822	9.168	6.11624784e-11	2.19346e-05	1.23978e-05	2.3842e-05	32.346
595.7639	9.172	6.11891636e-11	0.0	-9.53682e-07	1.14442e-05	-17.244
597.3192	9.176	6.12158488e-11	-9.53682e-07	1.71663e-05	1.71663e-05	60.522
599.1407	9.18	6.124253399999999e-11	-2.9564e-05	2.00273e-05	3.91009e-05	146.058
600.7086	9.184	6.126921919999999e-11	-9.53682e-07	1.90736e-06	2.86104e-06	66.798
602.3026	9.188	6.12959044e-11	-2.86104e-06	-1.14442e-05	5.72208e-06	-45.0
603.8839	9.192	6.13225896e-11	2.86104e-06	-9.5368e-06	8.58313e-06	-24.444
605.4761	9.196	6.13492748e-11	-2.86103e-05	-1.04905e-05	3.81472e-05	-166.188
607.0222	9.2	6.137595999999999e-11	9.53682e-07	-1.71663e-05	1.62126e-05	-80.91
608.6036	9.204	6.14026452e-11	-2.19346e-05	1.81199e-05	2.9564e-05	133.314
610.4263	9.208	6.14293304e-11	3.81473e-06	-1.14442e-05	1.62126e-05	-71.568
611.9978	9.212	6.14560156e-11	-5.72208e-06	-4.7684e-06	5.72208e-06	180.0
613.5442	9.216	6.148270079999999e-11	1.71663e-05	8.58313e-06	1.90736e-05	39.558
615.114	9.22	6.1509386e-11	4.19619e-05	2.86104e-06	3.91009e-05	6.012
616.6786	9.224	6.15360712e-11	-1.04905e-05	-6.67575e-06	1.14442e-05	-153.438
618.524	9.228	6.15627564e-11	1.04905e-05	2.00273e-05	2.19346e-05	69.228
620.0988	9.232	6.158944159999999e-11	9.53682e-07	1.62126e-05	1.33515e-05	99.462
621.6874	9.236	6.16161268e-11	-1.90736e-06	-3.33788e-05	3.71935e-05	-105.948
623.2561	9.24	6.1642812e-11	-2.28883e-05	2.57493e-05	3.52862e-05	133.566
624.8221	9.244	6.16694972e-11	1.04905e-05	1.23978e-05	1.23978e-05	42.51
626.3865	9.248	6.16961824e-11	9.5368e-06	-2.57493e-05	2.6703e-05	-74.25
627.9822	9.252	6.17228676e-11	-2.57493e-05	-2.3842e-05	3.05178e-05	-138.69
629.5559	9.256	6.17495528e-11	0.0	-1.81199e-05	1.71663e-05	-87.954
631.3723	9.26	6.177623799999999e-11	1.23978e-05	3.81473e-06	1.52589e-05	22.248
632.9639	9.264	6.180292319999999e-11	-9.53682e-07	-2.47956e-05	2.3842e-05	-72.072
634.5099	9.268	6.18296084e-11	8.58313e-06	-2.86104e-06	1.23978e-05	-4.968
636.0887	9.272	6.18562936e-11	-3.81473e-06	0.0	1.90736e-06	-98.13
637.6629	9.276	6.18829788e-11	9.5368e-06	2.3842e-05	2.86103e-05	68.196
639.2331	9.28	6.1909664e-11	-8.58313e-06	2.0981e-05	2.47956e-05	130.764
640.8152	9.284	6.193634920000001e-11	-2.3842e-05	2.86104e-06	2.6703e-05	176.01
642.6216	9.288	6.196303439999999e-11	1.62126e-05	2.3842e-05	2.9564e-05	57.342
644.1745	9.292	6.198971959999999e-11	-1.33515e-05	-8.58313e-06	1.71663e-05	-149.034
645.757	9.296	6.201640479999999e-11	-9.5368e-06	-2.28883e-05	3.05178e-05	-117.096
647.3317	9.3	6.204309e-11	3.71935e-05	-2.86104e-06	3.81472e-05	4.764
648.9008	9.304	6.20697752e-11	-5.72208e-06	9.5368e-06	1.23978e-05	121.428
650.7244	9.308	6.20964604e-11	-2.86104e-06	4.7684e-06	2.86104e-06	9.462
652.2958	9.312	6.21231456e-11	-3.52862e-05	-2.86104e-06	3.43325e-05	178.896
653.8416	9.316	6.21498308e-11	-3.14715e-05	-2.0981e-05	4.19619e-05	-151.116
655.4239	9.32	6.2176516e-11	3.05178e-05	1.90736e-06	3.05178e-05	14.034
656.9742	9.324	6.22032012e-11	-2.6703e-05	2.19346e-05	3.14715e-05	140.358
658.8005	9.328	6.222988639999999e-11	1.90736e-05	2.3842e-05	3.24252e-05	46.59
660.3516	9.332	6.22565716e-11	2.19346e-05	-7.62945e-06	2.19346e-05	-15.708
661.9401	9.336	6.22832568e-11	3.62399e-05	3.33788e-05	4.76839e-05	46.698
663.7882	9.34	6.2309942e-11	-6.67575e-06	-8.58313e-06	9.5368e-06	-79.38
665.3538	9.344	6.233662719999999e-11	-9.5368e-06	2.19346e-05	1.90736e-05	81.57
666.9259	9.348	6.23633124e-11	-2.86104e-06	0.0	1.90736e-06	108.432
668.493	9.352	6.23899976e-11	1.71663e-05	-1.62126e-05	2.57493e-05	-42.09
670.1121	9.356	6.24166828e-11	-4.7684e-06	-9.53682e-07	3.81473e-06	-171.87
671.9156	9.36	6.2443368e-11	0.0	1.81199e-05	1.81199e-05	83.658
673.4949	9.364	6.24700532e-11	3.81473e-06	8.58313e-06	1.33515e-05	56.976
675.0824	9.368	6.24967384e-11	2.76567e-05	-2.86104e-06	1.81199e-05	-14.622
676.6623	9.372	6.252342359999999e-11	-6.67575e-06	1.62126e-05	1.90736e-05	107.88
678.233	9.376	6.255010879999999e-11	-1.43052e-05	-2.00273e-05	1.90736e-05	-111.804
679.7835	9.38	6.2576794e-11	9.5368e-06	4.7684e-06	1.23978e-05	25.2
681.3798	9.384	6.26034792e-11	0.0	-6.67575e-06	5.72208e-06	-125.538
683.1849	9.388	6.26301644e-11	2.86103e-05	-1.43052e-05	2.6703e-05	-39.804
684.7891	9.392	6.26568496e-11	1.33515e-05	-1.33515e-05	1.52589e-05	6.84
686.3727	9.396	6.268353480000001e-11	1.90736e-06	-1.14442e-05	8.58313e-06	-149.034
687.9336	9.4	6.271022e-11	-6.67575e-06	-9.5368e-06	1.33515e-05	-128.292
689.5337	9.404	6.273690519999999e-11	-2.86104e-06	-7.62945e-06	8.58313e-06	-127.566
691.0837	9.408	6.276359039999999e-11	1.43052e-05	3.33788e-05	3.62399e-05	66.798
692.6742	9.412	6.27902756e-11	5.72208e-06	1.52589e-05	1.52589e-05	92.49
694.2333	9.416	6.28169608e-11	-2.0981e-05	1.04905e-05	2.0981e-05	157.068
696.0586	9.42	6.2843646e-11	-4.7684e-06	1.71663e-05	1.90736e-05	96.912
697.6133	9.424	6.28703312e-11	1.23978e-05	8.58313e-06	1.71663e-05	36.87
699.1627	9.428	6.289701640000001e-11	-4.7684e-06	1.71663e-05	1.71663e-05	104.532
700.7333	9.432	6.29237016e-11	5.72208e-06	1.33515e-05	1.90736e-05	57.804
702.3139	9.436	6.295038679999999e-11	0.0	8.58313e-06	1.04905e-05	92.724
703.8835	9.44	6.297707199999999e-11	2.86104e-06	-6.67575e-06	3.81473e-06	-45.0
705.4502	9.444	6.30037572e-11	6.67575e-06	5.72208e-06	7.62945e-06	37.878
707.0144	9.448	6.30304424e-11	1.81199e-05	1.04905e-05	2.3842e-05	27.258
708.5639	9.452	6.30571276e-11	-1.90736e-05	3.81473e-06	2.3842e-05	178.566
710.1148	9.456	6.30838128e-11	8.58313e-06	5.72208e-06	8.58313e-06	37.878
711.7338	9.46	6.3110498e-11	-4.7684e-06	2.9564e-05	3.05178e-05	90.0
713.3294	9.464	6.31371832e-11	-2.86104e-06	-1.04905e-05	1.23978e-05	-138.576
715.1335	9.468	6.31638684e-11	-1.04905e-05	-1.90736e-06	1.52589e-05	-173.658
716.7159	9.472	6.31905536e-11	-9.5368e-06	-2.57493e-05	2.28883e-05	-123.114
718.2768	9.476	6.32172388e-11	-2.6703e-05	1.90736e-06	2.86103e-05	174.918
719.8524	9.48	6.3243924e-11	3.05178e-05	-7.62945e-06	2.6703e-05	-22.62
721.4229	9.484	6.32706092e-11	2.86104e-06	2.47956e-05	2.0981e-05	100.884
723.2642	9.488	6.329729439999999e-11	1.81199e-05	-1.90736e-06	2.57493e-05	-5.316
724.8623	9.492	6.33239796e-11	-1.33515e-05	-2.9564e-05	2.57493e-05	-120.144
726.4254	9.496	6.33506648e-11	2.3842e-05	1.71663e-05	3.05178e-05	34.698
727.993	9.5	6.337735e-11	-3.81473e-06	8.58313e-06	5.72208e-06	45.0
729.564	9.504	6.34040352e-11	1.23978e-05	-2.3842e-05	2.47956e-05	-41.634
731.112	9.508	6.34307204e-11	0.0	1.23978e-05	1.14442e-05	64.98
732.6836	9.512	6.34574056e-11	-1.52589e-05	-1.33515e-05	1.90736e-05	-149.034
734.2672	9.516	6.348409079999999e-11	-1.81199e-05	2.3842e-05	3.05178e-05	135.0
736.0835	9.52	6.351077599999999e-11	3.52862e-05	-2.00273e-05	3.91009e-05	-31.476
737.6561	9.524	6.353746119999999e-11	-2.0981e-05	-2.86104e-06	2.57493e-05	177.276
739.2004	9.528	6.35641464e-11	3.05178e-05	1.62126e-05	3.05178e-05	25.974
740.775	9.532	6.35908316e-11	3.14715e-05	1.71663e-05	3.52862e-05	37.092
742.3364	9.536	6.36175168e-11	3.24252e-05	-1.71663e-05	3.52862e-05	-30.174
743.9232	9.54	6.3644202e-11	-4.7684e-06	-6.67575e-06	1.23978e-05	-118.812
745.492	9.544	6.367088719999999e-11	1.14442e-05	-9.53682e-07	1.04905e-05	23.628
747.3484	9.548	6.369757239999999e-11	-2.86103e-05	-3.24252e-05	4.38693e-05	-132.456
748.8955	9.552	6.372425759999999e-11	1.52589e-05	-2.28883e-05	2.28883e-05	-54.246
750.4777	9.556	6.375094279999999e-11	-1.90736e-06	-4.29156e-05	3.91009e-05	-95.196
752.0659	9.56	6.3777628e-11	6.67575e-06	-6.67575e-06	1.14442e-05	-14.742
753.6394	9.564	6.38043132e-11	-4.7684e-06	1.04905e-05	1.62126e-05	121.758
755.4656	9.568	6.38309984e-11	9.5368e-06	-8.58313e-06	1.43052e-05	-16.926
757.0469	9.572	6.38576836e-11	1.90736e-06	1.14442e-05	1.33515e-05	55.62
758.6003	9.576	6.38843688e-11	1.90736e-06	3.81473e-06	3.81473e-06	90.0
760.407	9.58	6.3911054e-11	-1.04905e-05	-4.76839e-05	4.86376e-05	-97.908
761.9764	9.584	6.393773919999999e-11	-1.81199e-05	1.04905e-05	1.71663e-05	115.644
763.5624	9.588	6.396442439999999e-11	2.6703e-05	1.52589e-05	3.24252e-05	39.372
765.1445	9.592	6.39911096e-11	2.19346e-05	1.62126e-05	2.86103e-05	25.974
766.7128	9.596	6.40177948e-11	2.86104e-06	-3.71935e-05	3.33788e-05	-93.576
768.2792	9.6	6.404448e-11	-1.33515e-05	-4.57766e-05	4.38693e-05	-109.536
769.879	9.604	6.407116519999999e-11	0.0	-4.7684e-06	7.62945e-06	-173.292
771.4453	9.608	6.40978504e-11	-2.86104e-06	2.28883e-05	2.3842e-05	82.692
773.0285	9.612	6.41245356e-11	-1.04905e-05	-7.62945e-06	1.04905e-05	-143.976
774.5945	9.616	6.41512208e-11	-5.0545e-05	2.19346e-05	5.14986e-05	150.252
776.1783	9.62	6.417790599999999e-11	-1.52589e-05	1.90736e-06	1.43052e-05	169.218
777.7229	9.624	6.42045912e-11	-2.00273e-05	-2.86104e-06	1.52589e-05	-171.87
779.5778	9.628	6.42312764e-11	-9.53682e-07	1.52589e-05	1.23978e-05	109.44
781.1626	9.632	6.425796159999999e-11	3.81473e-06	9.53682e-07	5.72208e-06	-18.432
782.7173	9.636	6.428464679999999e-11	-4.7684e-06	2.28883e-05	2.3842e-05	112.62
784.2968	9.64	6.4311332e-11	-1.23978e-05	7.62945e-06	1.52589e-05	116.562
785.8532	9.644	6.43380172e-11	-9.5368e-06	3.24252e-05	3.24252e-05	113.838
787.7096	9.648	6.43647024e-11	-9.53682e-07	-1.62126e-05	1.52589e-05	-107.748
789.2538	9.652	6.43913876e-11	2.57493e-05	4.19619e-05	4.86376e-05	55.884
790.8212	9.656	6.44180728e-11	1.04905e-05	3.52862e-05	3.91009e-05	65.556
792.6141	9.66	6.444475799999999e-11	2.86103e-05	1.62126e-05	3.52862e-05	31.14
794.1966	9.664	6.447144319999999e-11	-2.28883e-05	6.67575e-06	2.28883e-05	151.26
795.7646	9.668	6.449812839999999e-11	5.72208e-06	8.58313e-06	1.71663e-05	40.602
797.3437	9.672	6.45248136e-11	-6.67575e-06	1.90736e-06	5.72208e-06	-167.472
798.9275	9.676	6.45514988e-11	-2.00273e-05	-6.67575e-06	1.04905e-05	-118.608
800.4842	9.68	6.4578184e-11	-3.14715e-05	0.0	3.05178e-05	180.0
802.0505	9.684	6.46048692e-11	1.71663e-05	-2.6703e-05	3.05178e-05	-57.342
803.6367	9.688	6.46315544e-11	4.57766e-05	-3.33788e-05	5.0545e-05	-33.906
805.232	9.692	6.465823959999999e-11	-9.5368e-06	-2.3842e-05	1.90736e-05	-131.988
806.7948	9.696	6.468492479999999e-11	-4.7684e-06	3.05178e-05	3.24252e-05	86.568
808.3845	9.7	6.471160999999999e-11	2.28883e-05	1.23978e-05	2.6703e-05	26.562
809.9357	9.704	6.47382952e-11	1.90736e-05	2.28883e-05	2.86103e-05	55.224
811.7515	9.708	6.47649804e-11	-9.5368e-06	-2.3842e-05	2.19346e-05	-99.462
813.3261	9.712	6.47916656e-11	7.62945e-06	3.81473e-06	4.7684e-06	110.556
814.8946	9.716	6.48183508e-11	3.81473e-06	-3.33788e-05	3.05178e-05	-88.752
816.4846	9.72	6.4845036e-11	-6.67575e-06	-1.14442e-05	8.58313e-06	-59.742
818.0355	9.724	6.48717212e-11	0.0	2.00273e-05	1.90736e-05	74.934
819.881	9.728	6.48984064e-11	-1.33515e-05	-7.62945e-06	8.58313e-06	-110.556
821.4275	9.732	6.492509159999999e-11	1.90736e-05	1.71663e-05	2.57493e-05	42.954
823.0311	9.736	6.49517768e-11	-1.81199e-05	-4.7684e-06	1.14442e-05	-135.0
824.5925	9.74	6.4978462e-11	-2.57493e-05	-4.7684e-06	2.57493e-05	-172.506
826.1613	9.744	6.50051472e-11	1.90736e-06	1.33515e-05	1.23978e-05	90.0
827.7127	9.748	6.503183239999999e-11	2.76567e-05	-1.62126e-05	3.14715e-05	-21.57
829.2953	9.752	6.50585176e-11	2.9564e-05	4.7684e-06	2.86103e-05	2.604
830.8772	9.756	6.50852028e-11	-4.7684e-06	1.90736e-06	8.58313e-06	111.036
832.4529	9.76	6.5111888e-11	-2.86104e-06	-1.14442e-05	9.5368e-06	-71.568
834.0003	9.764	6.51385732e-11	-9.53682e-07	-3.33788e-05	2.9564e-05	-88.53
835.5793	9.768	6.51652584e-11	-6.67575e-06	-2.6703e-05	2.47956e-05	-105.252
837.1313	9.772	6.51919436e-11	1.90736e-05	-2.9564e-05	3.33788e-05	-51.522
838.7037	9.776	6.521862879999999e-11	-3.43325e-05	0.0	3.52862e-05	-176.82
840.3032	9.78	6.524531399999999e-11	-2.76567e-05	2.57493e-05	4.38693e-05	139.668
841.8497	9.784	6.52719992e-11	-6.67575e-06	1.23978e-05	1.23978e-05	143.748
843.673	9.788	6.52986844e-11	2.19346e-05	-9.5368e-06	2.47956e-05	-28.494
845.2545	9.792	6.53253696e-11	-4.29156e-05	-1.04905e-05	3.81472e-05	-168.69
846.8362	9.796	6.53520548e-11	-7.62945e-06	1.04905e-05	1.23978e-05	117.9
848.4228	9.8	6.537874000000001e-11	-6.67575e-06	-7.62945e-06	1.04905e-05	-130.914
849.9866	9.804	6.540542519999999e-11	-2.47956e-05	1.90736e-05	2.76567e-05	132.954
851.5566	9.808	6.543211039999999e-11	-9.53682e-07	-4.10082e-05	4.38693e-05	-98.244
853.1207	9.812	6.545879559999999e-11	1.81199e-05	4.86376e-05	5.0545e-05	76.89
854.7084	9.816	6.54854808e-11	1.71663e-05	1.90736e-06	2.28883e-05	6.168
856.264	9.82	6.5512166e-11	6.67575e-06	1.90736e-05	2.00273e-05	55.788
857.8288	9.824	6.55388512e-11	1.04905e-05	-1.33515e-05	1.52589e-05	-74.748
859.6287	9.828	6.55655364e-11	9.5368e-06	2.19346e-05	2.3842e-05	68.496
861.2001	9.832	6.55922216e-11	-2.86104e-06	5.72208e-06	5.72208e-06	128.658
862.7802	9.836	6.56189068e-11	0.0	3.81473e-06	5.72208e-06	40.602
864.3535	9.84	6.564559199999999e-11	8.58313e-06	1.90736e-05	2.0981e-05	77.664
865.9199	9.844	6.567227719999999e-11	7.62945e-06	1.23978e-05	1.43052e-05	62.244
867.4992	9.848	6.56989624e-11	-7.62945e-06	3.24252e-05	3.52862e-05	103.296
869.098	9.852	6.57256476e-11	-1.33515e-05	0.0	6.67575e-06	-173.658
870.67	9.856	6.57523328e-11	-5.72208e-06	-3.33788e-05	3.33788e-05	-87.798
872.4691	9.86	6.577901799999999e-11	1.71663e-05	-2.0981e-05	2.86103e-05	-53.13
874.0424	9.864	6.58057032e-11	8.58313e-06	2.28883e-05	2.3842e-05	71.076
875.5962	9.868	6.58323884e-11	4.19619e-05	7.62945e-06	3.71935e-05	18.78
877.1588	9.872	6.58590736e-11	2.3842e-05	-4.00546e-05	4.38693e-05	-55.812
878.7312	9.876	6.58857588e-11	4.57766e-05	5.72208e-06	3.71935e-05	9.09
880.2799	9.88	6.5912444e-11	1.90736e-05	1.90736e-06	1.23978e-05	49.086
881.8596	9.884	6.59391292e-11	-1.23978e-05	0.0	5.72208e-06	-153.438
883.4245	9.888	6.59658144e-11	-1.33515e-05	-2.00273e-05	1.81199e-05	-147.096
885.0089	9.892	6.599249959999999e-11	3.81473e-06	1.43052e-05	1.33515e-05	93.012
886.5784	9.896	6.60191848e-11	1.71663e-05	-4.7684e-06	1.71663e-05	-19.8
888.1574	9.9	6.604587e-11	2.28883e-05	9.53682e-07	2.47956e-05	-6.012
889.7169	9.904	6.60725552e-11	-4.7684e-06	2.3842e-05	2.3842e-05	82.302
891.2827	9.908	6.60992404e-11	5.72208e-06	-5.72208e-06	3.81473e-06	-111.804
892.8653	9.912	6.61259256e-11	3.24252e-05	5.72208e-06	3.24252e-05	1.218
894.4149	9.916	6.61526108e-11	-1.43052e-05	-9.53682e-07	1.23978e-05	-173.292
896.221	9.92	6.617929599999999e-11	3.62399e-05	-2.28883e-05	4.57766e-05	-30.258
897.7997	9.924	6.620598119999999e-11	-1.81199e-05	1.90736e-06	1.33515e-05	-163.608
899.3729	9.928	6.62326664e-11	-3.62399e-05	-1.43052e-05	3.81472e-05	-164.748
900.9653	9.932	6.62593516e-11	-9.53682e-07	4.7684e-06	5.72208e-06	165.966
902.5501	9.936	6.62860368e-11	-4.38693e-05	2.57493e-05	4.76839e-05	160.512
904.3735	9.94	6.6312722e-11	4.00546e-05	-2.86104e-06	3.62399e-05	-5.388
905.9557	9.944	6.633940720000001e-11	-1.43052e-05	1.52589e-05	1.90736e-05	128.046
907.507	9.948	6.63660924e-11	-1.04905e-05	8.58313e-06	1.43052e-05	151.188
909.0789	9.952	6.639277759999999e-11	-4.29156e-05	-4.67303e-05	5.72207e-05	-126.87
910.6489	9.956	6.641946279999999e-11	2.6703e-05	2.00273e-05	3.33788e-05	25.02
912.2423	9.96	6.6446148e-11	1.04905e-05	8.58313e-06	1.33515e-05	45.0
913.8129	9.964	6.64728332e-11	-1.81199e-05	3.24252e-05	3.71935e-05	128.994
915.6377	9.968	6.64995184e-11	-4.7684e-06	-1.33515e-05	1.23978e-05	-113.964
917.181	9.972	6.65262036e-11	-3.71935e-05	-2.28883e-05	4.57766e-05	-152.724
918.7721	9.976	6.65528888e-11	-5.81744e-05	1.04905e-05	5.53133e-05	168.288
920.3397	9.98	6.6579574e-11	-2.9564e-05	-2.86104e-06	2.76567e-05	-163.446
921.9329	9.984	6.66062592e-11	4.19619e-05	-2.86104e-06	4.57766e-05	-2.322
923.7452	9.988	6.663294439999999e-11	-2.0981e-05	2.9564e-05	3.52862e-05	120.966
925.3195	9.992	6.66596296e-11	1.90736e-05	6.67575e-06	2.3842e-05	10.44
926.9087	9.996	6.66863148e-11	6.67575e-06	1.71663e-05	2.3842e-05	57.996
928.4746	10.0	6.6713e-11	1.90736e-06	-1.14442e-05	9.5368e-06	-84.804
930.0381	10.004	6.673968519999999e-11	7.62945e-06	8.58313e-06	1.14442e-05	49.086
931.6083	10.008	6.676637039999999e-11	-2.9564e-05	2.00273e-05	3.14715e-05	137.64
933.1944	10.012	6.67930556e-11	-2.76567e-05	5.72208e-06	2.9564e-05	160.428
934.7727	10.016	6.68197408e-11	1.23978e-05	-7.62945e-06	1.23978e-05	-16.392
936.3721	10.02	6.6846426e-11	2.86104e-06	-2.86104e-06	1.90736e-06	97.122
937.928	10.024	6.68731112e-11	-2.47956e-05	3.81473e-06	2.00273e-05	167.472
939.4964	10.028	6.68997964e-11	-9.5368e-06	1.90736e-05	2.6703e-05	125.676
941.0796	10.032	6.692648159999999e-11	-1.71663e-05	-2.76567e-05	2.76567e-05	-107.526
942.6453	10.036	6.695316679999999e-11	5.72208e-06	-3.33788e-05	3.05178e-05	-88.668
944.2096	10.04	6.697985199999999e-11	2.19346e-05	-2.86104e-06	1.90736e-05	-4.236
945.7569	10.044	6.70065372e-11	-4.67303e-05	3.81473e-06	4.57766e-05	173.478
947.579	10.048	6.70332224e-11	1.90736e-05	-9.5368e-06	3.24252e-05	-17.784
949.1333	10.052	6.70599076e-11	1.23978e-05	2.47956e-05	2.6703e-05	53.43
950.736	10.056	6.70865928e-11	-4.7684e-06	-8.58313e-06	8.58313e-06	-68.196
952.3319	10.06	6.7113278e-11	7.62945e-06	-1.04905e-05	1.52589e-05	-43.362
953.8966	10.064	6.713996319999999e-11	3.24252e-05	-2.86103e-05	4.19619e-05	-48.9
955.4689	10.068	6.716664839999999e-11	-4.10082e-05	1.71663e-05	4.57766e-05	156.372
957.052	10.072	6.719333359999999e-11	-9.5368e-06	-7.62945e-06	1.04905e-05	-155.556
958.614	10.076	6.72200188e-11	-1.04905e-05	2.76567e-05	3.52862e-05	103.536
960.4582	10.08	6.7246704e-11	-2.00273e-05	-1.33515e-05	2.19346e-05	-149.352
962.0265	10.084	6.72733892e-11	9.53682e-07	-1.71663e-05	1.33515e-05	-99.462
963.6045	10.088	6.73000744e-11	-1.14442e-05	1.62126e-05	2.00273e-05	133.728
965.1704	10.092	6.73267596e-11	1.71663e-05	5.72208e-06	1.43052e-05	14.742
966.7444	10.096	6.73534448e-11	-2.47956e-05	-4.95913e-05	5.24523e-05	-115.926
968.5599	10.1	6.738012999999999e-11	-1.81199e-05	8.58313e-06	1.90736e-05	157.83
970.1519	10.104	6.740681519999999e-11	-1.04905e-05	-5.72208e-06	1.33515e-05	-164.748
971.6975	10.108	6.74335004e-11	-7.62945e-06	1.33515e-05	1.23978e-05	106.392
973.2685	10.112	6.74601856e-11	-3.33788e-05	-9.5368e-06	3.71935e-05	-167.904
974.8337	10.116	6.74868708e-11	9.53682e-07	3.52862e-05	3.52862e-05	82.614
976.3836	10.12	6.751355599999999e-11	-9.53682e-07	-3.33788e-05	3.24252e-05	-88.878
977.9547	10.124	6.75402412e-11	2.76567e-05	-1.81199e-05	3.52862e-05	-34.824
979.7536	10.128	6.75669264e-11	-2.3842e-05	-1.14442e-05	2.9564e-05	-152.904
981.3394	10.132	6.75936116e-11	2.6703e-05	1.52589e-05	4.00546e-05	23.316
982.9094	10.136	6.762029679999999e-11	-1.33515e-05	2.00273e-05	2.3842e-05	110.376
984.488	10.14	6.7646982e-11	-3.81473e-06	-2.86104e-06	3.81473e-06	-63.438
986.0584	10.144	6.76736672e-11	-9.53682e-07	1.23978e-05	1.33515e-05	80.136
987.882	10.148	6.770035239999999e-11	2.76567e-05	2.28883e-05	4.10082e-05	26.562
989.4506	10.152	6.772703759999999e-11	-2.86104e-06	-2.9564e-05	2.86103e-05	-73.302
991.0023	10.156	6.77537228e-11	0.0	-2.76567e-05	2.86103e-05	-86.346
992.8212	10.16	6.7780408e-11	2.19346e-05	1.33515e-05	2.28883e-05	46.122
994.3943	10.164	6.78070932e-11	2.57493e-05	2.86104e-06	2.3842e-05	1.686
995.9579	10.168	6.78337784e-11	3.81473e-06	-4.19619e-05	3.91009e-05	-91.008
997.5384	10.172	6.78604636e-11	1.52589e-05	-2.00273e-05	2.57493e-05	-34.44
999.1184	10.176	6.788714879999999e-11	-1.62126e-05	-2.86104e-06	1.90736e-05	-174.642
1000.9625	10.18	6.791383399999999e-11	-3.81473e-06	-2.86104e-06	1.90736e-06	-78.69
1002.5093	10.184	6.794051919999999e-11	-1.62126e-05	5.72208e-06	2.0981e-05	168.69
1004.109	10.188	6.79672044e-11	6.67575e-06	-9.5368e-06	8.58313e-06	-55.008
1005.674	10.192	6.79938896e-11	2.3842e-05	-9.53682e-07	2.57493e-05	-12.378
1007.2781	10.196	6.80205748e-11	3.52862e-05	-6.67575e-06	3.33788e-05	-15.462
1008.83	10.2	6.804726e-11	-6.67575e-06	1.90736e-05	1.81199e-05	103.494
1010.4111	10.204	6.807394520000001e-11	-1.43052e-05	-1.04905e-05	1.33515e-05	-156.036
1012.2324	10.208	6.810063039999999e-11	1.23978e-05	-1.33515e-05	1.71663e-05	-33.69
1013.8018	10.212	6.812731559999999e-11	3.81473e-06	1.62126e-05	1.62126e-05	72.348
1015.3542	10.216	6.815400079999999e-11	-9.5368e-06	-3.71935e-05	3.71935e-05	-101.31
1016.9232	10.22	6.8180686e-11	-9.53682e-07	2.86104e-06	4.7684e-06	173.658
1018.4999	10.224	6.82073712e-11	-3.14715e-05	8.58313e-06	3.05178e-05	150.708
1020.3471	10.228	6.82340564e-11	-3.33788e-05	2.28883e-05	4.57766e-05	147.828
1021.909	10.232	6.82607416e-11	2.00273e-05	-9.53682e-07	1.33515e-05	3.366
1023.5123	10.236	6.82874268e-11	4.7684e-06	3.05178e-05	3.24252e-05	84.708
1025.0926	10.24	6.8314112e-11	-1.81199e-05	-1.04905e-05	2.19346e-05	-168.366
1026.68	10.244	6.83407972e-11	0.0	1.90736e-06	0.0	-63.438
1028.2245	10.248	6.836748239999999e-11	-1.71663e-05	-2.47956e-05	3.14715e-05	-128.292
1029.7893	10.252	6.83941676e-11	1.14442e-05	3.81473e-06	1.43052e-05	34.992
1031.3737	10.256	6.84208528e-11	2.00273e-05	-9.5368e-06	2.19346e-05	-16.698
1033.2183	10.26	6.8447538e-11	-1.43052e-05	3.05178e-05	3.14715e-05	110.694
1034.7661	10.264	6.847422319999999e-11	1.71663e-05	1.81199e-05	2.0981e-05	67.83
1036.3494	10.268	6.85009084e-11	-2.86104e-06	1.04905e-05	1.04905e-05	72.648
1037.9151	10.272	6.85275936e-11	-1.43052e-05	9.5368e-06	2.19346e-05	151.116
1039.5001	10.276	6.85542788e-11	-1.81199e-05	-4.7684e-06	2.0981e-05	-173.088
1041.0523	10.28	6.8580964e-11	2.86103e-05	2.86103e-05	4.19619e-05	45.642
1042.6226	10.284	6.86076492e-11	-9.53682e-07	3.24252e-05	3.05178e-05	88.668
1044.4297	10.288	6.86343344e-11	-1.04905e-05	4.10082e-05	3.91009e-05	101.31
1046.0236	10.292	6.866101959999999e-11	2.6703e-05	-4.86376e-05	5.24523e-05	-59.97
1047.5751	10.296	6.868770479999999e-11	-1.81199e-05	2.9564e-05	3.05178e-05	111.036
1049.174	10.3	6.871439e-11	-1.43052e-05	1.81199e-05	2.47956e-05	99.69
1050.7227	10.304	6.87410752e-11	-4.7684e-06	-3.52862e-05	3.33788e-05	-84.174
1052.5459	10.308	6.87677604e-11	5.72208e-06	2.76567e-05	2.6703e-05	84.144
1054.1135	10.312	6.87944456e-11	1.23978e-05	-3.81472e-05	3.91009e-05	-76.704
1055.7144	10.316	6.88211308e-11	3.71935e-05	9.5368e-06	3.71935e-05	1.08
1057.2644	10.32	6.884781599999999e-11	-1.62126e-05	2.19346e-05	2.28883e-05	105.252
1058.8508	10.324	6.887450119999999e-11	1.62126e-05	-2.86104e-06	1.71663e-05	-29.478
1060.6715	10.328	6.890118639999999e-11	-2.86104e-06	-4.7684e-06	3.81473e-06	-99.462
1062.2224	10.332	6.89278716e-11	2.0981e-05	1.62126e-05	2.57493e-05	43.026
1063.8046	10.336	6.89545568e-11	-6.67575e-06	-9.5368e-06	1.04905e-05	-119.358
1065.6177	10.34	6.8981242e-11	3.43325e-05	1.23978e-05	3.81472e-05	16.89
1067.1808	10.344	6.90079272e-11	-2.86104e-06	1.23978e-05	1.52589e-05	73.74
1068.7673	10.348	6.90346124e-11	-3.05178e-05	-4.7684e-06	2.3842e-05	-161.568
1070.3342	10.352	6.90612976e-11	3.71935e-05	1.33515e-05	3.91009e-05	22.332
1071.8831	10.356	6.908798279999999e-11	-1.81199e-05	1.71663e-05	2.28883e-05	137.388
1073.7064	10.36	6.911466799999999e-11	-3.71935e-05	-4.7684e-06	3.71935e-05	-171.03
1075.2557	10.364	6.91413532e-11	-2.57493e-05	2.76567e-05	3.71935e-05	128.334
1076.8448	10.368	6.91680384e-11	1.90736e-06	-3.81472e-05	4.10082e-05	-96.24
1078.4031	10.372	6.91947236e-11	2.19346e-05	1.81199e-05	2.9564e-05	42.438
1079.9881	10.376	6.92214088e-11	1.90736e-05	-1.62126e-05	2.57493e-05	-42.954
1081.5596	10.38	6.9248094e-11	1.14442e-05	5.72208e-06	1.71663e-05	29.478
1083.1293	10.384	6.92747792e-11	-3.81472e-05	0.0	3.91009e-05	171.468
1084.9597	10.388	6.93014644e-11	2.86103e-05	1.52589e-05	3.24252e-05	32.472
1086.5348	10.392	6.932814959999999e-11	-2.0981e-05	-5.72208e-06	1.71663e-05	-153.438
1088.1117	10.396	6.93548348e-11	2.86104e-06	-6.67575e-06	1.04905e-05	-133.152
1089.6823	10.4	6.938152e-11	-2.86104e-06	-1.33515e-05	1.04905e-05	-135.0
1091.2635	10.404	6.94082052e-11	2.86103e-05	8.58313e-06	2.9564e-05	15.018
1093.1044	10.408	6.943489039999999e-11	-4.86376e-05	1.90736e-06	4.48229e-05	177.438
1094.6975	10.412	6.94615756e-11	-6.67575e-06	-6.67575e-06	9.5368e-06	-172.404
1096.2809	10.416	6.94882608e-11	-1.43052e-05	-4.7684e-06	1.43052e-05	-164.052
1098.1071	10.42	6.9514946e-11	-1.43052e-05	9.5368e-06	1.33515e-05	145.494
1099.6941	10.424	6.95416312e-11	8.58313e-06	2.86104e-06	1.23978e-05	-26.562
1101.2404	10.428	6.95683164e-11	1.52589e-05	3.52862e-05	3.91009e-05	62.592
1102.8056	10.432	6.95950016e-11	2.86104e-06	2.86103e-05	2.86103e-05	83.37
1104.3789	10.436	6.962168679999999e-11	1.52589e-05	-1.14442e-05	1.90736e-05	-22.482
1106.1988	10.44	6.964837199999999e-11	0.0	-2.86104e-06	2.86104e-06	-113.202
1107.7802	10.444	6.96750572e-11	1.04905e-05	8.58313e-06	1.62126e-05	32.472
1109.3628	10.448	6.97017424e-11	3.81473e-06	1.81199e-05	2.0981e-05	88.362
1110.9128	10.452	6.97284276e-11	1.52589e-05	0.0	1.81199e-05	-5.904
1112.4888	10.456	6.97551128e-11	1.04905e-05	1.71663e-05	2.00273e-05	69.228
1114.065	10.46	6.978179800000001e-11	-1.04905e-05	-1.62126e-05	2.19346e-05	-135.0
1115.6188	10.464	6.980848319999999e-11	6.67575e-06	-4.7684e-06	9.5368e-06	-30.966
1117.4388	10.468	6.983516839999999e-11	1.04905e-05	3.33788e-05	3.52862e-05	68.196
1119.0038	10.472	6.986185359999999e-11	-6.67575e-06	-1.23978e-05	1.23978e-05	-99.462
1120.5761	10.476	6.98885388e-11	-7.62945e-06	3.52862e-05	3.52862e-05	99.636
1122.1602	10.48	6.9915224e-11	-2.19346e-05	-1.90736e-05	3.14715e-05	-142.224
1123.724	10.484	6.99419092e-11	-2.57493e-05	-1.33515e-05	2.57493e-05	-149.304
1125.5464	10.488	6.99685944e-11	-4.7684e-06	4.10082e-05	3.81472e-05	98.916
1127.1369	10.492	6.99952796e-11	1.52589e-05	2.00273e-05	2.19346e-05	60.948
1128.7122	10.496	7.00219648e-11	-9.5368e-06	-3.81473e-06	8.58313e-06	-140.712
1130.5563	10.5	7.004865e-11	-3.62399e-05	3.81473e-06	3.71935e-05	-179.01
1132.155	10.504	7.007533519999999e-11	0.0	5.72208e-06	1.04905e-05	71.568
1133.7331	10.508	7.010202039999999e-11	4.76839e-05	8.58313e-06	4.67303e-05	6.708
1135.3203	10.512	7.01287056e-11	-6.67575e-06	9.53682e-07	9.53682e-07	9.462
1136.8994	10.516	7.01553908e-11	2.28883e-05	2.86103e-05	3.52862e-05	58.464
1138.7125	10.52	7.018207599999999e-11	1.23978e-05	-1.43052e-05	1.71663e-05	-57.528
1140.2767	10.524	7.020876119999999e-11	2.00273e-05	-1.43052e-05	2.76567e-05	-9.462
1141.857	10.528	7.02354464e-11	-7.62945e-06	-3.43325e-05	3.05178e-05	-101.82
1143.424	10.532	7.02621316e-11	-9.53682e-07	1.33515e-05	1.23978e-05	83.988
1145.0105	10.536	7.02888168e-11	3.81473e-06	1.71663e-05	1.71663e-05	74.934
1146.5917	10.54	7.031550199999998e-11	1.90736e-06	3.91009e-05	3.91009e-05	99.78
1148.1725	10.544	7.03421872e-11	-3.81473e-06	9.5368e-06	1.23978e-05	147.726
1150.0109	10.548	7.03688724e-11	-3.62399e-05	-2.00273e-05	3.71935e-05	-147.45
1151.6158	10.552	7.039555759999999e-11	1.52589e-05	2.3842e-05	2.86103e-05	66.642
1153.181	10.556	7.042224279999999e-11	0.0	-3.81473e-06	1.90736e-06	146.31
1154.7483	10.56	7.0448928e-11	5.72208e-06	7.62945e-06	7.62945e-06	116.562
1156.3115	10.564	7.04756132e-11	2.0981e-05	0.0	2.19346e-05	-8.364
1158.1424	10.568	7.05022984e-11	-2.86104e-06	-1.71663e-05	1.52589e-05	-110.226
1159.7099	10.572	7.05289836e-11	-2.76567e-05	7.62945e-06	2.3842e-05	155.556
1161.2698	10.576	7.05556688e-11	-2.19346e-05	3.71935e-05	4.48229e-05	118.476
1163.0752	10.58	7.058235399999999e-11	8.58313e-06	-1.14442e-05	1.71663e-05	-41.01
1164.6612	10.584	7.060903919999999e-11	3.24252e-05	3.81473e-06	3.24252e-05	8.472
1166.2437	10.588	7.063572439999999e-11	-1.14442e-05	8.58313e-06	1.04905e-05	100.62
1167.8263	10.592	7.06624096e-11	-1.81199e-05	2.3842e-05	2.86103e-05	114.864
1169.4002	10.596	7.06890948e-11	1.71663e-05	-8.58313e-06	2.3842e-05	-10.176
1171.2474	10.6	7.071578e-11	-7.62945e-06	1.04905e-05	1.52589e-05	176.31
1172.8178	10.604	7.07424652e-11	5.72208e-06	0.0	3.81473e-06	33.69
1174.4006	10.608	7.07691504e-11	-6.67575e-06	2.9564e-05	3.14715e-05	95.946
1175.9817	10.612	7.079583559999999e-11	-7.62945e-06	2.47956e-05	2.57493e-05	101.31
1177.5323	10.616	7.082252079999999e-11	4.10082e-05	9.53682e-07	3.62399e-05	7.668
1179.1322	10.62	7.084920599999999e-11	-2.3842e-05	2.86104e-06	1.71663e-05	148.242
1180.704	10.624	7.08758912e-11	-4.7684e-06	-9.53682e-07	1.23978e-05	-162.252
1182.5412	10.628	7.09025764e-11	-2.28883e-05	4.29156e-05	4.38693e-05	109.332
1184.0912	10.632	7.09292616e-11	0.0	2.9564e-05	2.9564e-05	91.248
1185.675	10.636	7.095594679999999e-11	3.24252e-05	8.58313e-06	2.47956e-05	20.556
1187.2425	10.64	7.0982632e-11	2.6703e-05	3.05178e-05	4.48229e-05	48.966
1188.8094	10.644	7.10093172e-11	1.33515e-05	7.62945e-06	1.90736e-05	25.116
1190.6452	10.648	7.10360024e-11	2.19346e-05	-7.62945e-06	2.00273e-05	-36.468
1192.214	10.652	7.106268759999999e-11	1.90736e-05	3.81473e-06	2.3842e-05	-4.512
1193.8009	10.656	7.10893728e-11	7.62945e-06	2.19346e-05	2.3842e-05	102.528
1195.6102	10.66	7.1116058e-11	2.86103e-05	-3.14715e-05	4.29156e-05	-46.89
1197.1742	10.664	7.114274319999999e-11	2.86104e-06	1.52589e-05	1.52589e-05	48.576
1198.7569	10.668	7.116942839999999e-11	-1.33515e-05	-3.14715e-05	3.62399e-05	-135.0
1200.3184	10.672	7.11961136e-11	2.19346e-05	1.04905e-05	2.0981e-05	33.114
1201.8726	10.676	7.12227988e-11	2.86103e-05	-3.05178e-05	3.91009e-05	-51.954
1203.4544	10.68	7.1249484e-11	-2.00273e-05	3.24252e-05	4.10082e-05	120.378
1205.0105	10.684	7.12761692e-11	2.00273e-05	-7.62945e-06	1.90736e-05	-6.342
1206.5783	10.688	7.13028544e-11	1.33515e-05	-2.00273e-05	2.19346e-05	-71.568
1208.1312	10.692	7.132953959999999e-11	-9.5368e-06	3.24252e-05	3.43325e-05	95.388
1209.7277	10.696	7.135622479999999e-11	2.57493e-05	-2.86104e-06	2.3842e-05	-8.364
1211.2929	10.7	7.138290999999999e-11	8.58313e-06	-4.00546e-05	4.00546e-05	-75.258
1212.8441	10.704	7.14095952e-11	2.6703e-05	1.90736e-06	2.19346e-05	7.854
1214.6645	10.708	7.14362804e-11	1.23978e-05	-3.24252e-05	3.33788e-05	-79.59
1216.2363	10.712	7.14629656e-11	9.5368e-06	-9.5368e-06	1.23978e-05	-21.036
1217.8166	10.716	7.14896508e-11	-1.23978e-05	-4.7684e-06	9.5368e-06	158.964
1219.4143	10.72	7.151633600000001e-11	1.04905e-05	1.90736e-06	1.23978e-05	-20.226
1220.9864	10.724	7.154302119999999e-11	1.04905e-05	-9.5368e-06	1.52589e-05	-41.82
1222.79	10.728	7.156970639999999e-11	-6.67575e-06	2.6703e-05	2.86103e-05	107.592
1224.3573	10.732	7.159639159999999e-11	1.52589e-05	-9.5368e-06	2.0981e-05	-15.252
1225.9436	10.736	7.16230768e-11	-2.00273e-05	0.0	2.47956e-05	173.046
1227.7986	10.74	7.1649762e-11	-2.0981e-05	-6.67575e-06	2.86103e-05	-163.416
1229.3456	10.744	7.16764472e-11	-1.33515e-05	1.52589e-05	1.81199e-05	138.18
1230.9308	10.748	7.17031324e-11	-2.19346e-05	2.19346e-05	2.86103e-05	124.878
1232.513	10.752	7.17298176e-11	-3.81473e-06	1.43052e-05	1.23978e-05	115.02
1234.1004	10.756	7.17565028e-11	4.76839e-05	-3.71935e-05	5.72207e-05	-39.63
1235.6963	10.76	7.178318799999999e-11	-4.19619e-05	-7.62945e-06	4.29156e-05	-164.178
1237.277	10.764	7.180987319999999e-11	-2.86104e-06	-2.57493e-05	2.28883e-05	-103.134
1238.8335	10.768	7.18365584e-11	-1.62126e-05	1.52589e-05	1.90736e-05	126.468
1240.4175	10.772	7.18632436e-11	8.58313e-06	-2.86104e-06	6.67575e-06	11.31
1241.9813	10.776	7.18899288e-11	9.5368e-06	3.24252e-05	3.33788e-05	79.992
1243.5577	10.78	7.191661399999999e-11	-4.7684e-06	1.62126e-05	1.62126e-05	119.748
1245.1444	10.784	7.19432992e-11	8.58313e-06	-1.52589e-05	1.90736e-05	-64.29
1246.9573	10.788	7.19699844e-11	1.04905e-05	1.04905e-05	1.33515e-05	57.096
1248.5156	10.792	7.19966696e-11	1.90736e-05	-6.67575e-06	1.90736e-05	-6.114
1250.0725	10.796	7.20233548e-11	2.00273e-05	6.67575e-06	2.19346e-05	13.626
1251.6569	10.8	7.205004e-11	3.33788e-05	-3.81473e-06	3.05178e-05	-9.246
1253.2403	10.804	7.20767252e-11	2.3842e-05	8.58313e-06	2.47956e-05	11.634
1255.0607	10.808	7.210341039999999e-11	2.86104e-06	-4.7684e-06	3.81473e-06	-30.966
1256.6428	10.812	7.213009559999999e-11	-2.28883e-05	-2.00273e-05	3.24252e-05	-143.364
1258.2577	10.816	7.21567808e-11	2.28883e-05	-2.86104e-06	2.47956e-05	-5.856
1259.8384	10.82	7.2183466e-11	2.19346e-05	-2.9564e-05	2.76567e-05	-58.734
1261.3932	10.824	7.22101512e-11	1.52589e-05	5.72208e-06	1.23978e-05	34.698
1263.232	10.828	7.22368364e-11	2.3842e-05	-5.72208e-06	2.19346e-05	-22.17
1264.7977	10.832	7.22635216e-11	5.72208e-06	5.72208e-06	4.7684e-06	36.87
1266.3636	10.836	7.229020679999999e-11	-2.86104e-06	8.58313e-06	1.43052e-05	30.582
1267.9525	10.84	7.231689199999999e-11	4.86376e-05	1.81199e-05	4.57766e-05	25.794
1269.5338	10.844	7.234357719999999e-11	3.05178e-05	3.81473e-06	3.05178e-05	-8.838
1271.1148	10.848	7.23702624e-11	-4.7684e-06	-1.62126e-05	1.04905e-05	-36.87
1272.6944	10.852	7.23969476e-11	1.62126e-05	-7.62945e-06	1.14442e-05	-45.0
1274.2614	10.856	7.24236328e-11	1.14442e-05	-1.90736e-05	2.3842e-05	-53.748
1275.8466	10.86	7.2450318e-11	-3.43325e-05	-1.14442e-05	3.91009e-05	-162.426
1277.4174	10.864	7.247700320000001e-11	1.33515e-05	1.90736e-06	1.52589e-05	14.622
1278.9866	10.868	7.25036884e-11	2.00273e-05	9.5368e-06	2.3842e-05	25.908
1280.5847	10.872	7.253037359999999e-11	-1.62126e-05	-2.9564e-05	3.24252e-05	-121.374
1282.1606	10.876	7.255705879999999e-11	-9.5368e-06	-1.43052e-05	1.52589e-05	-117.642
1283.7467	10.88	7.2583744e-11	9.5368e-06	1.90736e-05	2.3842e-05	56.724
1285.3124	10.884	7.26104292e-11	7.62945e-06	-9.53682e-07	8.58313e-06	-8.748
1287.1384	10.888	7.26371144e-11	-2.6703e-05	7.62945e-06	2.19346e-05	156.252
1288.7202	10.892	7.26637996e-11	3.24252e-05	3.81473e-06	2.9564e-05	12.378
1290.2907	10.896	7.26904848e-11	9.5368e-06	5.72208e-06	1.14442e-05	3.012
1291.8904	10.9	7.271717e-11	4.7684e-06	2.86104e-06	8.58313e-06	-3.18
1293.4357	10.904	7.27438552e-11	-3.33788e-05	5.72208e-06	3.33788e-05	172.032
1295.2813	10.908	7.277054039999999e-11	0.0	5.81744e-05	5.72207e-05	85.812
1296.8341	10.912	7.27972256e-11	1.90736e-05	1.52589e-05	2.47956e-05	31.218
1298.4252	10.916	7.28239108e-11	-2.47956e-05	1.04905e-05	2.19346e-05	152.652
1300.2717	10.92	7.2850596e-11	-1.71663e-05	2.19346e-05	2.57493e-05	114.774
1301.8542	10.924	7.287728119999999e-11	1.23978e-05	1.90736e-06	0.0	-143.13
1303.4216	10.928	7.29039664e-11	2.9564e-05	1.33515e-05	3.05178e-05	33.69
1305.0008	10.932	7.29306516e-11	1.04905e-05	2.86104e-06	2.0981e-05	9.69
1306.564	10.936	7.29573368e-11	3.33788e-05	2.86104e-06	2.86103e-05	5.856
1308.422	10.94	7.2984022e-11	-2.86104e-06	1.90736e-06	3.81473e-06	-127.878
1309.9945	10.944	7.30107072e-11	3.81473e-06	-3.24252e-05	3.24252e-05	-88.83
1311.5888	10.948	7.30373924e-11	-9.5368e-06	-2.76567e-05	2.28883e-05	-100.956
1313.1919	10.952	7.306407759999999e-11	-3.43325e-05	-2.86103e-05	4.67303e-05	-140.094
1314.7575	10.956	7.309076279999999e-11	1.90736e-05	2.57493e-05	3.24252e-05	53.364
1316.3339	10.96	7.3117448e-11	1.90736e-06	-1.04905e-05	1.14442e-05	-40.602
1317.9243	10.964	7.31441332e-11	0.0	3.81473e-06	8.58313e-06	120.966
1319.7778	10.968	7.31708184e-11	4.7684e-06	-9.5368e-06	6.67575e-06	-23.202
1321.3461	10.972	7.31975036e-11	-9.53682e-07	-3.81473e-06	5.72208e-06	-146.31
1322.9316	10.976	7.322418880000001e-11	-6.67575e-06	-6.67575e-06	3.81473e-06	-45.0
1324.4983	10.98	7.325087399999999e-11	2.19346e-05	2.86103e-05	3.24252e-05	63.972
1326.077	10.984	7.327755919999999e-11	1.71663e-05	2.19346e-05	3.52862e-05	40.914
1327.9021	10.988	7.330424439999999e-11	-1.43052e-05	2.3842e-05	2.9564e-05	109.98
1329.4683	10.992	7.33309296e-11	5.72208e-06	1.23978e-05	1.33515e-05	39.096
1331.039	10.996	7.33576148e-11	5.72208e-06	1.71663e-05	1.90736e-05	50.442
1332.6031	11.0	7.33843e-11	6.67575e-06	3.81473e-06	1.04905e-05	38.292
1334.1831	11.004	7.34109852e-11	1.90736e-06	-2.0981e-05	2.47956e-05	-96.792
1335.7488	11.008	7.343767039999999e-11	-9.5368e-06	1.33515e-05	2.19346e-05	138.366
1337.3313	11.012	7.34643556e-11	-3.81473e-06	-3.05178e-05	3.05178e-05	-93.732
1338.8908	11.016	7.34910408e-11	-2.28883e-05	9.5368e-06	2.57493e-05	152.82
1340.7205	11.02	7.351772599999999e-11	6.67575e-06	-2.76567e-05	2.86103e-05	-83.37
1342.2927	11.024	7.354441119999999e-11	1.90736e-05	0.0	2.0981e-05	0.0
1343.8785	11.028	7.35710964e-11	-1.52589e-05	1.90736e-06	1.52589e-05	175.032
1345.4447	11.032	7.35977816e-11	-2.19346e-05	1.23978e-05	2.3842e-05	147.654
1347.0102	11.036	7.36244668e-11	-1.43052e-05	-1.81199e-05	2.00273e-05	-130.602
1348.5733	11.04	7.365115199999999e-11	1.90736e-06	1.81199e-05	1.90736e-05	91.974
1350.1564	11.044	7.36778372e-11	5.72208e-06	-5.3406e-05	5.3406e-05	-86.514
1351.7473	11.048	7.37045224e-11	-4.7684e-06	2.19346e-05	2.3842e-05	83.37
1353.3132	11.052	7.37312076e-11	2.0981e-05	1.62126e-05	2.57493e-05	39.804
1354.8767	11.056	7.375789279999998e-11	-7.62945e-06	-3.43325e-05	3.05178e-05	-111.036
1356.4453	11.06	7.3784578e-11	9.5368e-06	1.52589e-05	2.00273e-05	51.342
1357.9927	11.064	7.38112632e-11	-9.5368e-06	1.52589e-05	1.52589e-05	122.274
1359.5781	11.068	7.383794839999999e-11	-1.33515e-05	6.67575e-06	1.23978e-05	142.434
1361.1446	11.072	7.386463359999999e-11	3.05178e-05	-2.28883e-05	3.91009e-05	-29.514
1362.7467	11.076	7.38913188e-11	-4.7684e-06	1.90736e-06	4.7684e-06	135.0
1364.5969	11.08	7.3918004e-11	1.33515e-05	-2.0981e-05	2.19346e-05	-67.83
1366.1671	11.084	7.39446892e-11	-2.19346e-05	1.23978e-05	2.3842e-05	151.26
1367.7317	11.088	7.39713744e-11	-2.76567e-05	1.52589e-05	2.57493e-05	147.654
1369.2847	11.092	7.39980596e-11	2.86104e-06	1.43052e-05	1.33515e-05	81.468
1370.8689	11.096	7.402474479999999e-11	-6.67575e-06	3.81473e-06	2.86104e-06	-11.31
1372.6946	11.1	7.405142999999999e-11	3.81473e-06	-7.62945e-06	0.0	101.31
1374.262	11.104	7.407811519999999e-11	1.33515e-05	-2.19346e-05	2.47956e-05	-57.996
1375.8416	11.108	7.41048004e-11	9.53682e-07	-9.5368e-06	5.72208e-06	-6.342
1377.4194	11.112	7.41314856e-11	4.7684e-06	9.5368e-06	1.04905e-05	111.804
1379.0054	11.116	7.41581708e-11	1.33515e-05	-9.53682e-07	1.23978e-05	-16.392
1380.5712	11.12	7.4184856e-11	-3.43325e-05	-3.14715e-05	4.38693e-05	-138.732
1382.1391	11.124	7.42115412e-11	-2.57493e-05	-1.62126e-05	3.24252e-05	-147.876
1383.7047	11.128	7.423822639999999e-11	1.71663e-05	-6.67575e-06	1.71663e-05	-7.122
1385.533	11.132	7.426491159999999e-11	2.86104e-06	1.62126e-05	1.62126e-05	104.622
1387.1031	11.136	7.429159679999999e-11	9.53682e-07	1.90736e-05	2.0981e-05	70.464
1388.6665	11.14	7.4318282e-11	3.43325e-05	-2.47956e-05	4.48229e-05	-31.662
1390.2832	11.144	7.43449672e-11	-1.14442e-05	-1.04905e-05	2.19346e-05	-160.146
1392.1039	11.148	7.43716524e-11	-1.14442e-05	0.0	1.23978e-05	177.276
1393.6735	11.152	7.439833759999999e-11	2.57493e-05	1.90736e-06	1.90736e-05	6.84
1395.2409	11.156	7.44250228e-11	-7.62945e-06	5.72208e-06	5.72208e-06	73.302
1396.8179	11.16	7.4451708e-11	-1.81199e-05	4.00546e-05	4.57766e-05	117.3
1398.3842	11.164	7.447839319999999e-11	-4.29156e-05	1.90736e-05	4.57766e-05	158.196
1399.9517	11.168	7.450507839999999e-11	-1.04905e-05	-1.43052e-05	1.62126e-05	-119.748
1401.5266	11.172	7.45317636e-11	-2.00273e-05	2.57493e-05	3.14715e-05	128.856
1403.1037	11.176	7.45584488e-11	1.90736e-06	9.5368e-06	1.04905e-05	78.69
1404.9271	11.18	7.458513399999999e-11	-3.71935e-05	0.0	3.14715e-05	-178.698
1406.4933	11.184	7.461181919999999e-11	1.33515e-05	-1.14442e-05	1.52589e-05	-46.848
1408.0427	11.188	7.46385044e-11	4.86376e-05	3.81473e-06	4.57766e-05	0.828
1409.6141	11.192	7.46651896e-11	-7.62945e-06	6.67575e-06	8.58313e-06	94.086
1411.1942	11.196	7.46918748e-11	-2.28883e-05	-1.71663e-05	2.57493e-05	-141.582
1412.7846	11.2	7.471856e-11	-3.81473e-06	-4.7684e-06	8.58313e-06	156.372
1414.3613	11.204	7.47452452e-11	1.52589e-05	-1.52589e-05	2.0981e-05	-34.212
1415.927	11.208	7.47719304e-11	1.04905e-05	-9.53682e-07	1.33515e-05	-2.49
1417.4997	11.212	7.479861559999999e-11	-1.14442e-05	-2.86104e-06	1.04905e-05	176.424
1419.0621	11.216	7.482530079999999e-11	-1.62126e-05	2.86104e-06	1.23978e-05	154.8
1420.6322	11.22	7.4851986e-11	-4.67303e-05	1.71663e-05	4.86376e-05	156.9
1422.232	11.224	7.48786712e-11	2.3842e-05	-8.58313e-06	2.6703e-05	-25.974
1424.0731	11.228	7.49053564e-11	2.00273e-05	9.53682e-07	1.90736e-05	2.046
1425.6483	11.232	7.49320416e-11	-1.62126e-05	1.52589e-05	2.47956e-05	134.028
1427.2243	11.236	7.49587268e-11	3.43325e-05	8.58313e-06	3.05178e-05	8.13
1428.8028	11.24	7.498541199999999e-11	-2.76567e-05	-2.0981e-05	2.57493e-05	-139.398
1430.3978	11.244	7.501209719999999e-11	-6.67575e-06	2.19346e-05	2.19346e-05	108.432
1431.9833	11.248	7.503878239999999e-11	2.19346e-05	6.19893e-05	6.8665e-05	69.882
1433.5525	11.252	7.50654676e-11	-9.5368e-06	0.0	4.7684e-06	98.13
1435.1349	11.256	7.50921528e-11	8.58313e-06	-3.81473e-06	1.04905e-05	-21.252
1436.6873	11.26	7.5118838e-11	-3.24252e-05	1.90736e-05	3.81472e-05	144.12
1438.2717	11.264	7.51455232e-11	8.58313e-06	8.58313e-06	1.33515e-05	66.798
1439.8404	11.268	7.51722084e-11	4.7684e-06	-1.81199e-05	2.3842e-05	-52.254
1441.417	11.272	7.51988936e-11	-4.7684e-06	-2.19346e-05	1.90736e-05	-117.474
1442.9827	11.276	7.522557879999999e-11	-3.81472e-05	-2.28883e-05	4.57766e-05	-146.526
1444.5678	11.28	7.525226399999999e-11	-4.38693e-05	-4.19619e-05	5.43597e-05	-136.608
1446.1731	11.284	7.52789492e-11	3.81473e-06	-6.67575e-06	1.04905e-05	-77.736
1447.7514	11.288	7.53056344e-11	-3.71935e-05	-1.81199e-05	3.91009e-05	-154.746
1449.324	11.292	7.53323196e-11	2.00273e-05	-1.71663e-05	1.71663e-05	-65.556
1450.9002	11.296	7.535900479999999e-11	-3.05178e-05	2.86104e-06	2.76567e-05	167.622
1452.452	11.3	7.538569e-11	0.0	-3.33788e-05	3.33788e-05	-90.0
1454.0532	11.304	7.54123752e-11	-7.62945e-06	1.04905e-05	1.14442e-05	147.264
1455.8719	11.308	7.54390604e-11	-1.04905e-05	1.52589e-05	1.23978e-05	139.764
1457.4588	11.312	7.546574559999999e-11	1.04905e-05	-9.5368e-06	8.58313e-06	-83.658
1459.0417	11.316	7.54924308e-11	-1.43052e-05	1.04905e-05	1.52589e-05	133.152
1460.6255	11.32	7.5519116e-11	-1.62126e-05	0.0	1.52589e-05	165.378
1462.2108	11.324	7.554580119999999e-11	-1.81199e-05	5.72208e-06	2.19346e-05	146.766
1463.762	11.328	7.557248639999999e-11	2.57493e-05	8.58313e-06	3.24252e-05	12.408
1465.3473	11.332	7.55991716e-11	-1.33515e-05	3.81473e-06	6.67575e-06	122.004
1466.9131	11.336	7.56258568e-11	1.71663e-05	1.43052e-05	2.19346e-05	37.236
1468.4923	11.34	7.5652542e-11	1.90736e-05	-9.5368e-06	2.19346e-05	-5.046
1470.0605	11.344	7.56792272e-11	3.81473e-06	-1.14442e-05	9.5368e-06	-73.302
1471.6314	11.348	7.57059124e-11	5.72208e-06	2.9564e-05	3.14715e-05	71.202
1473.2078	11.352	7.57325976e-11	1.90736e-05	-3.81473e-06	2.19346e-05	-22.992
1474.7798	11.356	7.575928279999999e-11	8.58313e-06	-2.86104e-06	1.23978e-05	-7.434
1476.6208	11.36	7.578596799999999e-11	1.33515e-05	-1.23978e-05	1.52589e-05	-25.2
1478.166	11.364	7.58126532e-11	2.19346e-05	0.0	1.33515e-05	-3.816
1479.7337	11.368	7.58393384e-11	1.71663e-05	-6.67575e-06	1.90736e-05	-15.42
1481.3186	11.372	7.58660236e-11	3.05178e-05	-1.04905e-05	2.76567e-05	-12.678
1482.8977	11.376	7.58927088e-11	-5.72208e-06	-1.81199e-05	1.90736e-05	-90.0
1484.4693	11.38	7.591939400000001e-11	4.67303e-05	-1.43052e-05	5.0545e-05	-13.284
1486.0515	11.384	7.594607919999999e-11	5.72208e-06	1.90736e-05	2.28883e-05	29.58
1487.8577	11.388	7.597276439999999e-11	-9.5368e-06	2.3842e-05	2.76567e-05	111.318
1489.4375	11.392	7.599944959999999e-11	2.00273e-05	1.81199e-05	2.6703e-05	41.058
1490.9927	11.396	7.60261348e-11	1.14442e-05	-1.14442e-05	1.52589e-05	-56.976
1492.572	11.4	7.605282e-11	-2.86103e-05	9.5368e-06	3.05178e-05	152.88
1494.1381	11.404	7.60795052e-11	1.04905e-05	3.81473e-06	1.23978e-05	11.31
1495.7048	11.408	7.61061904e-11	-6.67575e-06	2.3842e-05	2.47956e-05	101.004
1497.2963	11.412	7.61328756e-11	1.90736e-06	9.53682e-07	5.72208e-06	8.748
1498.8635	11.416	7.61595608e-11	-1.62126e-05	1.90736e-05	2.57493e-05	131.058
1500.6813	11.42	7.6186246e-11	-1.14442e-05	3.52862e-05	3.62399e-05	104.298
1502.2854	11.424	7.621293119999999e-11	-2.6703e-05	1.90736e-06	3.33788e-05	176.88
1503.8761	11.428	7.62396164e-11	-2.86104e-06	3.81473e-06	3.81473e-06	158.196
1505.4433	11.432	7.62663016e-11	6.67575e-06	-1.14442e-05	1.90736e-05	-59.622
1507.0195	11.436	7.62929868e-11	2.00273e-05	1.33515e-05	2.57493e-05	46.908
1508.5939	11.44	7.631967199999999e-11	-1.62126e-05	3.05178e-05	3.43325e-05	116.562
1510.1774	11.444	7.63463572e-11	-7.62945e-06	-2.47956e-05	2.86103e-05	-88.782
1511.7794	11.448	7.63730424e-11	-1.23978e-05	-9.53682e-07	5.72208e-06	126.87
1513.3435	11.452	7.63997276e-11	-2.3842e-05	-1.43052e-05	2.57493e-05	-139.236
1514.915	11.456	7.64264128e-11	-2.00273e-05	2.19346e-05	2.86103e-05	133.092
1516.4951	11.46	7.6453098e-11	9.5368e-06	1.90736e-06	5.72208e-06	-45.0
1518.0829	11.464	7.64797832e-11	1.43052e-05	1.04905e-05	2.47956e-05	33.312
1519.8852	11.468	7.650646839999999e-11	-1.14442e-05	-1.62126e-05	2.19346e-05	-125.91
1521.4716	11.472	7.653315359999999e-11	3.24252e-05	2.86103e-05	4.19619e-05	45.66
1523.024	11.476	7.65598388e-11	1.23978e-05	-2.00273e-05	2.3842e-05	-52.818
1524.6041	11.48	7.6586524e-11	7.62945e-06	2.0981e-05	2.19346e-05	54.864
1526.1771	11.484	7.66132092e-11	-3.81473e-06	1.71663e-05	2.0981e-05	106.992
1527.9938	11.488	7.66398944e-11	-1.33515e-05	-5.72208e-06	8.58313e-06	-139.398
1529.5826	11.492	7.666657960000001e-11	-4.7684e-06	-1.81199e-05	1.81199e-05	-105.066
1531.1494	11.496	7.669326479999999e-11	-2.00273e-05	-3.71935e-05	4.19619e-05	-120.966
1532.7174	11.5	7.671994999999999e-11	-9.53682e-07	2.3842e-05	2.57493e-05	88.566
1534.2846	11.504	7.674663519999999e-11	-1.23978e-05	1.04905e-05	2.57493e-05	150.42
1535.8622	11.508	7.677332039999999e-11	2.3842e-05	1.14442e-05	2.57493e-05	42.612
1537.4334	11.512	7.68000056e-11	9.53682e-07	-2.00273e-05	1.81199e-05	-75.966
1538.9932	11.516	7.68266908e-11	-4.7684e-06	1.52589e-05	1.43052e-05	95.712
1540.56	11.52	7.6853376e-11	6.67575e-06	-2.47956e-05	2.47956e-05	-68.196
1542.1435	11.524	7.68800612e-11	1.04905e-05	-9.5368e-06	1.71663e-05	-25.644
1543.7432	11.528	7.69067464e-11	-1.62126e-05	-6.67575e-06	1.23978e-05	-140.904
1545.328	11.532	7.693343159999999e-11	1.90736e-05	-1.14442e-05	2.19346e-05	-35.136
1546.9014	11.536	7.696011679999999e-11	-1.04905e-05	-2.0981e-05	2.3842e-05	-121.506
1548.4816	11.54	7.698680199999999e-11	1.04905e-05	-2.86104e-06	8.58313e-06	53.13
1550.0296	11.544	7.70134872e-11	-2.47956e-05	-1.33515e-05	3.05178e-05	-150.252
1551.8744	11.548	7.70401724e-11	-1.23978e-05	2.28883e-05	2.57493e-05	118.608
1553.4324	11.552	7.70668576e-11	2.86103e-05	-1.62126e-05	2.86103e-05	-26.562
1555.0233	11.556	7.709354279999999e-11	-1.14442e-05	5.72208e-06	9.5368e-06	147.528
1556.5841	11.56	7.7120228e-11	4.7684e-06	1.23978e-05	1.52589e-05	87.708
1558.1506	11.564	7.71469132e-11	9.53682e-07	-1.90736e-06	0.0	153.438
1560.0063	11.568	7.71735984e-11	-7.62945e-06	8.58313e-06	5.72208e-06	78.69
1561.5902	11.572	7.720028359999999e-11	2.57493e-05	-2.28883e-05	2.3842e-05	-46.332
1563.1722	11.576	7.72269688e-11	-1.62126e-05	-4.10082e-05	4.38693e-05	-114.306
1565.0175	11.58	7.7253654e-11	3.33788e-05	-1.23978e-05	3.24252e-05	-6.792
1566.5943	11.584	7.728033919999999e-11	0.0	8.58313e-06	1.04905e-05	146.31
1568.1828	11.588	7.730702439999999e-11	3.71935e-05	-3.62399e-05	5.14986e-05	-47.046
1569.7481	11.592	7.73337096e-11	2.6703e-05	2.9564e-05	4.19619e-05	42.456
1571.3113	11.596	7.73603948e-11	1.71663e-05	1.14442e-05	2.0981e-05	37.236
1572.8789	11.6	7.738708e-11	1.14442e-05	-2.47956e-05	3.05178e-05	-48.468
1574.4638	11.604	7.74137652e-11	-8.58313e-06	-1.04905e-05	8.58313e-06	-101.31
1576.0852	11.608	7.74404504e-11	-2.86104e-06	3.81473e-06	1.23978e-05	162.252
1577.6513	11.612	7.746713559999999e-11	-3.81472e-05	-9.5368e-06	3.52862e-05	-147.774
1579.2516	11.616	7.749382079999999e-11	-1.81199e-05	1.52589e-05	3.14715e-05	157.218
1580.8171	11.62	7.752050599999999e-11	1.43052e-05	1.90736e-05	2.3842e-05	53.13
1582.3944	11.624	7.75471912e-11	8.58313e-06	1.23978e-05	1.90736e-05	59.352
1584.2193	11.628	7.75738764e-11	2.3842e-05	-2.76567e-05	3.33788e-05	-57.342
1585.802	11.632	7.76005616e-11	3.81473e-06	1.81199e-05	1.90736e-05	82.878
1587.3667	11.636	7.76272468e-11	-3.14715e-05	-9.5368e-06	3.05178e-05	-165.966
1588.9532	11.64	7.7653932e-11	1.14442e-05	0.0	6.67575e-06	-33.69
1590.503	11.644	7.768061719999999e-11	-2.28883e-05	8.58313e-06	2.28883e-05	159.444
1592.3256	11.648	7.770730239999999e-11	2.86104e-06	2.19346e-05	2.19346e-05	91.734
1593.9075	11.652	7.773398759999999e-11	1.90736e-05	-6.67575e-06	1.04905e-05	-65.556
1595.4957	11.656	7.77606728e-11	5.72208e-06	-6.67575e-06	1.62126e-05	-14.034
1597.3157	11.66	7.7787358e-11	-1.90736e-05	-1.81199e-05	2.28883e-05	-135.0
1598.9162	11.664	7.78140432e-11	-2.86104e-06	3.81473e-06	6.67575e-06	-176.184
1600.4675	11.668	7.784072839999999e-11	2.86104e-06	-3.33788e-05	3.14715e-05	-85.134
1602.0375	11.672	7.78674136e-11	2.57493e-05	-3.81473e-06	2.47956e-05	-3.096
1603.6213	11.676	7.78940988e-11	-9.5368e-06	1.04905e-05	1.62126e-05	138.012
1605.2147	11.68	7.792078399999999e-11	1.90736e-05	-5.72208e-06	1.71663e-05	5.442
1606.7796	11.684	7.794746919999999e-11	1.71663e-05	1.04905e-05	2.9564e-05	19.176
1608.3483	11.688	7.79741544e-11	1.23978e-05	1.33515e-05	1.81199e-05	52.308
1609.904	11.692	7.80008396e-11	0.0	-2.00273e-05	1.90736e-05	-100.956
1611.4863	11.696	7.80275248e-11	-9.5368e-06	1.14442e-05	1.23978e-05	90.0
1613.0374	11.7	7.805420999999999e-11	-2.00273e-05	0.0	1.71663e-05	173.418