Time (s) 	 Position (mm) 	 Delay (s) 	 X 	 Y 	 R 	 theta 
#Without Preamplifier,searching for the GaP signal, ZnTe detector angle 40deg, Chopper 230Hz, time constant=0.1s 24dB, waiting time= 1.0s, sensitivity=20mV
1.9758	7.4	4.936762e-11	8.58313e-06	-2.3842e-05	2.6703e-05	-51.768
3.5529	7.404	4.9394305199999994e-11	-1.62126e-05	-4.48229e-05	4.76839e-05	-108.432
5.3645	7.408	4.94209904e-11	-8.58313e-06	-9.53682e-07	1.04905e-05	-171.03
6.9099	7.412	4.94476756e-11	2.28883e-05	4.76839e-05	5.3406e-05	70.02
8.4952	7.416	4.94743608e-11	-4.7684e-06	-1.81199e-05	1.71663e-05	-96.582
10.0457	7.42	4.9501046e-11	3.81473e-06	9.5368e-06	8.58313e-06	60.948
11.5968	7.424	4.95277312e-11	8.58313e-06	-1.14442e-05	1.71663e-05	-45.0
13.1483	7.428	4.9554416399999996e-11	1.52589e-05	1.33515e-05	2.19346e-05	35.136
14.6965	7.432	4.95811016e-11	-9.5368e-06	-3.52862e-05	3.14715e-05	-96.954
16.268	7.436	4.96077868e-11	2.76567e-05	-2.0981e-05	3.52862e-05	-36.87
18.0551	7.44	4.9634472e-11	0.0	6.67575e-06	5.72208e-06	73.302
19.6414	7.444	4.9661157199999996e-11	9.5368e-06	-1.33515e-05	1.04905e-05	-104.034
21.4456	7.448	4.96878424e-11	1.33515e-05	-1.62126e-05	1.90736e-05	-56.82
23.0515	7.452	4.97145276e-11	-1.81199e-05	-4.7684e-06	1.23978e-05	-167.004
24.6019	7.456	4.97412128e-11	-3.05178e-05	-1.14442e-05	2.57493e-05	-165.582
26.1475	7.46	4.9767897999999995e-11	2.86103e-05	-2.76567e-05	3.71935e-05	-49.512
27.6973	7.464	4.97945832e-11	0.0	1.43052e-05	1.62126e-05	85.602
29.2815	7.468	4.98212684e-11	-1.04905e-05	-9.53682e-07	9.5368e-06	146.31
30.8498	7.472	4.98479536e-11	2.19346e-05	-1.33515e-05	2.19346e-05	-26.562
32.4008	7.476	4.9874638799999994e-11	-1.23978e-05	0.0	6.67575e-06	167.472
34.2227	7.48	4.9901324e-11	3.24252e-05	-1.62126e-05	4.10082e-05	-29.406
35.7756	7.484	4.99280092e-11	9.53682e-07	-1.43052e-05	1.52589e-05	-73.074
37.6011	7.488	4.99546944e-11	-2.9564e-05	1.90736e-05	3.52862e-05	148.11
39.2035	7.492	4.99813796e-11	2.76567e-05	2.76567e-05	3.91009e-05	40.062
40.7824	7.496	5.00080648e-11	1.62126e-05	-8.58313e-06	1.71663e-05	-17.652
42.3326	7.5	5.0034749999999996e-11	3.71935e-05	-2.86104e-06	3.71935e-05	-1.044
43.8987	7.504	5.0061435199999994e-11	1.23978e-05	1.62126e-05	2.28883e-05	42.798
45.4569	7.508	5.00881204e-11	1.52589e-05	-1.81199e-05	2.3842e-05	-46.08
47.0194	7.512	5.01148056e-11	3.24252e-05	1.52589e-05	3.33788e-05	19.884
48.5829	7.516	5.0141490799999995e-11	3.81473e-06	2.0981e-05	2.57493e-05	65.226
50.4116	7.52	5.0168175999999994e-11	-3.05178e-05	-3.52862e-05	5.0545e-05	-140.562
51.9741	7.524	5.01948612e-11	3.33788e-05	1.23978e-05	3.81472e-05	26.994
53.8028	7.528	5.0221546399999997e-11	-2.47956e-05	3.71935e-05	4.38693e-05	123.69
55.3688	7.532	5.0248231599999995e-11	-2.86104e-06	1.14442e-05	9.5368e-06	26.562
56.9157	7.536	5.027491679999999e-11	-2.47956e-05	-8.58313e-06	2.47956e-05	-172.302
58.5193	7.54	5.0301602e-11	1.71663e-05	-3.14715e-05	3.33788e-05	-59.658
60.0811	7.544	5.0328287199999996e-11	4.57766e-05	1.90736e-05	4.95913e-05	25.842
61.6508	7.548	5.03549724e-11	5.72208e-06	8.58313e-06	1.23978e-05	39.096
63.207	7.552	5.038165759999999e-11	3.71935e-05	1.43052e-05	3.91009e-05	24.444
64.7709	7.556	5.04083428e-11	-4.7684e-06	-1.52589e-05	1.52589e-05	-128.292
66.5787	7.56	5.0435027999999995e-11	3.33788e-05	9.53682e-07	3.05178e-05	1.272
68.1731	7.564	5.04617132e-11	1.71663e-05	2.86104e-06	9.5368e-06	-45.0
69.9788	7.568	5.04883984e-11	1.33515e-05	-2.0981e-05	2.57493e-05	-58.572
71.5773	7.572	5.0515083599999996e-11	-1.81199e-05	-2.00273e-05	2.57493e-05	-143.43
73.1471	7.576	5.0541768799999994e-11	1.23978e-05	-1.81199e-05	2.28883e-05	-51.582
74.7293	7.58	5.0568454e-11	-6.67575e-06	-4.7684e-06	5.72208e-06	-123.69
76.2963	7.584	5.05951392e-11	1.23978e-05	-3.14715e-05	3.33788e-05	-79.116
77.8633	7.588	5.0621824399999995e-11	-7.62945e-06	1.04905e-05	1.23978e-05	116.562
79.4297	7.592	5.0648509599999994e-11	-2.6703e-05	-2.6703e-05	3.14715e-05	-127.65
81.0197	7.596	5.06751948e-11	2.76567e-05	-1.14442e-05	2.9564e-05	-22.518
82.5993	7.6	5.0701879999999996e-11	1.04905e-05	1.33515e-05	1.90736e-05	65.094
84.1507	7.604	5.07285652e-11	-1.81199e-05	-1.33515e-05	2.3842e-05	-138.24
85.9594	7.608	5.075525039999999e-11	3.91009e-05	0.0	4.19619e-05	-0.87
87.5438	7.612	5.07819356e-11	-2.86104e-06	6.67575e-06	1.04905e-05	86.988
89.1125	7.616	5.0808620799999996e-11	0.0	3.81473e-06	4.7684e-06	54.462
90.673	7.62	5.0835306e-11	-4.7684e-06	1.90736e-05	2.00273e-05	115.71
92.2416	7.624	5.086199119999999e-11	2.19346e-05	1.90736e-06	1.90736e-05	9.864
93.8261	7.628	5.0888676399999997e-11	8.58313e-06	1.90736e-06	1.04905e-05	17.526
95.3813	7.632	5.0915361599999995e-11	2.0981e-05	-1.04905e-05	2.28883e-05	-15.252
96.9613	7.636	5.09420468e-11	-9.53682e-07	-3.33788e-05	3.52862e-05	-83.346
98.5236	7.64	5.0968732e-11	-3.33788e-05	1.33515e-05	3.52862e-05	151.992
100.0792	7.644	5.0995417199999996e-11	-9.53682e-07	-1.52589e-05	1.33515e-05	-87.276
101.6656	7.648	5.1022102399999994e-11	3.91009e-05	5.72208e-06	3.62399e-05	15.804
103.2241	7.652	5.10487876e-11	1.90736e-06	7.62945e-06	1.14442e-05	34.506
104.7923	7.656	5.10754728e-11	1.23978e-05	-6.67575e-06	1.33515e-05	-33.69
106.3674	7.66	5.1102157999999995e-11	1.90736e-06	1.52589e-05	1.52589e-05	43.152
107.9292	7.664	5.1128843199999993e-11	2.86103e-05	2.3842e-05	3.33788e-05	37.566
109.4946	7.668	5.11555284e-11	-1.04905e-05	-9.5368e-06	1.43052e-05	-159.144
111.0619	7.672	5.1182213599999996e-11	-9.5368e-06	2.47956e-05	2.47956e-05	123.234
112.6146	7.676	5.12088988e-11	1.62126e-05	8.58313e-06	1.90736e-05	29.052
114.4371	7.68	5.123558399999999e-11	-2.19346e-05	-1.62126e-05	2.86103e-05	-141.912
116.0036	7.684	5.12622692e-11	5.53133e-05	-4.7684e-06	5.72207e-05	-6.63
117.8447	7.688	5.1288954399999996e-11	1.04905e-05	-7.62945e-06	5.72208e-06	-30.966
119.4107	7.692	5.13156396e-11	8.58313e-06	-7.62945e-06	8.58313e-06	-151.926
121.0071	7.696	5.13423248e-11	-5.14986e-05	-6.67575e-06	4.86376e-05	-172.674
122.5572	7.7	5.1369009999999997e-11	-5.72208e-06	-6.67575e-06	4.7684e-06	-54.462
124.1324	7.704	5.1395695199999995e-11	2.6703e-05	2.6703e-05	2.86103e-05	54.636
125.7131	7.708	5.14223804e-11	0.0	-3.14715e-05	3.24252e-05	-79.992
127.2785	7.712	5.14490656e-11	1.90736e-06	3.05178e-05	3.14715e-05	75.678
128.8655	7.716	5.1475750799999996e-11	5.72208e-06	6.67575e-06	5.72208e-06	108.432
130.6869	7.72	5.1502435999999994e-11	-2.19346e-05	-2.0981e-05	2.9564e-05	-136.848
132.2502	7.724	5.15291212e-11	-4.19619e-05	1.71663e-05	4.67303e-05	159.816
134.0793	7.728	5.15558064e-11	1.62126e-05	-7.62945e-06	2.00273e-05	-20.772
135.6361	7.732	5.15824916e-11	-2.6703e-05	2.6703e-05	3.43325e-05	119.052
137.2072	7.736	5.1609176799999993e-11	-1.43052e-05	-2.0981e-05	2.3842e-05	-113.202
138.7942	7.74	5.1635862e-11	-1.14442e-05	-3.81473e-06	1.04905e-05	-171.87
140.3586	7.744	5.1662547199999996e-11	-2.3842e-05	-9.53682e-07	1.81199e-05	173.16
141.9252	7.748	5.16892324e-11	1.71663e-05	1.71663e-05	2.19346e-05	42.396
143.4913	7.752	5.17159176e-11	3.52862e-05	-7.72481e-05	8.58312e-05	-66.57
145.0652	7.756	5.17426028e-11	-1.52589e-05	3.33788e-05	3.62399e-05	112.782
146.6578	7.76	5.1769287999999995e-11	1.33515e-05	-1.52589e-05	1.90736e-05	-48.012
148.2234	7.764	5.17959732e-11	0.0	-9.53682e-07	2.86104e-06	-20.556
150.0327	7.768	5.18226584e-11	3.71935e-05	-1.62126e-05	3.91009e-05	-24.846
151.5827	7.772	5.1849343599999997e-11	5.72208e-06	-4.67303e-05	4.38693e-05	-79.044
153.1726	7.776	5.1876028799999995e-11	-7.62945e-06	-2.9564e-05	3.05178e-05	-91.122
154.7191	7.78	5.1902714e-11	0.0	1.33515e-05	1.52589e-05	73.074
156.2676	7.784	5.19293992e-11	-4.7684e-06	-1.62126e-05	1.62126e-05	-117.552
157.8333	7.788	5.19560844e-11	-8.58313e-06	-9.53682e-07	3.81473e-06	-168.69
159.6558	7.792	5.1982769599999994e-11	-1.33515e-05	2.19346e-05	2.57493e-05	131.88
161.2153	7.796	5.20094548e-11	1.04905e-05	-4.29156e-05	4.19619e-05	-78.342
163.0397	7.8	5.203614e-11	1.90736e-06	1.81199e-05	2.00273e-05	77.274
164.5811	7.804	5.20628252e-11	1.23978e-05	-6.67575e-06	1.52589e-05	-41.82
166.4248	7.808	5.208951039999999e-11	-4.7684e-06	-2.86104e-06	6.67575e-06	145.302
167.9752	7.812	5.21161956e-11	4.29156e-05	1.62126e-05	4.19619e-05	23.682
169.5395	7.816	5.2142880799999996e-11	0.0	1.90736e-05	2.00273e-05	93.576
171.3796	7.82	5.2169566e-11	-9.5368e-06	1.71663e-05	2.19346e-05	118.74
172.9513	7.824	5.21962512e-11	2.57493e-05	-2.0981e-05	3.62399e-05	-42.336
174.7525	7.828	5.22229364e-11	7.62945e-06	5.72208e-06	8.58313e-06	77.904
176.3277	7.832	5.2249621599999995e-11	1.71663e-05	-2.47956e-05	3.14715e-05	-61.86
177.9084	7.836	5.22763068e-11	-5.72208e-06	-2.86104e-06	6.67575e-06	-175.236
179.4706	7.84	5.2302992e-11	1.23978e-05	-1.43052e-05	2.28883e-05	-41.88
181.0411	7.844	5.2329677199999996e-11	-9.5368e-06	-1.23978e-05	2.00273e-05	-138.504
182.6283	7.848	5.2356362399999995e-11	-3.81473e-06	1.04905e-05	1.90736e-05	52.818
184.1753	7.852	5.23830476e-11	1.90736e-06	1.71663e-05	1.90736e-05	80.838
185.7703	7.856	5.24097328e-11	3.33788e-05	-4.7684e-06	2.6703e-05	1.548
187.5811	7.86	5.2436418e-11	5.72208e-06	1.23978e-05	1.23978e-05	57.264
189.1276	7.864	5.2463103199999994e-11	2.19346e-05	-1.33515e-05	2.86103e-05	-28.302
190.9741	7.868	5.24897884e-11	-5.72208e-06	-3.71935e-05	4.10082e-05	-94.266
192.5214	7.872	5.2516473599999997e-11	1.23978e-05	1.33515e-05	1.90736e-05	47.604
194.1073	7.876	5.25431588e-11	-1.43052e-05	-2.9564e-05	2.9564e-05	-83.658
195.6532	7.88	5.2569844e-11	-1.81199e-05	-9.53682e-07	1.62126e-05	177.612
197.2403	7.884	5.25965292e-11	5.72208e-06	3.62399e-05	3.81472e-05	77.574
198.7921	7.888	5.2623214399999996e-11	2.28883e-05	0.0	1.90736e-05	-2.292
200.3392	7.892	5.26498996e-11	2.76567e-05	-9.5368e-06	2.86103e-05	-18.432
201.9073	7.896	5.26765848e-11	6.67575e-06	1.23978e-05	1.52589e-05	50.526
203.7277	7.9	5.270327e-11	-4.57766e-05	3.52862e-05	5.9128e-05	139.608
205.2996	7.904	5.2729955199999995e-11	-9.5368e-06	-2.0981e-05	2.19346e-05	-109.536
207.1053	7.908	5.27566404e-11	2.28883e-05	2.57493e-05	3.52862e-05	50.334
208.7063	7.912	5.27833256e-11	-1.81199e-05	3.81473e-06	9.5368e-06	131.634
210.2723	7.916	5.28100108e-11	-4.00546e-05	-2.47956e-05	5.24523e-05	-148.8
211.8408	7.92	5.2836695999999994e-11	3.05178e-05	-9.5368e-06	3.05178e-05	-22.038
213.3872	7.924	5.28633812e-11	2.0981e-05	1.90736e-06	2.3842e-05	7.494
214.9553	7.928	5.28900664e-11	-1.81199e-05	9.53682e-07	1.52589e-05	-160.02
216.5279	7.932	5.29167516e-11	-1.71663e-05	2.86103e-05	3.43325e-05	112.38
218.0924	7.936	5.2943436799999994e-11	-6.67575e-06	-2.86104e-06	8.58313e-06	-103.242
219.6874	7.94	5.2970122e-11	2.00273e-05	3.05178e-05	3.24252e-05	64.656
221.2723	7.944	5.2996807199999997e-11	9.5368e-06	-4.7684e-06	8.58313e-06	-93.012
222.855	7.948	5.30234924e-11	-6.67575e-06	1.04905e-05	1.71663e-05	133.668
224.4249	7.952	5.30501776e-11	-2.9564e-05	-1.62126e-05	3.33788e-05	-145.098
225.9891	7.956	5.30768628e-11	3.05178e-05	-1.81199e-05	3.24252e-05	-28.14
227.5567	7.96	5.3103547999999996e-11	3.24252e-05	-7.62945e-06	2.86103e-05	-9.69
229.1269	7.964	5.31302332e-11	2.00273e-05	-5.72208e-06	2.19346e-05	-10.62
230.6791	7.968	5.31569184e-11	1.33515e-05	1.90736e-05	2.47956e-05	42.954
232.2416	7.972	5.31836036e-11	1.14442e-05	-2.00273e-05	2.19346e-05	-61.116
233.8314	7.976	5.3210288799999995e-11	-5.9128e-05	-8.58313e-06	5.53133e-05	-169.38
235.3732	7.98	5.3236974e-11	6.67575e-06	1.33515e-05	1.90736e-05	63.438
236.9445	7.984	5.32636592e-11	2.86103e-05	-4.7684e-06	3.05178e-05	-6.072
238.5106	7.988	5.32903444e-11	2.28883e-05	-1.23978e-05	2.76567e-05	-22.518
240.1002	7.992	5.3317029599999994e-11	1.90736e-06	1.90736e-06	5.72208e-06	167.004
241.6831	7.996	5.33437148e-11	2.6703e-05	-2.86104e-06	2.00273e-05	-2.202
243.5062	8.0	5.33704e-11	1.90736e-06	-1.14442e-05	1.04905e-05	-79.992
245.0497	8.004	5.3397085199999995e-11	5.72208e-06	6.67575e-06	9.5368e-06	79.992
246.6377	8.008	5.3423770399999994e-11	2.9564e-05	-2.86104e-06	3.05178e-05	-1.218
248.2038	8.012	5.34504556e-11	-1.90736e-06	-8.58313e-06	6.67575e-06	-149.034
249.7682	8.016	5.3477140799999996e-11	5.72208e-06	-2.28883e-05	2.3842e-05	-67.38
251.3363	8.02	5.3503825999999995e-11	9.5368e-06	2.86104e-06	5.72208e-06	-11.31
252.922	8.024	5.353051119999999e-11	-4.48229e-05	2.86104e-06	3.62399e-05	172.182
254.474	8.028	5.35571964e-11	1.04905e-05	9.5368e-06	1.81199e-05	46.272
256.2741	8.032	5.3583881599999996e-11	-1.71663e-05	1.23978e-05	1.52589e-05	108.432
257.8286	8.036	5.3610566799999994e-11	4.29156e-05	-3.81473e-06	4.10082e-05	-5.616
259.3848	8.04	5.363725199999999e-11	-6.67575e-06	1.23978e-05	1.52589e-05	74.934
260.9668	8.044	5.3663937200000003e-11	-1.81199e-05	-2.00273e-05	2.57493e-05	-136.08
262.7885	8.048	5.3690622399999995e-11	-2.57493e-05	-6.67575e-06	2.86103e-05	-174.918
264.3671	8.052	5.371730759999999e-11	-4.48229e-05	6.67575e-06	4.29156e-05	171.996
265.9355	8.056	5.374399279999999e-11	6.67575e-06	-2.3842e-05	2.28883e-05	-88.362
267.5025	8.06	5.3770678e-11	-5.72208e-06	5.72208e-06	9.5368e-06	130.236
269.0896	8.064	5.37973632e-11	-4.7684e-06	2.86104e-06	1.04905e-05	156.372
270.9266	8.068	5.382404839999999e-11	1.90736e-06	-2.19346e-05	2.3842e-05	-100.176
272.4767	8.072	5.385073359999999e-11	3.05178e-05	4.7684e-06	3.24252e-05	13.764
274.0732	8.076	5.38774188e-11	-1.81199e-05	-3.62399e-05	3.71935e-05	-118.44
275.9144	8.08	5.3904104e-11	9.5368e-06	-5.72208e-06	1.04905e-05	-94.236
277.4667	8.084	5.393078919999999e-11	-3.52862e-05	2.00273e-05	3.91009e-05	154.746
279.0527	8.088	5.395747439999999e-11	-1.71663e-05	-3.62399e-05	4.10082e-05	-125.436
280.6028	8.092	5.39841596e-11	2.76567e-05	0.0	2.3842e-05	1.788
282.1662	8.096	5.40108448e-11	-7.62945e-06	-3.81472e-05	3.91009e-05	-92.862
283.977	8.1	5.403753e-11	-4.00546e-05	-2.3842e-05	5.43597e-05	-154.59
285.5584	8.104	5.406421519999999e-11	-2.76567e-05	-4.19619e-05	4.86376e-05	-127.662
287.1363	8.108	5.40909004e-11	5.72208e-06	-9.53682e-07	1.90736e-06	-45.0
288.707	8.112	5.41175856e-11	-1.33515e-05	1.14442e-05	1.81199e-05	148.674
290.2952	8.116	5.4144270799999997e-11	3.81473e-06	1.14442e-05	8.58313e-06	105.252
291.876	8.12	5.4170955999999995e-11	5.72208e-06	-2.00273e-05	2.19346e-05	-45.0
293.4226	8.124	5.41976412e-11	-2.28883e-05	2.86103e-05	3.52862e-05	128.832
295.2281	8.128	5.42243264e-11	-1.14442e-05	0.0	1.14442e-05	171.03
296.7955	8.132	5.4251011599999996e-11	-2.9564e-05	8.58313e-06	3.52862e-05	165.204
298.3807	8.136	5.4277696799999994e-11	-2.86104e-06	-1.52589e-05	1.71663e-05	-108.432
299.9521	8.14	5.4304382e-11	1.14442e-05	-6.67575e-06	1.43052e-05	-24.228
301.5609	8.144	5.43310672e-11	6.67575e-06	-2.9564e-05	2.86103e-05	-50.904
303.1607	8.148	5.4357752399999995e-11	-6.67575e-06	-3.14715e-05	3.33788e-05	-122.802
304.7102	8.152	5.4384437599999993e-11	-4.19619e-05	8.58313e-06	3.91009e-05	174.984
306.3019	8.156	5.44111228e-11	-5.3406e-05	-2.47956e-05	6.2943e-05	-161.376
308.1224	8.16	5.4437807999999996e-11	-1.14442e-05	-2.47956e-05	2.3842e-05	-100.308
309.7152	8.164	5.4464493199999994e-11	-9.5368e-06	-2.86104e-06	1.04905e-05	-173.988
311.2762	8.168	5.449117839999999e-11	7.62945e-06	-2.76567e-05	2.6703e-05	-50.196
312.8408	8.172	5.4517863600000004e-11	0.0	-1.81199e-05	1.71663e-05	-80.91
314.426	8.176	5.4544548799999996e-11	1.04905e-05	3.81473e-06	8.58313e-06	6.342
316.2283	8.18	5.4571233999999994e-11	-2.47956e-05	-1.62126e-05	2.76567e-05	-136.908
317.7812	8.184	5.459791919999999e-11	-5.24523e-05	2.86104e-06	5.43597e-05	174.558
319.3285	8.188	5.46246044e-11	-4.7684e-06	-3.33788e-05	3.24252e-05	-96.708
320.9142	8.192	5.46512896e-11	-3.81473e-06	-2.9564e-05	2.9564e-05	-105.252
322.5007	8.196	5.467797479999999e-11	-2.86103e-05	-3.33788e-05	4.29156e-05	-139.398
324.0827	8.2	5.470465999999999e-11	9.53682e-07	-3.43325e-05	3.24252e-05	-83.796
325.6281	8.204	5.47313452e-11	-2.9564e-05	-6.67575e-06	2.86103e-05	-164.982
327.47	8.208	5.47580304e-11	-4.29156e-05	-2.6703e-05	4.86376e-05	-151.326
329.0345	8.212	5.478471559999999e-11	-9.5368e-06	-1.62126e-05	1.71663e-05	-112.62
330.6224	8.216	5.481140079999999e-11	-8.58313e-06	-4.00546e-05	4.19619e-05	-92.562
332.1687	8.22	5.4838086e-11	-1.23978e-05	-3.05178e-05	2.86103e-05	-99.462
333.7396	8.224	5.48647712e-11	2.86104e-06	-1.14442e-05	1.04905e-05	-106.392
335.2862	8.228	5.48914564e-11	-4.38693e-05	-3.71935e-05	5.0545e-05	-141.84
336.8521	8.232	5.491814159999999e-11	-1.33515e-05	-3.33788e-05	3.52862e-05	-116.076
338.4237	8.236	5.49448268e-11	-6.67575e-06	9.53682e-07	8.58313e-06	175.602
340.2633	8.24	5.4971512e-11	8.58313e-06	-3.14715e-05	3.14715e-05	-70.428
341.8162	8.244	5.49981972e-11	-3.52862e-05	-4.10082e-05	5.53133e-05	-134.028
343.4	8.248	5.5024882399999995e-11	-4.00546e-05	-1.33515e-05	3.62399e-05	-147.774
344.9467	8.252	5.50515676e-11	-4.67303e-05	-7.62944e-05	8.96459e-05	-123.33
346.5508	8.256	5.50782528e-11	-2.3842e-05	9.5368e-06	2.19346e-05	167.274
348.401	8.26	5.5104937999999996e-11	-1.62126e-05	1.33515e-05	1.90736e-05	136.332
349.9733	8.264	5.5131623199999995e-11	-3.62399e-05	-3.81472e-05	5.53133e-05	-142.722
351.553	8.268	5.51583084e-11	-9.53682e-07	-7.62945e-06	1.23978e-05	-71.568
353.1082	8.272	5.51849936e-11	9.53682e-07	-2.57493e-05	2.3842e-05	-72.072
354.703	8.276	5.5211678799999996e-11	-2.3842e-05	2.86104e-06	2.19346e-05	160.464
356.2867	8.28	5.5238363999999994e-11	-2.57493e-05	-4.10082e-05	4.67303e-05	-120.258
357.8688	8.284	5.52650492e-11	-2.9564e-05	-3.52862e-05	4.67303e-05	-130.428
359.7104	8.288	5.52917344e-11	1.04905e-05	-1.04905e-05	1.62126e-05	-41.82
361.2705	8.292	5.5318419599999995e-11	2.86104e-06	-3.14715e-05	3.05178e-05	-77.472
362.8262	8.296	5.534510479999999e-11	2.9564e-05	8.58313e-06	3.24252e-05	14.322
364.3915	8.3	5.5371790000000004e-11	1.04905e-05	-2.9564e-05	3.24252e-05	-59.982
365.943	8.304	5.5398475199999996e-11	8.58313e-06	-1.81199e-05	1.62126e-05	-106.26
367.7641	8.308	5.5425160399999994e-11	-1.04905e-05	-3.33788e-05	3.43325e-05	-116.562
369.3176	8.312	5.545184559999999e-11	2.0981e-05	-3.71935e-05	3.91009e-05	-65.724
370.8972	8.316	5.5478530800000004e-11	9.5368e-06	-2.00273e-05	1.90736e-05	-81.57
372.468	8.32	5.5505216e-11	-2.28883e-05	-4.67303e-05	5.14986e-05	-115.59
374.0162	8.324	5.5531901199999994e-11	1.52589e-05	-2.76567e-05	2.76567e-05	-64.092
375.826	8.328	5.555858639999999e-11	2.47956e-05	-4.7684e-06	2.3842e-05	-7.698
377.3823	8.332	5.55852716e-11	2.19346e-05	-9.53682e-07	2.19346e-05	5.196
378.9429	8.336	5.56119568e-11	3.05178e-05	-2.76567e-05	4.00546e-05	-42.978
380.7825	8.34	5.5638642e-11	2.76567e-05	0.0	1.81199e-05	2.388
382.3506	8.344	5.566532719999999e-11	5.72207e-05	2.3842e-05	6.5804e-05	19.134
383.9355	8.348	5.56920124e-11	0.000103951	2.86104e-06	0.000100136	3.456
385.5007	8.352	5.57186976e-11	8.39238e-05	3.52862e-05	9.15532e-05	21.726
387.0834	8.356	5.57453828e-11	9.72752e-05	3.52862e-05	0.000107766	25.02
388.904	8.36	5.577206799999999e-11	8.58312e-05	4.38693e-05	9.91826e-05	28.698
390.4788	8.364	5.57987532e-11	0.000177384	6.10356e-05	0.000183106	19.164
392.025	8.368	5.58254384e-11	0.000192643	7.05724e-05	0.000201226	20.844
393.6121	8.372	5.58521236e-11	0.000188828	4.57766e-05	0.000193597	13.752
395.1762	8.376	5.5878808799999996e-11	0.000216485	9.44142e-05	0.000243188	24.102
396.7462	8.38	5.5905494e-11	0.000234605	0.000120163	0.000263216	26.952
398.3057	8.384	5.59321792e-11	0.000288012	0.000107766	0.000304224	21.612
400.1514	8.388	5.59588644e-11	0.000232697	0.000150681	0.000280382	32.604
401.7278	8.392	5.5985549599999995e-11	0.000247957	0.000120163	0.000277521	26.382
403.3191	8.396	5.60122348e-11	0.00020218	0.000145913	0.000251772	36.15
404.8812	8.4	5.603892e-11	0.000260355	0.00012684	0.000288965	26.208
406.4849	8.404	5.6065605199999996e-11	0.000183106	0.000159265	0.000242234	40.962
408.3198	8.408	5.6092290399999994e-11	0.000170709	0.000146867	0.00023079	38.658
409.9014	8.412	5.6118975600000006e-11	0.000146867	0.00013733	0.000199319	46.218
411.4747	8.416	5.61456608e-11	7.82018e-05	0.00016594	0.000182153	63.528
413.2925	8.42	5.6172345999999996e-11	5.81744e-05	0.000160218	0.000172616	68.364
414.861	8.424	5.6199031199999994e-11	1.62126e-05	0.000128747	0.000129701	84.966
416.4419	8.428	5.6225716400000005e-11	2.19346e-05	0.000117302	0.000121117	85.056
418.0256	8.432	5.6252401599999997e-11	-2.47956e-05	0.00011158	0.000114441	102.564
419.5916	8.436	5.6279086799999995e-11	-2.19346e-05	5.81744e-05	6.10356e-05	109.824
421.161	8.44	5.630577199999999e-11	-3.91009e-05	2.9564e-05	4.57766e-05	138.504
422.73	8.444	5.6332457200000004e-11	-4.86376e-05	1.04905e-05	5.3406e-05	172.536
424.2785	8.448	5.63591424e-11	-3.33788e-05	-2.76567e-05	4.38693e-05	-139.764
425.8419	8.452	5.6385827599999994e-11	-5.9128e-05	-3.71935e-05	6.77113e-05	-146.928
427.4102	8.456	5.641251279999999e-11	-4.48229e-05	-4.7684e-06	4.00546e-05	180.0
428.9987	8.46	5.6439198000000003e-11	-1.81199e-05	-3.81473e-06	2.6703e-05	-155.136
430.5686	8.464	5.64658832e-11	-3.62399e-05	-2.47956e-05	4.29156e-05	-139.866
432.3898	8.468	5.64925684e-11	-4.7684e-06	-2.00273e-05	2.00273e-05	-107.88
433.9573	8.472	5.651925359999999e-11	-9.5368e-06	-4.7684e-06	1.04905e-05	-139.764
435.5258	8.476	5.65459388e-11	-2.9564e-05	-2.3842e-05	4.38693e-05	-141.342
437.0677	8.48	5.6572624e-11	-9.5368e-06	-4.67303e-05	4.86376e-05	-107.214
438.6416	8.484	5.65993092e-11	1.04905e-05	-6.38966e-05	6.38966e-05	-82.368
440.4507	8.488	5.66259944e-11	9.53682e-07	-6.48503e-05	6.67577e-05	-99.912
442.0107	8.492	5.66526796e-11	-1.90736e-06	-5.3406e-05	5.43597e-05	-94.086
443.5816	8.496	5.66793648e-11	-2.3842e-05	-5.72207e-05	6.2943e-05	-110.082
445.4084	8.5	5.670605e-11	-8.58313e-06	-5.81744e-05	5.72207e-05	-99.78
446.9687	8.504	5.6732735199999996e-11	-1.04905e-05	-3.33788e-05	3.05178e-05	-110.412
448.5405	8.508	5.675942039999999e-11	-1.90736e-06	-6.67577e-05	6.5804e-05	-96.342
450.1012	8.512	5.67861056e-11	-2.57493e-05	-3.81472e-05	4.57766e-05	-122.988
451.6885	8.516	5.68127908e-11	-9.5368e-06	-1.33515e-05	1.04905e-05	-83.658
453.4942	8.52	5.6839475999999996e-11	-1.14442e-05	-3.71935e-05	3.81472e-05	-102.846
455.0501	8.524	5.6866161199999994e-11	-5.72208e-06	-3.14715e-05	3.14715e-05	-99.66
456.616	8.528	5.68928464e-11	-2.6703e-05	-3.81473e-06	2.57493e-05	-169.284
458.179	8.532	5.69195316e-11	-7.62945e-06	-1.62126e-05	1.90736e-05	-130.032
459.7585	8.536	5.6946216799999995e-11	1.90736e-05	2.19346e-05	3.24252e-05	44.196
461.3314	8.54	5.697290199999999e-11	2.86103e-05	-4.19619e-05	5.53133e-05	-48.816
462.9027	8.544	5.69995872e-11	5.72208e-06	-1.81199e-05	1.71663e-05	-85.764
464.7073	8.548	5.7026272399999996e-11	2.9564e-05	2.76567e-05	3.91009e-05	47.79
466.2568	8.552	5.7052957599999994e-11	-1.43052e-05	3.33788e-05	3.71935e-05	112.17
467.8043	8.556	5.707964279999999e-11	1.90736e-06	-1.81199e-05	1.90736e-05	-100.956
469.3761	8.56	5.7106328000000004e-11	-1.62126e-05	3.24252e-05	3.43325e-05	125.274
470.9409	8.564	5.7133013199999995e-11	-2.00273e-05	1.90736e-06	1.71663e-05	169.506
472.7527	8.568	5.7159698399999994e-11	-9.53682e-07	1.23978e-05	1.43052e-05	111.372
474.3186	8.572	5.718638359999999e-11	-2.86104e-06	-3.81472e-05	3.71935e-05	-97.122
475.8622	8.576	5.72130688e-11	-6.67575e-06	1.52589e-05	1.62126e-05	66.252
477.6862	8.58	5.7239753999999995e-11	-3.81472e-05	-3.62399e-05	5.72207e-05	-147.582
479.2865	8.584	5.726643919999999e-11	-3.81472e-05	-6.19893e-05	7.1526e-05	-116.094
480.8888	8.588	5.729312439999999e-11	1.52589e-05	-5.72208e-06	1.14442e-05	-29.748
482.4728	8.592	5.73198096e-11	-1.23978e-05	-1.90736e-05	2.00273e-05	-100.956
484.0388	8.596	5.73464948e-11	-3.81473e-06	9.53682e-07	1.90736e-06	180.0
485.6075	8.6	5.737317999999999e-11	1.52589e-05	-1.43052e-05	1.71663e-05	-54.462
487.1751	8.604	5.739986519999999e-11	-7.62945e-06	-6.67575e-06	8.58313e-06	-127.878
488.7693	8.608	5.74265504e-11	-2.86104e-06	4.7684e-06	1.04905e-05	148.572
490.3203	8.612	5.74532356e-11	3.81473e-06	1.23978e-05	1.23978e-05	64.98
491.9254	8.616	5.74799208e-11	-3.24252e-05	-6.67575e-06	2.9564e-05	-169.218
493.4867	8.62	5.750660599999999e-11	-3.14715e-05	-4.7684e-06	3.05178e-05	-171.162
495.0594	8.624	5.75332912e-11	-4.7684e-06	1.52589e-05	1.43052e-05	120.966
496.6065	8.628	5.75599764e-11	-2.28883e-05	-7.62945e-06	2.3842e-05	-178.41
498.4123	8.632	5.75866616e-11	-5.24523e-05	0.0	4.86376e-05	174.45
500.001	8.636	5.761334679999999e-11	-2.47956e-05	-2.3842e-05	3.24252e-05	-130.974
501.5831	8.64	5.7640032e-11	1.04905e-05	-4.7684e-06	1.52589e-05	-19.176
503.1296	8.644	5.76667172e-11	-4.7684e-06	-1.43052e-05	1.71663e-05	-93.468
504.9516	8.648	5.7693402399999996e-11	-1.43052e-05	-3.81472e-05	3.91009e-05	-114.774
506.5025	8.652	5.7720087599999994e-11	-2.28883e-05	-3.43325e-05	3.91009e-05	-126.672
508.1009	8.656	5.77467728e-11	-1.62126e-05	-9.53682e-07	8.58313e-06	180.0
509.9291	8.66	5.7773458e-11	0.0	-2.86104e-06	2.86104e-06	-116.562
511.4831	8.664	5.7800143199999996e-11	-3.05178e-05	-2.28883e-05	3.71935e-05	-135.0
513.0438	8.668	5.7826828399999994e-11	-4.7684e-06	-2.28883e-05	2.3842e-05	-94.512
514.5931	8.672	5.78535136e-11	-8.58313e-06	-2.6703e-05	2.47956e-05	-93.012
516.1659	8.676	5.7880198799999997e-11	2.57493e-05	2.86104e-06	3.33788e-05	0.0
517.7611	8.68	5.7906883999999995e-11	1.90736e-06	-1.33515e-05	1.04905e-05	-74.748
519.331	8.684	5.793356919999999e-11	2.00273e-05	2.19346e-05	3.24252e-05	45.0
520.8957	8.688	5.7960254400000004e-11	1.90736e-06	-3.62399e-05	3.33788e-05	-83.16
522.4693	8.692	5.7986939599999996e-11	-2.86104e-06	-4.7684e-06	3.81473e-06	-158.196
524.0508	8.696	5.8013624799999994e-11	-5.72208e-06	-9.53682e-07	1.90736e-06	135.0
525.616	8.7	5.804030999999999e-11	2.3842e-05	-3.14715e-05	3.71935e-05	-47.934
527.187	8.704	5.8066995200000003e-11	7.62945e-06	-4.7684e-06	1.14442e-05	-26.562
528.9905	8.708	5.8093680399999995e-11	5.72208e-06	-9.5368e-06	1.23978e-05	-30.066
530.5742	8.712	5.8120365599999993e-11	-1.04905e-05	-3.81473e-06	8.58313e-06	-141.342
532.1581	8.716	5.814705079999999e-11	-7.62945e-06	1.90736e-06	5.72208e-06	156.798
533.7414	8.72	5.8173736e-11	-2.86104e-06	1.90736e-05	1.90736e-05	87.882
535.3083	8.724	5.82004212e-11	-6.8665e-05	-3.81473e-06	6.67577e-05	-178.284
537.1243	8.728	5.82271064e-11	-9.53682e-07	1.52589e-05	1.62126e-05	87.954
538.693	8.732	5.82537916e-11	-2.47956e-05	1.23978e-05	2.57493e-05	140.196
540.2816	8.736	5.82804768e-11	-1.04905e-05	-2.47956e-05	2.3842e-05	-110.136
542.1051	8.74	5.8307162e-11	-2.28883e-05	5.72208e-06	1.81199e-05	163.074
543.6686	8.744	5.833384719999999e-11	1.90736e-06	-3.33788e-05	3.14715e-05	-98.652
545.2238	8.748	5.836053239999999e-11	-4.19619e-05	-2.47956e-05	4.19619e-05	-136.974
546.7918	8.752	5.83872176e-11	-4.48229e-05	1.62126e-05	4.76839e-05	150.642
548.3555	8.756	5.84139028e-11	1.33515e-05	-1.71663e-05	2.3842e-05	-39.804
550.1725	8.76	5.8440588e-11	-1.90736e-05	-4.00546e-05	4.38693e-05	-116.94
551.743	8.764	5.84672732e-11	-6.67575e-06	0.0	7.62945e-06	160.344
553.3089	8.768	5.849395840000001e-11	5.72208e-06	-5.53133e-05	5.6267e-05	-83.292
554.8787	8.772	5.852064359999999e-11	6.67575e-06	1.62126e-05	1.71663e-05	66.252
556.4607	8.776	5.854732879999999e-11	1.52589e-05	-1.62126e-05	2.3842e-05	-41.634
558.0085	8.78	5.857401399999999e-11	6.67575e-06	1.23978e-05	1.62126e-05	75.468
559.5977	8.784	5.86006992e-11	2.86104e-06	-8.58313e-06	5.72208e-06	-75.966
561.1517	8.788	5.86273844e-11	4.7684e-06	-1.71663e-05	1.71663e-05	-67.38
562.9496	8.792	5.86540696e-11	7.62945e-06	8.58313e-06	8.58313e-06	52.122
564.5013	8.796	5.86807548e-11	-2.00273e-05	-6.67575e-06	2.0981e-05	-170.838
566.0723	8.8	5.870744e-11	-2.6703e-05	-2.86104e-06	2.57493e-05	-177.138
567.6369	8.804	5.87341252e-11	2.86103e-05	-3.24252e-05	3.91009e-05	-54.924
569.4756	8.808	5.87608104e-11	8.58313e-06	-4.7684e-06	1.23978e-05	-45.0
571.0819	8.812	5.878749559999999e-11	2.86104e-06	0.0	3.81473e-06	21.804
572.6486	8.816	5.88141808e-11	-1.71663e-05	-9.53682e-07	1.71663e-05	-177.954
574.1922	8.82	5.8840866e-11	-6.67575e-06	2.86104e-06	1.14442e-05	158.196
575.7901	8.824	5.88675512e-11	-6.67575e-06	3.05178e-05	2.86103e-05	77.004
577.6143	8.828	5.889423639999999e-11	3.52862e-05	-1.14442e-05	3.62399e-05	-24.18
579.1819	8.832	5.89209216e-11	2.76567e-05	3.81473e-06	2.6703e-05	1.434
580.7512	8.836	5.89476068e-11	1.33515e-05	2.86104e-06	8.58313e-06	0.0
582.3189	8.84	5.8974292e-11	3.81473e-06	3.81473e-06	3.81473e-06	101.31
583.8815	8.844	5.90009772e-11	5.43597e-05	5.72208e-06	5.43597e-05	4.188
585.473	8.848	5.90276624e-11	-6.67575e-06	3.52862e-05	3.71935e-05	109.98
587.051	8.852	5.90543476e-11	2.86103e-05	-4.95913e-05	5.43597e-05	-50.658
588.6313	8.856	5.908103279999999e-11	1.33515e-05	-1.14442e-05	1.90736e-05	-28.302
590.4557	8.86	5.910771799999999e-11	-1.14442e-05	2.00273e-05	1.90736e-05	109.092
592.0223	8.864	5.91344032e-11	2.19346e-05	-1.43052e-05	2.57493e-05	-46.788
593.6133	8.868	5.91610884e-11	-3.81473e-06	1.90736e-06	3.81473e-06	135.0
595.1768	8.872	5.91877736e-11	1.90736e-06	-3.62399e-05	3.71935e-05	-86.058
596.7606	8.876	5.92144588e-11	1.62126e-05	5.72208e-06	1.52589e-05	22.248
598.31	8.88	5.924114400000001e-11	3.81473e-06	5.72208e-06	7.62945e-06	45.0
599.8979	8.884	5.926782919999999e-11	1.90736e-06	8.58313e-06	1.04905e-05	34.506
601.7031	8.888	5.929451439999999e-11	-2.6703e-05	-2.28883e-05	3.62399e-05	-140.064
603.2686	8.892	5.932119959999999e-11	6.00817e-05	1.52589e-05	5.53133e-05	16.836
604.8148	8.896	5.93478848e-11	-2.47956e-05	9.5368e-06	2.57493e-05	157.38
606.4179	8.9	5.937457e-11	0.0	-9.53682e-07	1.04905e-05	12.804
607.969	8.904	5.94012552e-11	1.14442e-05	-3.14715e-05	3.71935e-05	-57.894
609.809	8.908	5.94279404e-11	-9.53682e-07	-1.04905e-05	8.58313e-06	-107.1
611.3773	8.912	5.945462560000001e-11	-3.62399e-05	-4.19619e-05	5.53133e-05	-127.692
612.9786	8.916	5.94813108e-11	-1.14442e-05	-2.28883e-05	2.57493e-05	-106.818
614.7949	8.92	5.950799599999999e-11	-8.58313e-06	-4.7684e-06	1.04905e-05	-136.734
616.3594	8.924	5.953468119999999e-11	-7.62945e-06	1.04905e-05	1.23978e-05	130.236
617.93	8.928	5.95613664e-11	-1.62126e-05	-9.53682e-07	1.23978e-05	176.82
619.4994	8.932	5.95880516e-11	3.81473e-06	1.23978e-05	1.04905e-05	55.302
621.0628	8.936	5.96147368e-11	-1.81199e-05	3.43325e-05	3.71935e-05	114.276
622.8723	8.94	5.9641422e-11	3.33788e-05	-2.00273e-05	3.33788e-05	-38.856
624.4399	8.944	5.96681072e-11	2.19346e-05	0.0	1.62126e-05	17.652
626.0093	8.948	5.96947924e-11	-1.62126e-05	1.23978e-05	2.19346e-05	146.31
627.5709	8.952	5.97214776e-11	2.6703e-05	-2.28883e-05	3.52862e-05	-38.334
629.1393	8.956	5.97481628e-11	5.72208e-06	0.0	1.90736e-06	90.0
630.7125	8.96	5.9774848e-11	-9.53682e-07	2.3842e-05	2.47956e-05	100.176
632.2562	8.964	5.98015332e-11	1.23978e-05	6.67575e-06	1.23978e-05	22.38
634.08	8.968	5.98282184e-11	-1.71663e-05	-3.14715e-05	3.71935e-05	-127.266
635.6308	8.972	5.985490359999999e-11	-5.72208e-06	2.19346e-05	2.19346e-05	99.162
637.2209	8.976	5.98815888e-11	3.24252e-05	2.00273e-05	3.71935e-05	36.672
638.7633	8.98	5.9908274e-11	2.19346e-05	1.23978e-05	2.28883e-05	37.878
640.3331	8.984	5.99349592e-11	-1.62126e-05	-1.43052e-05	1.81199e-05	-125.538
641.9031	8.988	5.99616444e-11	-3.81473e-06	3.81473e-06	3.81473e-06	12.996
643.4529	8.992	5.99883296e-11	1.33515e-05	-9.5368e-06	1.90736e-05	-23.43
645.0369	8.996	6.00150148e-11	2.6703e-05	1.90736e-05	3.24252e-05	28.704
646.8751	9.0	6.004169999999999e-11	-9.5368e-06	2.9564e-05	3.24252e-05	109.884
648.4229	9.004	6.006838519999999e-11	-2.0981e-05	2.3842e-05	3.05178e-05	122.274
649.9973	9.008	6.009507039999999e-11	2.0981e-05	5.43597e-05	5.9128e-05	69.966
651.5652	9.012	6.01217556e-11	-3.62399e-05	5.53133e-05	6.38966e-05	124.032
653.1248	9.016	6.01484408e-11	-1.90736e-05	-1.43052e-05	2.3842e-05	-139.236
654.9486	9.02	6.0175126e-11	-2.28883e-05	-9.5368e-06	2.57493e-05	-163.446
656.5384	9.024	6.02018112e-11	8.58313e-06	9.5368e-06	1.71663e-05	37.236
658.086	9.028	6.02284964e-11	1.23978e-05	-2.47956e-05	2.57493e-05	-62.022
659.6697	9.032	6.025518159999999e-11	3.91009e-05	1.90736e-06	4.10082e-05	-7.236
661.2235	9.036	6.028186679999999e-11	1.90736e-05	2.28883e-05	2.57493e-05	59.304
662.7892	9.04	6.030855199999999e-11	1.23978e-05	1.71663e-05	2.3842e-05	38.418
664.3546	9.044	6.03352372e-11	-3.81473e-06	-2.47956e-05	2.28883e-05	-66.57
665.9522	9.048	6.03619224e-11	3.43325e-05	1.90736e-06	3.33788e-05	10.41
667.4994	9.052	6.03886076e-11	1.33515e-05	-1.33515e-05	1.71663e-05	-25.56
669.0705	9.056	6.041529279999999e-11	1.52589e-05	1.33515e-05	2.47956e-05	25.944
670.6384	9.06	6.0441978e-11	0.0	-5.3406e-05	5.43597e-05	-85.122
672.2216	9.064	6.04686632e-11	1.90736e-06	5.72208e-06	5.72208e-06	41.184
673.7914	9.068	6.049534839999999e-11	-1.62126e-05	1.90736e-05	2.57493e-05	124.506
675.3729	9.072	6.052203359999999e-11	2.3842e-05	-1.14442e-05	2.57493e-05	-32.472
676.9224	9.076	6.05487188e-11	1.62126e-05	5.53133e-05	5.72207e-05	71.994
678.782	9.08	6.0575404e-11	-4.29156e-05	-9.53682e-07	3.52862e-05	174.402
680.3625	9.084	6.06020892e-11	2.00273e-05	-1.62126e-05	2.3842e-05	-40.428
681.9299	9.088	6.062877439999999e-11	5.72208e-06	2.00273e-05	2.00273e-05	88.152
683.5139	9.092	6.06554596e-11	2.3842e-05	3.81473e-06	2.6703e-05	-2.724
685.0588	9.096	6.06821448e-11	-2.0981e-05	2.3842e-05	3.05178e-05	129.642
686.881	9.1	6.070883e-11	1.33515e-05	-3.05178e-05	3.24252e-05	-71.202
688.4838	9.104	6.07355152e-11	-1.81199e-05	-1.04905e-05	1.90736e-05	-170.22
690.0554	9.108	6.07622004e-11	2.6703e-05	1.04905e-05	2.57493e-05	27.258
691.6375	9.112	6.07888856e-11	-1.04905e-05	-1.62126e-05	2.19346e-05	-138.366
693.2015	9.116	6.081557079999999e-11	-2.86104e-06	-4.7684e-06	6.67575e-06	-135.0
694.7721	9.12	6.084225599999999e-11	1.90736e-05	2.19346e-05	2.57493e-05	50.826
696.3351	9.124	6.08689412e-11	-9.53682e-07	0.0	3.81473e-06	119.052
698.1858	9.128	6.08956264e-11	-1.14442e-05	-3.81473e-06	8.58313e-06	-135.0
699.7569	9.132	6.09223116e-11	4.00546e-05	2.19346e-05	4.57766e-05	28.026
701.3421	9.136	6.09489968e-11	-5.72208e-06	-7.62945e-06	8.58313e-06	-79.992
702.9223	9.14	6.0975682e-11	3.81472e-05	2.86104e-06	3.91009e-05	14.268
704.4927	9.144	6.100236719999999e-11	6.67575e-06	2.47956e-05	2.47956e-05	85.488
706.3111	9.148	6.102905239999999e-11	-1.14442e-05	-1.81199e-05	2.86103e-05	-127.092
707.8925	9.152	6.105573759999999e-11	3.62399e-05	-1.04905e-05	4.10082e-05	-16.782
709.4797	9.156	6.10824228e-11	2.86104e-06	-2.86104e-06	5.72208e-06	-66.036
711.0515	9.16	6.1109108e-11	-2.0981e-05	-9.53682e-07	2.28883e-05	-164.052
712.6318	9.164	6.11357932e-11	3.52862e-05	-1.52589e-05	4.86376e-05	-10.122
714.1987	9.168	6.11624784e-11	1.90736e-06	5.72208e-06	4.7684e-06	80.538
715.765	9.172	6.11891636e-11	-2.86104e-06	-2.3842e-05	2.28883e-05	-90.0
717.3523	9.176	6.12158488e-11	3.33788e-05	-9.53682e-07	2.3842e-05	-1.974
719.1695	9.18	6.124253399999999e-11	-9.5368e-06	2.47956e-05	2.57493e-05	106.554
720.7226	9.184	6.126921919999999e-11	-9.53682e-07	1.04905e-05	1.23978e-05	100.782
722.2926	9.188	6.12959044e-11	-5.24523e-05	-2.47956e-05	6.00817e-05	-153.996
723.8768	9.192	6.13225896e-11	3.81473e-06	-1.33515e-05	1.71663e-05	-90.0
725.428	9.196	6.13492748e-11	-1.43052e-05	-6.67575e-06	1.90736e-05	-160.344
726.9893	9.2	6.137595999999999e-11	-1.71663e-05	-6.67575e-06	1.71663e-05	-141.006
728.5758	9.204	6.14026452e-11	5.72208e-06	-2.57493e-05	2.6703e-05	-72.9
730.4008	9.208	6.14293304e-11	1.62126e-05	2.57493e-05	3.14715e-05	46.734
731.9429	9.212	6.14560156e-11	-2.00273e-05	1.71663e-05	2.6703e-05	143.676
733.5314	9.216	6.148270079999999e-11	-2.19346e-05	-2.6703e-05	3.52862e-05	-127.506
735.0996	9.22	6.1509386e-11	-3.91009e-05	6.67575e-06	3.33788e-05	159.72
736.6534	9.224	6.15360712e-11	3.52862e-05	-3.43325e-05	4.86376e-05	-43.896
738.4845	9.228	6.15627564e-11	-9.5368e-06	1.62126e-05	1.81199e-05	123.114
740.0588	9.232	6.158944159999999e-11	1.90736e-06	-9.5368e-06	1.52589e-05	-139.638
741.6231	9.236	6.16161268e-11	-2.86104e-06	-4.00546e-05	4.19619e-05	-90.0
743.1871	9.24	6.1642812e-11	-2.86104e-06	-3.81473e-06	1.90736e-06	-39.804
744.7574	9.244	6.16694972e-11	-3.81473e-06	2.3842e-05	2.3842e-05	88.362
746.3395	9.248	6.16961824e-11	0.0	3.05178e-05	3.14715e-05	103.764
747.9231	9.252	6.17228676e-11	2.86103e-05	-2.6703e-05	3.91009e-05	-48.9
749.4747	9.256	6.17495528e-11	-2.19346e-05	-9.5368e-06	2.3842e-05	-156.372
751.2806	9.26	6.177623799999999e-11	5.24523e-05	1.33515e-05	5.24523e-05	16.05
752.8298	9.264	6.180292319999999e-11	4.19619e-05	-4.67303e-05	6.38966e-05	-48.366
754.4154	9.268	6.18296084e-11	9.5368e-06	-2.47956e-05	2.47956e-05	-67.89
755.9617	9.272	6.18562936e-11	-1.04905e-05	1.52589e-05	2.00273e-05	122.736
757.535	9.276	6.18829788e-11	1.33515e-05	-3.71935e-05	3.91009e-05	-65.556
759.1208	9.28	6.1909664e-11	-2.9564e-05	-3.81472e-05	4.48229e-05	-118.476
760.6849	9.284	6.193634920000001e-11	1.14442e-05	1.71663e-05	2.00273e-05	60.948
762.2537	9.288	6.196303439999999e-11	1.90736e-06	3.81473e-06	3.81473e-06	-8.13
763.8376	9.292	6.198971959999999e-11	3.81473e-06	-3.81473e-06	3.81473e-06	0.0
765.4319	9.296	6.201640479999999e-11	1.62126e-05	-4.67303e-05	4.19619e-05	-79.878
767.0021	9.3	6.204309e-11	2.3842e-05	3.05178e-05	3.62399e-05	66.798
768.5678	9.304	6.20697752e-11	-6.67575e-06	-3.81472e-05	4.19619e-05	-101.976
770.3697	9.308	6.20964604e-11	-1.62126e-05	-1.43052e-05	2.28883e-05	-136.08
771.9421	9.312	6.21231456e-11	6.67575e-06	-1.23978e-05	9.5368e-06	-65.556
773.5107	9.316	6.21498308e-11	4.19619e-05	2.28883e-05	4.48229e-05	28.542
775.0946	9.32	6.2176516e-11	-2.19346e-05	-6.67575e-06	2.6703e-05	-157.692
776.6382	9.324	6.22032012e-11	1.33515e-05	-1.62126e-05	2.3842e-05	-25.278
778.4991	9.328	6.222988639999999e-11	-2.3842e-05	4.38693e-05	4.86376e-05	107.928
780.0786	9.332	6.22565716e-11	-2.76567e-05	-7.62945e-06	2.57493e-05	-160.146
781.6355	9.336	6.22832568e-11	0.0	-1.33515e-05	1.23978e-05	-46.974
783.4528	9.34	6.2309942e-11	2.86103e-05	2.57493e-05	3.91009e-05	51.042
785.0352	9.344	6.233662719999999e-11	5.72208e-06	1.90736e-06	8.58313e-06	39.288
786.6076	9.348	6.23633124e-11	1.90736e-05	1.04905e-05	2.3842e-05	34.992
788.1546	9.352	6.23899976e-11	3.81473e-06	0.0	0.0	116.562
789.7405	9.356	6.24166828e-11	7.62945e-06	-4.19619e-05	4.19619e-05	-69.648
791.5484	9.36	6.2443368e-11	8.58313e-06	-1.33515e-05	1.81199e-05	-47.724
793.1243	9.364	6.24700532e-11	3.81473e-06	-2.28883e-05	2.3842e-05	-75.966
794.6809	9.368	6.24967384e-11	-2.76567e-05	3.24252e-05	4.48229e-05	139.044
796.2462	9.372	6.252342359999999e-11	3.81473e-06	-1.62126e-05	1.62126e-05	-94.398
797.8157	9.376	6.255010879999999e-11	1.62126e-05	-1.62126e-05	2.00273e-05	-64.29
799.3615	9.38	6.2576794e-11	-1.33515e-05	-2.86103e-05	2.76567e-05	-113.202
800.9288	9.384	6.26034792e-11	4.29156e-05	2.0981e-05	5.14986e-05	17.526
802.7356	9.388	6.26301644e-11	-1.90736e-05	-1.33515e-05	2.19346e-05	-137.388
804.292	9.392	6.26568496e-11	2.9564e-05	2.28883e-05	3.71935e-05	37.074
805.861	9.396	6.268353480000001e-11	3.81473e-06	-2.76567e-05	3.05178e-05	-93.504
807.4267	9.4	6.271022e-11	2.86103e-05	-2.86104e-06	3.24252e-05	-11.094
808.9931	9.404	6.273690519999999e-11	1.04905e-05	1.14442e-05	1.71663e-05	60.018
810.5623	9.408	6.276359039999999e-11	1.52589e-05	1.90736e-05	2.57493e-05	47.046
812.1254	9.412	6.27902756e-11	1.33515e-05	-9.53682e-07	1.04905e-05	-36.252
813.6826	9.416	6.28169608e-11	3.81473e-06	1.81199e-05	1.90736e-05	66.798
815.4859	9.42	6.2843646e-11	1.43052e-05	-2.00273e-05	2.47956e-05	-49.236
817.0561	9.424	6.28703312e-11	2.47956e-05	-2.86104e-06	2.57493e-05	-1.434
818.6394	9.428	6.289701640000001e-11	9.5368e-06	3.14715e-05	3.24252e-05	75.066
820.2151	9.432	6.29237016e-11	7.62945e-06	-1.04905e-05	1.14442e-05	-72.474
821.799	9.436	6.295038679999999e-11	3.81473e-06	-9.5368e-06	1.52589e-05	-33.114
823.3547	9.44	6.297707199999999e-11	0.0	1.90736e-06	3.81473e-06	23.202
824.9007	9.444	6.30037572e-11	8.58313e-06	-3.33788e-05	3.24252e-05	-76.83
826.4884	9.448	6.30304424e-11	6.19893e-05	6.67575e-06	6.38966e-05	11.31
828.0587	9.452	6.30571276e-11	1.81199e-05	5.72208e-06	1.90736e-05	-7.854
829.6239	9.456	6.30838128e-11	3.05178e-05	5.72208e-06	3.05178e-05	14.034
831.2063	9.46	6.3110498e-11	-9.53682e-07	4.48229e-05	4.67303e-05	97.698
832.7517	9.464	6.31371832e-11	2.19346e-05	3.52862e-05	4.10082e-05	51.042
834.6085	9.468	6.31638684e-11	1.52589e-05	3.81473e-06	1.71663e-05	19.092
836.1572	9.472	6.31905536e-11	-2.28883e-05	-2.86104e-06	2.19346e-05	171.384
837.7417	9.476	6.32172388e-11	1.90736e-06	1.90736e-05	2.3842e-05	92.934
839.3251	9.48	6.3243924e-11	3.62399e-05	-1.81199e-05	4.10082e-05	-26.148
840.88	9.484	6.32706092e-11	-6.67575e-06	-5.72208e-06	1.04905e-05	-156.372
842.4486	9.488	6.329729439999999e-11	2.86103e-05	1.33515e-05	3.05178e-05	28.218
844.0109	9.492	6.33239796e-11	1.71663e-05	-1.14442e-05	2.3842e-05	-34.116
845.5919	9.496	6.33506648e-11	2.57493e-05	8.58313e-06	3.24252e-05	14.856
847.1475	9.5	6.337735e-11	-2.28883e-05	1.33515e-05	2.9564e-05	148.626
848.7347	9.504	6.34040352e-11	4.7684e-06	5.9128e-05	5.81744e-05	88.026
850.2978	9.508	6.34307204e-11	2.3842e-05	3.33788e-05	4.19619e-05	58.278
851.8655	9.512	6.34574056e-11	1.81199e-05	1.33515e-05	2.19346e-05	46.218
853.4496	9.516	6.348409079999999e-11	4.7684e-06	3.71935e-05	3.33788e-05	77.736
855.2889	9.52	6.351077599999999e-11	2.0981e-05	-2.9564e-05	2.86103e-05	-88.362
856.8886	9.524	6.353746119999999e-11	5.72208e-06	3.81473e-06	6.67575e-06	68.964
858.4661	9.528	6.35641464e-11	9.53682e-07	-5.72208e-06	8.58313e-06	-81.03
860.0566	9.532	6.35908316e-11	-2.86104e-06	3.14715e-05	3.33788e-05	91.104
861.6359	9.536	6.36175168e-11	1.71663e-05	2.28883e-05	2.86103e-05	54.462
863.2138	9.54	6.3644202e-11	6.67575e-06	1.90736e-06	8.58313e-06	53.976
864.7746	9.544	6.367088719999999e-11	-4.7684e-06	2.57493e-05	2.47956e-05	93.096
866.6117	9.548	6.369757239999999e-11	-4.00546e-05	1.52589e-05	4.10082e-05	158.37
868.1752	9.552	6.372425759999999e-11	1.62126e-05	4.10082e-05	4.00546e-05	69.102
869.756	9.556	6.375094279999999e-11	1.43052e-05	4.86376e-05	4.95913e-05	76.716
871.3068	9.56	6.3777628e-11	-1.33515e-05	-1.33515e-05	1.52589e-05	-128.292
872.8768	9.564	6.38043132e-11	0.0	1.90736e-05	1.71663e-05	58.242
874.7203	9.568	6.38309984e-11	1.52589e-05	-2.86104e-06	1.71663e-05	-10.494
876.2656	9.572	6.38576836e-11	2.57493e-05	7.62945e-06	2.57493e-05	19.356
877.8386	9.576	6.38843688e-11	-1.14442e-05	1.62126e-05	2.47956e-05	111.54
879.6527	9.58	6.3911054e-11	9.5368e-06	4.7684e-06	1.04905e-05	6.342
881.225	9.584	6.393773919999999e-11	3.81473e-06	-3.14715e-05	2.86103e-05	-85.602
882.7741	9.588	6.396442439999999e-11	-1.33515e-05	1.14442e-05	1.62126e-05	133.266
884.3447	9.592	6.39911096e-11	2.6703e-05	-3.52862e-05	4.29156e-05	-45.642
885.9295	9.596	6.40177948e-11	-3.33788e-05	-1.33515e-05	3.52862e-05	-160.2
887.5086	9.6	6.404448e-11	8.58313e-06	2.86103e-05	3.05178e-05	61.782
889.0791	9.604	6.407116519999999e-11	9.5368e-06	-3.43325e-05	3.52862e-05	-81.57
890.6585	9.608	6.40978504e-11	-2.0981e-05	6.67575e-06	2.9564e-05	164.22
892.2274	9.612	6.41245356e-11	-9.5368e-06	-7.62945e-06	1.04905e-05	-150.252
893.7931	9.616	6.41512208e-11	5.72208e-06	-1.43052e-05	1.62126e-05	-51.342
895.3731	9.62	6.417790599999999e-11	4.7684e-06	-9.5368e-06	1.23978e-05	-52.596
896.9558	9.624	6.42045912e-11	2.86104e-06	-1.33515e-05	1.52589e-05	-42.138
898.7811	9.628	6.42312764e-11	2.86103e-05	1.90736e-06	2.57493e-05	-4.638
900.4022	9.632	6.425796159999999e-11	-5.3406e-05	-1.71663e-05	5.9128e-05	-168.426
901.9648	9.636	6.428464679999999e-11	1.43052e-05	-2.28883e-05	2.6703e-05	-43.026
903.5328	9.64	6.4311332e-11	5.72208e-06	-1.33515e-05	1.52589e-05	-48.576
905.0809	9.644	6.43380172e-11	1.04905e-05	-1.62126e-05	1.71663e-05	-60.252
906.9218	9.648	6.43647024e-11	1.23978e-05	-3.14715e-05	3.14715e-05	-85.332
908.4916	9.652	6.43913876e-11	-2.47956e-05	-2.6703e-05	3.52862e-05	-134.196
910.053	9.656	6.44180728e-11	6.67575e-06	-4.67303e-05	4.48229e-05	-77.664
911.8753	9.66	6.444475799999999e-11	2.3842e-05	-8.58313e-06	1.90736e-05	-20.556
913.4624	9.664	6.447144319999999e-11	-3.81473e-06	7.62945e-06	8.58313e-06	137.724
915.0504	9.668	6.449812839999999e-11	-2.00273e-05	1.04905e-05	1.62126e-05	144.162
916.5984	9.672	6.45248136e-11	1.04905e-05	-7.62945e-06	1.23978e-05	-27.9
918.169	9.676	6.45514988e-11	1.23978e-05	-2.28883e-05	2.19346e-05	-79.044
919.9869	9.68	6.4578184e-11	3.81472e-05	2.76567e-05	4.57766e-05	34.38
921.5832	9.684	6.46048692e-11	1.90736e-05	1.90736e-05	2.76567e-05	45.0
923.1713	9.688	6.46315544e-11	1.90736e-06	-7.62945e-06	5.72208e-06	-90.0
924.7166	9.692	6.465823959999999e-11	1.90736e-05	3.81473e-06	1.90736e-05	-8.13
926.3226	9.696	6.468492479999999e-11	-1.62126e-05	-1.81199e-05	2.28883e-05	-143.472
927.8753	9.7	6.471160999999999e-11	1.52589e-05	-2.3842e-05	2.6703e-05	-62.82
929.44	9.704	6.47382952e-11	3.71935e-05	2.3842e-05	4.29156e-05	30.192
931.2584	9.708	6.47649804e-11	-2.86104e-06	2.0981e-05	2.28883e-05	88.41
932.848	9.712	6.47916656e-11	-9.53682e-07	1.04905e-05	1.90736e-05	101.976
934.4142	9.716	6.48183508e-11	3.24252e-05	-1.04905e-05	3.91009e-05	-18.138
935.9807	9.72	6.4845036e-11	2.3842e-05	9.53682e-07	2.0981e-05	1.848
937.5447	9.724	6.48717212e-11	2.57493e-05	-2.86104e-06	2.57493e-05	-7.494
939.3489	9.728	6.48984064e-11	-3.81473e-06	-6.67575e-06	5.72208e-06	-83.658
940.9389	9.732	6.492509159999999e-11	-1.33515e-05	0.0	1.33515e-05	166.608
942.501	9.736	6.49517768e-11	-9.5368e-06	-1.43052e-05	1.71663e-05	-124.824
944.3104	9.74	6.4978462e-11	3.71935e-05	0.0	2.9564e-05	1.47
945.9067	9.744	6.50051472e-11	1.04905e-05	-2.3842e-05	2.3842e-05	-60.948
947.4778	9.748	6.503183239999999e-11	-9.5368e-06	-9.5368e-06	1.52589e-05	-123.69
949.0563	9.752	6.50585176e-11	2.47956e-05	2.9564e-05	4.10082e-05	33.942
950.6064	9.756	6.50852028e-11	-4.48229e-05	-2.86104e-06	3.71935e-05	178.92
952.4319	9.76	6.5111888e-11	-4.7684e-06	-3.14715e-05	2.9564e-05	-83.37
954.0045	9.764	6.51385732e-11	1.90736e-06	-3.62399e-05	3.33788e-05	-92.334
955.5792	9.768	6.51652584e-11	-9.5368e-06	-7.62945e-06	8.58313e-06	-82.404
957.1483	9.772	6.51919436e-11	2.6703e-05	-2.47956e-05	3.33788e-05	-43.41
958.7327	9.776	6.521862879999999e-11	-9.53682e-07	-1.62126e-05	1.52589e-05	-92.724
960.2981	9.78	6.524531399999999e-11	-1.14442e-05	-9.5368e-06	1.62126e-05	-158.628
961.847	9.784	6.52719992e-11	1.90736e-05	-2.00273e-05	3.05178e-05	-35.94
963.6726	9.788	6.52986844e-11	1.43052e-05	2.86103e-05	2.76567e-05	85.71
965.2218	9.792	6.53253696e-11	3.91009e-05	-6.67575e-06	4.29156e-05	-8.616
966.8236	9.796	6.53520548e-11	3.52862e-05	-6.67575e-06	3.05178e-05	-13.392
968.4036	9.8	6.537874000000001e-11	-1.62126e-05	-4.7684e-06	8.58313e-06	-161.568
969.9901	9.804	6.540542519999999e-11	2.00273e-05	1.71663e-05	1.90736e-05	56.976
971.5395	9.808	6.543211039999999e-11	-5.72208e-06	1.04905e-05	1.23978e-05	139.086
973.1291	9.812	6.545879559999999e-11	1.43052e-05	0.0	8.58313e-06	36.87
974.6928	9.816	6.54854808e-11	5.81744e-05	-3.43325e-05	6.19893e-05	-33.156
976.2564	9.82	6.5512166e-11	-6.67575e-06	3.81473e-06	8.58313e-06	143.976
977.8298	9.824	6.55388512e-11	3.33788e-05	1.71663e-05	3.71935e-05	12.306
979.6499	9.828	6.55655364e-11	-4.7684e-06	3.81473e-06	1.04905e-05	-176.988
981.2348	9.832	6.55922216e-11	-4.7684e-06	1.14442e-05	1.52589e-05	127.302
982.8011	9.836	6.56189068e-11	-8.58313e-06	2.86103e-05	3.14715e-05	109.506
984.346	9.84	6.564559199999999e-11	9.5368e-06	1.62126e-05	1.90736e-05	47.862
985.9314	9.844	6.567227719999999e-11	1.90736e-05	0.0	1.71663e-05	-6.342
987.5035	9.848	6.56989624e-11	1.04905e-05	2.00273e-05	2.19346e-05	58.17
989.064	9.852	6.57256476e-11	-9.53682e-07	7.62945e-06	6.67575e-06	101.31
990.6652	9.856	6.57523328e-11	2.19346e-05	1.04905e-05	3.05178e-05	9.66
992.4782	9.86	6.577901799999999e-11	2.19346e-05	2.86103e-05	3.71935e-05	45.0
994.0567	9.864	6.58057032e-11	-6.67575e-06	1.71663e-05	2.19346e-05	123.69
995.6206	9.868	6.58323884e-11	1.90736e-06	-3.62399e-05	3.81472e-05	-101.496
997.2116	9.872	6.58590736e-11	3.52862e-05	1.33515e-05	3.24252e-05	23.838
998.7745	9.876	6.58857588e-11	2.3842e-05	-2.0981e-05	3.71935e-05	-29.25
1000.3391	9.88	6.5912444e-11	4.7684e-06	1.52589e-05	1.52589e-05	78.234
1001.925	9.884	6.59391292e-11	-9.5368e-06	-1.33515e-05	1.62126e-05	-144.462
1003.7353	9.888	6.59658144e-11	3.62399e-05	-9.5368e-06	3.81472e-05	-8.97
1005.2947	9.892	6.599249959999999e-11	-1.33515e-05	5.14986e-05	5.0545e-05	103.11
1006.8789	9.896	6.60191848e-11	1.23978e-05	-9.53682e-07	8.58313e-06	-50.196
1008.4684	9.9	6.604587e-11	-1.14442e-05	-3.05178e-05	3.05178e-05	-95.316
1010.0352	9.904	6.60725552e-11	4.7684e-06	1.04905e-05	1.71663e-05	55.788
1011.8536	9.908	6.60992404e-11	-4.7684e-06	-3.05178e-05	2.86103e-05	-98.532
1013.4411	9.912	6.61259256e-11	1.04905e-05	-2.86104e-06	6.67575e-06	0.0
1015.0075	9.916	6.61526108e-11	1.90736e-06	9.5368e-06	1.04905e-05	108.432
1016.8471	9.92	6.617929599999999e-11	-2.86104e-06	4.95913e-05	4.76839e-05	91.638
1018.4129	9.924	6.620598119999999e-11	-2.47956e-05	-1.81199e-05	2.86103e-05	-145.122
1019.9816	9.928	6.62326664e-11	-3.52862e-05	-2.76567e-05	4.19619e-05	-144.462
1021.5259	9.932	6.62593516e-11	2.6703e-05	3.81473e-06	2.86103e-05	16.818
1023.0986	9.936	6.62860368e-11	-1.62126e-05	-3.05178e-05	3.24252e-05	-112.248
1024.939	9.94	6.6312722e-11	-1.90736e-06	-9.5368e-06	8.58313e-06	-118.302
1026.5178	9.944	6.633940720000001e-11	-6.67575e-06	-1.04905e-05	1.33515e-05	-96.84
1028.0899	9.948	6.63660924e-11	2.86103e-05	1.52589e-05	2.6703e-05	32.472
1029.6539	9.952	6.639277759999999e-11	8.58313e-06	-2.86104e-06	9.5368e-06	-10.62
1031.2209	9.956	6.641946279999999e-11	-9.53682e-07	1.04905e-05	1.23978e-05	87.276
1032.788	9.96	6.6446148e-11	2.19346e-05	-2.0981e-05	2.57493e-05	-56.766
1034.386	9.964	6.64728332e-11	2.00273e-05	2.57493e-05	3.91009e-05	37.722
1036.1961	9.968	6.64995184e-11	6.67575e-06	3.81473e-06	5.72208e-06	63.438
1037.7777	9.972	6.65262036e-11	9.5368e-06	0.0	9.5368e-06	19.656
1039.3465	9.976	6.65528888e-11	-1.71663e-05	6.10356e-05	6.5804e-05	100.758
1040.9267	9.98	6.6579574e-11	-4.19619e-05	1.90736e-05	4.38693e-05	158.7
1042.5063	9.984	6.66062592e-11	8.58313e-06	3.71935e-05	4.00546e-05	72.426
1044.3528	9.988	6.663294439999999e-11	-1.71663e-05	-9.5368e-06	1.62126e-05	-165.378
1045.9134	9.992	6.66596296e-11	2.19346e-05	-1.43052e-05	2.19346e-05	-36.156
1047.5023	9.996	6.66863148e-11	2.86104e-06	-3.81473e-06	5.72208e-06	-29.052
1049.0711	10.0	6.6713e-11	-1.23978e-05	5.43597e-05	5.53133e-05	102.528
1050.6705	10.004	6.673968519999999e-11	4.86376e-05	-6.67575e-06	4.00546e-05	-14.796
1052.2513	10.008	6.676637039999999e-11	0.0	-2.47956e-05	2.28883e-05	-88.092
1053.8508	10.012	6.67930556e-11	-1.43052e-05	9.53682e-07	1.71663e-05	-157.068
1055.4156	10.016	6.68197408e-11	-4.7684e-06	3.14715e-05	3.14715e-05	94.866
1057.238	10.02	6.6846426e-11	-2.19346e-05	1.23978e-05	2.47956e-05	153.438
1058.8022	10.024	6.68731112e-11	-1.43052e-05	-2.28883e-05	2.6703e-05	-117.756
1060.3558	10.028	6.68997964e-11	-9.53682e-07	1.33515e-05	1.52589e-05	105.642
1061.909	10.032	6.692648159999999e-11	2.3842e-05	2.57493e-05	3.33788e-05	54.06
1063.5111	10.036	6.695316679999999e-11	-1.71663e-05	-2.86104e-06	1.71663e-05	-165.468
1065.0778	10.04	6.697985199999999e-11	-3.14715e-05	-3.14715e-05	4.38693e-05	-131.268
1066.653	10.044	6.70065372e-11	-2.86104e-06	-2.47956e-05	2.57493e-05	-101.886
1068.4976	10.048	6.70332224e-11	-2.47956e-05	3.81473e-06	2.57493e-05	175.812
1070.044	10.052	6.70599076e-11	1.52589e-05	-2.00273e-05	2.3842e-05	-59.304
1071.6269	10.056	6.70865928e-11	4.67303e-05	-1.33515e-05	4.86376e-05	-20.922
1073.1957	10.06	6.7113278e-11	-3.14715e-05	2.47956e-05	3.91009e-05	136.362
1074.7674	10.064	6.713996319999999e-11	3.05178e-05	-4.00546e-05	5.0545e-05	-49.236
1076.5821	10.068	6.716664839999999e-11	-1.14442e-05	-7.62945e-06	1.71663e-05	-124.698
1078.1697	10.072	6.719333359999999e-11	6.67575e-06	2.9564e-05	3.14715e-05	65.922
1079.7182	10.076	6.72200188e-11	1.52589e-05	1.14442e-05	1.71663e-05	49.398
1081.2924	10.08	6.7246704e-11	6.67575e-06	-9.5368e-06	8.58313e-06	-34.992
1082.8561	10.084	6.72733892e-11	-1.33515e-05	-2.86103e-05	3.24252e-05	-112.206
1084.441	10.088	6.73000744e-11	1.90736e-05	2.00273e-05	2.19346e-05	56.82
1085.9911	10.092	6.73267596e-11	3.62399e-05	2.57493e-05	4.38693e-05	35.64
1087.5688	10.096	6.73534448e-11	2.86104e-06	1.90736e-05	2.00273e-05	62.652
1089.3949	10.1	6.738012999999999e-11	3.24252e-05	2.57493e-05	4.57766e-05	34.548
1090.9634	10.104	6.740681519999999e-11	6.67575e-06	1.90736e-05	2.19346e-05	65.556
1092.5487	10.108	6.74335004e-11	4.7684e-06	1.90736e-05	2.00273e-05	51.954
1094.1161	10.112	6.74601856e-11	4.48229e-05	4.86376e-05	6.38966e-05	52.176
1095.6921	10.116	6.74868708e-11	5.72208e-06	-9.5368e-06	9.5368e-06	-50.712
1097.2627	10.12	6.751355599999999e-11	-9.5368e-06	5.81744e-05	6.19893e-05	87.588
1098.8287	10.124	6.75402412e-11	2.28883e-05	2.6703e-05	4.10082e-05	39.918
1100.6553	10.128	6.75669264e-11	5.43597e-05	-1.90736e-05	6.19893e-05	-13.746
1102.2328	10.132	6.75936116e-11	3.62399e-05	8.58313e-06	4.29156e-05	11.142
1103.8019	10.136	6.762029679999999e-11	2.00273e-05	2.57493e-05	3.33788e-05	54.462
1105.3911	10.14	6.7646982e-11	-1.81199e-05	4.57766e-05	5.0545e-05	99.462
1106.9558	10.144	6.76736672e-11	-3.14715e-05	6.67575e-06	2.57493e-05	152.526
1108.7817	10.148	6.770035239999999e-11	3.52862e-05	2.28883e-05	4.19619e-05	43.752
1110.3459	10.152	6.772703759999999e-11	2.57493e-05	-4.29156e-05	4.86376e-05	-60.642
1111.8909	10.156	6.77537228e-11	-2.86103e-05	4.57766e-05	5.53133e-05	118.986
1113.723	10.16	6.7780408e-11	-6.67575e-06	5.72208e-06	1.04905e-05	154.8
1115.2862	10.164	6.78070932e-11	-1.04905e-05	3.24252e-05	3.62399e-05	105.252
1116.8533	10.168	6.78337784e-11	-3.05178e-05	-1.81199e-05	3.05178e-05	-143.976
1118.4531	10.172	6.78604636e-11	-4.48229e-05	-2.86104e-06	3.52862e-05	-163.416
1120.0324	10.176	6.788714879999999e-11	-2.86104e-06	3.81473e-06	5.72208e-06	142.122
1121.8872	10.18	6.791383399999999e-11	-4.38693e-05	-1.71663e-05	4.29156e-05	-160.098
1123.4543	10.184	6.794051919999999e-11	-3.43325e-05	3.62399e-05	5.53133e-05	140.358
1125.0271	10.188	6.79672044e-11	-1.43052e-05	4.7684e-06	1.62126e-05	164.358
1126.5933	10.192	6.79938896e-11	1.90736e-05	-1.14442e-05	1.90736e-05	-27.474
1128.1533	10.196	6.80205748e-11	2.28883e-05	9.5368e-06	1.90736e-05	29.478
1129.7575	10.2	6.804726e-11	8.58313e-06	7.62945e-06	8.58313e-06	32.004
1131.3219	10.204	6.807394520000001e-11	1.23978e-05	-9.53682e-07	1.33515e-05	-18.432
1133.1435	10.208	6.810063039999999e-11	-9.53682e-07	1.23978e-05	9.5368e-06	112.62
1134.7266	10.212	6.812731559999999e-11	4.10082e-05	-2.57493e-05	4.38693e-05	-37.056
1136.3094	10.216	6.815400079999999e-11	1.43052e-05	-2.47956e-05	2.76567e-05	-65.322
1137.8805	10.22	6.8180686e-11	-2.9564e-05	1.23978e-05	3.62399e-05	157.308
1139.4527	10.224	6.82073712e-11	1.14442e-05	1.23978e-05	1.23978e-05	60.252
1141.2501	10.228	6.82340564e-11	1.90736e-05	8.58313e-06	2.19346e-05	34.59
1142.823	10.232	6.82607416e-11	3.81473e-06	7.62945e-06	1.04905e-05	63.438
1144.4086	10.236	6.82874268e-11	1.04905e-05	-2.0981e-05	2.9564e-05	-50.478
1146.2243	10.24	6.8314112e-11	2.57493e-05	2.86104e-06	2.3842e-05	-1.548
1147.7935	10.244	6.83407972e-11	2.57493e-05	-2.6703e-05	4.10082e-05	-43.068
1149.3589	10.248	6.836748239999999e-11	1.04905e-05	-1.14442e-05	1.14442e-05	-76.758
1150.9416	10.252	6.83941676e-11	-1.62126e-05	1.23978e-05	1.81199e-05	166.506
1152.5304	10.256	6.84208528e-11	2.57493e-05	3.81473e-06	1.90736e-05	12.996
1154.3357	10.26	6.8447538e-11	-1.33515e-05	1.71663e-05	1.90736e-05	126.024
1155.8873	10.264	6.847422319999999e-11	1.23978e-05	-4.7684e-06	1.52589e-05	-13.494
1157.4701	10.268	6.85009084e-11	6.67575e-06	-3.05178e-05	3.05178e-05	-81.348
1159.0553	10.272	6.85275936e-11	1.90736e-06	-1.33515e-05	1.52589e-05	-50.712
1160.6042	10.276	6.85542788e-11	1.33515e-05	1.62126e-05	1.90736e-05	71.568
1162.1726	10.28	6.8580964e-11	-3.05178e-05	-2.28883e-05	3.91009e-05	-133.668
1163.7248	10.284	6.86076492e-11	-9.5368e-06	-1.90736e-05	1.90736e-05	-99.78
1165.5626	10.288	6.86343344e-11	-1.81199e-05	-7.62945e-06	1.23978e-05	-169.38
1167.1126	10.292	6.866101959999999e-11	1.90736e-06	4.10082e-05	3.91009e-05	90.99
1168.7121	10.296	6.868770479999999e-11	4.86376e-05	-6.67575e-06	4.38693e-05	-0.942
1170.2745	10.3	6.871439e-11	2.28883e-05	1.23978e-05	2.47956e-05	29.934
1171.8668	10.304	6.87410752e-11	2.57493e-05	5.72208e-06	2.76567e-05	9.69
1173.6728	10.308	6.87677604e-11	1.04905e-05	-3.33788e-05	3.05178e-05	-87.396
1175.2566	10.312	6.87944456e-11	1.23978e-05	9.53682e-07	1.14442e-05	14.742
1176.8079	10.316	6.88211308e-11	-3.91009e-05	-2.0981e-05	4.38693e-05	-146.544
1178.3821	10.32	6.884781599999999e-11	3.81473e-06	1.52589e-05	1.62126e-05	100.494
1179.9576	10.324	6.887450119999999e-11	3.14715e-05	1.52589e-05	4.00546e-05	20.136
1181.7628	10.328	6.890118639999999e-11	0.0	5.0545e-05	5.3406e-05	94.764
1183.3112	10.332	6.89278716e-11	2.57493e-05	1.90736e-06	3.24252e-05	4.314
1184.8806	10.336	6.89545568e-11	-1.14442e-05	-1.62126e-05	1.81199e-05	-136.47
1186.7035	10.34	6.8981242e-11	4.7684e-06	7.62945e-06	1.04905e-05	42.51
1188.2727	10.344	6.90079272e-11	1.23978e-05	0.0	9.5368e-06	-15.948
1189.8162	10.348	6.90346124e-11	-9.5368e-06	2.57493e-05	2.76567e-05	112.308
1191.3905	10.352	6.90612976e-11	2.86104e-06	-2.57493e-05	2.3842e-05	-75.174
1192.9708	10.356	6.908798279999999e-11	-9.5368e-06	1.33515e-05	1.52589e-05	70.824
1194.7889	10.36	6.911466799999999e-11	5.72208e-06	-3.81472e-05	3.62399e-05	-86.76
1196.3613	10.364	6.91413532e-11	-2.86104e-06	1.90736e-06	1.90736e-06	161.568
1197.9312	10.368	6.91680384e-11	1.23978e-05	-4.7684e-06	1.14442e-05	-21.804
1199.497	10.372	6.91947236e-11	2.3842e-05	-5.72208e-06	2.86103e-05	-22.038
1201.0809	10.376	6.92214088e-11	9.53682e-07	9.5368e-06	1.33515e-05	27.642
1202.6424	10.38	6.9248094e-11	8.58313e-06	-3.71935e-05	3.71935e-05	-88.98
1204.2152	10.384	6.92747792e-11	-2.28883e-05	1.62126e-05	3.05178e-05	146.31
1206.0335	10.388	6.93014644e-11	1.33515e-05	5.43597e-05	5.6267e-05	68.574
1207.6068	10.392	6.932814959999999e-11	-9.5368e-06	7.62945e-06	1.23978e-05	127.404
1209.1687	10.396	6.93548348e-11	3.81473e-06	1.23978e-05	1.14442e-05	58.392
1210.7393	10.4	6.938152e-11	-7.62945e-06	-2.3842e-05	2.3842e-05	-110.922
1212.3222	10.404	6.94082052e-11	-3.14715e-05	-6.67575e-06	3.24252e-05	-167.094
1214.1305	10.408	6.943489039999999e-11	1.62126e-05	1.04905e-05	2.0981e-05	35.136
1215.6959	10.412	6.94615756e-11	-5.72208e-06	-2.28883e-05	2.3842e-05	-131.76
1217.2594	10.416	6.94882608e-11	-7.62945e-06	-4.7684e-06	2.86104e-06	-59.034
1219.1119	10.42	6.9514946e-11	1.90736e-06	-2.00273e-05	2.19346e-05	-94.638
1220.6686	10.424	6.95416312e-11	3.52862e-05	4.38693e-05	5.24523e-05	57.306
1222.2324	10.428	6.95683164e-11	1.23978e-05	-1.14442e-05	1.71663e-05	-36.024
1223.8044	10.432	6.95950016e-11	3.81473e-06	2.00273e-05	1.90736e-05	87.882
1225.3668	10.436	6.962168679999999e-11	2.28883e-05	-1.62126e-05	2.00273e-05	-54.462
1227.172	10.44	6.964837199999999e-11	-2.9564e-05	3.81473e-06	2.86103e-05	169.692
1228.7462	10.444	6.96750572e-11	-1.33515e-05	-2.9564e-05	2.86103e-05	-83.658
1230.2911	10.448	6.97017424e-11	1.62126e-05	1.90736e-06	1.23978e-05	3.18
1231.8733	10.452	6.97284276e-11	4.19619e-05	-1.90736e-06	4.10082e-05	4.764
1233.464	10.456	6.97551128e-11	3.62399e-05	3.81473e-06	3.71935e-05	5.196
1235.0109	10.46	6.978179800000001e-11	1.52589e-05	1.33515e-05	2.00273e-05	30.966
1236.5985	10.464	6.980848319999999e-11	8.58313e-06	1.04905e-05	1.14442e-05	71.568
1238.4468	10.468	6.983516839999999e-11	-1.14442e-05	3.81473e-06	1.04905e-05	-159.444
1240.0623	10.472	6.986185359999999e-11	-1.81199e-05	-7.62945e-06	1.90736e-05	-154.29
1241.6142	10.476	6.98885388e-11	0.0	-2.47956e-05	2.3842e-05	-91.59
1243.2152	10.48	6.9915224e-11	2.86104e-06	-7.62945e-06	3.81473e-06	180.0
1244.7627	10.484	6.99419092e-11	-1.14442e-05	1.23978e-05	1.62126e-05	106.506
1246.5869	10.488	6.99685944e-11	1.23978e-05	1.14442e-05	1.52589e-05	24.228
1248.158	10.492	6.99952796e-11	2.9564e-05	3.71935e-05	4.86376e-05	59.97
1249.7387	10.496	7.00219648e-11	-1.33515e-05	-2.57493e-05	2.76567e-05	-119.748
1251.5445	10.5	7.004865e-11	1.23978e-05	-3.43325e-05	3.71935e-05	-70.944
1253.1096	10.504	7.007533519999999e-11	1.52589e-05	3.62399e-05	4.19619e-05	58.734
1254.6812	10.508	7.010202039999999e-11	-1.43052e-05	-2.76567e-05	2.76567e-05	-99.69
1256.2278	10.512	7.01287056e-11	7.62945e-06	3.91009e-05	4.00546e-05	73.662
1257.8175	10.516	7.01553908e-11	2.6703e-05	2.57493e-05	4.29156e-05	38.292
1259.664	10.52	7.018207599999999e-11	-1.23978e-05	5.72208e-06	1.04905e-05	161.568
1261.2409	10.524	7.020876119999999e-11	-9.5368e-06	1.43052e-05	1.43052e-05	101.886
1262.8187	10.528	7.02354464e-11	1.90736e-05	-2.47956e-05	3.24252e-05	-39.372
1264.3988	10.532	7.02621316e-11	3.24252e-05	1.90736e-06	3.05178e-05	-8.472
1265.9817	10.536	7.02888168e-11	6.67575e-06	-3.05178e-05	3.05178e-05	-55.302
1267.5664	10.54	7.031550199999998e-11	-2.76567e-05	9.5368e-06	2.6703e-05	162.474
1269.132	10.544	7.03421872e-11	3.05178e-05	-1.04905e-05	3.43325e-05	-19.8
1270.9412	10.548	7.03688724e-11	-2.0981e-05	1.52589e-05	2.9564e-05	145.302
1272.5224	10.552	7.039555759999999e-11	-1.04905e-05	-1.14442e-05	1.71663e-05	-156.252
1274.1099	10.556	7.042224279999999e-11	-2.3842e-05	1.04905e-05	3.05178e-05	157.11
1275.6776	10.56	7.0448928e-11	-4.57766e-05	0.0	4.57766e-05	-179.172
1277.2478	10.564	7.04756132e-11	-2.86104e-06	2.57493e-05	3.05178e-05	91.122
1279.0556	10.568	7.05022984e-11	2.19346e-05	0.0	2.19346e-05	8.88
1280.6187	10.572	7.05289836e-11	0.0	-9.53682e-07	2.86104e-06	15.948
1282.1997	10.576	7.05556688e-11	1.90736e-06	1.90736e-06	1.90736e-06	168.69
1284.0375	10.58	7.058235399999999e-11	-2.76567e-05	8.58313e-06	2.47956e-05	151.824
1285.6188	10.584	7.060903919999999e-11	5.72208e-06	-1.43052e-05	1.23978e-05	-66.372
1287.2217	10.588	7.063572439999999e-11	3.91009e-05	1.52589e-05	4.38693e-05	18.714
1288.7901	10.592	7.06624096e-11	-2.86104e-06	-2.0981e-05	2.19346e-05	-120.378
1290.3528	10.596	7.06890948e-11	-1.23978e-05	9.5368e-06	1.52589e-05	148.572
1291.9229	10.6	7.071578e-11	2.57493e-05	2.57493e-05	3.81472e-05	46.362
1293.4774	10.604	7.07424652e-11	-1.14442e-05	-1.33515e-05	1.81199e-05	-135.0
1295.0451	10.608	7.07691504e-11	-2.47956e-05	1.90736e-05	2.57493e-05	130.428
1296.5888	10.612	7.079583559999999e-11	1.71663e-05	2.3842e-05	3.24252e-05	60.948
1298.1757	10.616	7.082252079999999e-11	1.71663e-05	2.86104e-06	2.00273e-05	-8.616
1299.7471	10.62	7.084920599999999e-11	3.71935e-05	-1.43052e-05	4.19619e-05	-10.062
1301.3069	10.624	7.08758912e-11	-2.3842e-05	-9.5368e-06	2.3842e-05	-157.008
1303.1167	10.628	7.09025764e-11	5.72208e-06	2.86103e-05	2.9564e-05	71.568
1304.6877	10.632	7.09292616e-11	0.0	-9.5368e-06	8.58313e-06	-90.0
1306.2538	10.636	7.095594679999999e-11	1.52589e-05	1.14442e-05	1.33515e-05	48.012
1307.8352	10.64	7.0982632e-11	-2.0981e-05	-8.58313e-06	1.62126e-05	-151.188
1309.4064	10.644	7.10093172e-11	-2.86104e-06	-3.81472e-05	3.71935e-05	-98.274
1311.2266	10.648	7.10360024e-11	1.04905e-05	3.05178e-05	2.86103e-05	68.196
1312.7929	10.652	7.106268759999999e-11	2.19346e-05	5.81744e-05	6.38966e-05	63.96
1314.3728	10.656	7.10893728e-11	2.6703e-05	6.67575e-06	2.47956e-05	14.418
1316.1995	10.66	7.1116058e-11	1.90736e-06	-2.47956e-05	2.3842e-05	-91.59
1317.7654	10.664	7.114274319999999e-11	-1.33515e-05	1.52589e-05	1.90736e-05	132.138
1319.3159	10.668	7.116942839999999e-11	1.90736e-05	1.90736e-05	2.57493e-05	45.0
1320.8996	10.672	7.11961136e-11	2.86104e-06	-3.81473e-06	1.90736e-06	-56.31
1322.4517	10.676	7.12227988e-11	0.0	-2.19346e-05	1.90736e-05	-73.494
1324.256	10.68	7.1249484e-11	8.58313e-06	1.71663e-05	1.71663e-05	80.91
1325.8282	10.684	7.12761692e-11	1.81199e-05	1.90736e-06	2.00273e-05	24.144
1327.4111	10.688	7.13028544e-11	7.62945e-06	-2.6703e-05	3.05178e-05	-65.82
1328.9746	10.692	7.132953959999999e-11	6.67575e-06	2.9564e-05	2.76567e-05	87.066
1330.5433	10.696	7.135622479999999e-11	9.5368e-06	2.86104e-06	1.14442e-05	60.252
1332.111	10.7	7.138290999999999e-11	-2.0981e-05	2.57493e-05	3.05178e-05	136.908
1333.6609	10.704	7.14095952e-11	-2.86104e-06	2.57493e-05	2.3842e-05	91.686
1335.4838	10.708	7.14362804e-11	-3.05178e-05	-5.72208e-06	2.28883e-05	177.708
1337.067	10.712	7.14629656e-11	1.90736e-06	2.0981e-05	2.19346e-05	79.992
1338.6177	10.716	7.14896508e-11	5.72208e-06	-3.81472e-05	3.52862e-05	-77.346
1340.1819	10.72	7.151633600000001e-11	-2.28883e-05	3.91009e-05	4.57766e-05	118.812
1341.751	10.724	7.154302119999999e-11	-1.71663e-05	2.57493e-05	3.14715e-05	126.87
1343.5893	10.728	7.156970639999999e-11	-2.0981e-05	-1.52589e-05	2.19346e-05	-153.438
1345.1429	10.732	7.159639159999999e-11	2.28883e-05	-9.53682e-07	2.47956e-05	0.0
1346.7221	10.736	7.16230768e-11	-3.05178e-05	-9.53682e-07	2.19346e-05	-175.914
1348.5524	10.74	7.1649762e-11	2.3842e-05	-1.23978e-05	2.0981e-05	-39.558
1350.1274	10.744	7.16764472e-11	2.57493e-05	6.67575e-06	3.14715e-05	19.884
1351.6813	10.748	7.17031324e-11	-8.58313e-06	-2.76567e-05	2.76567e-05	-105.378
1353.253	10.752	7.17298176e-11	-1.14442e-05	5.72208e-06	6.67575e-06	116.562
1354.8183	10.756	7.17565028e-11	5.0545e-05	-1.04905e-05	4.76839e-05	-15.834
1356.3824	10.76	7.178318799999999e-11	4.00546e-05	4.7684e-06	3.81472e-05	10.122
1357.9551	10.764	7.180987319999999e-11	4.76839e-05	1.90736e-05	4.86376e-05	18.948
1359.5184	10.768	7.18365584e-11	1.62126e-05	-1.90736e-05	2.57493e-05	-58.782
1361.0974	10.772	7.18632436e-11	3.33788e-05	-4.48229e-05	5.0545e-05	-56.094
1362.6549	10.776	7.18899288e-11	3.05178e-05	-4.7684e-06	3.24252e-05	-12.654
1364.2225	10.78	7.191661399999999e-11	-1.23978e-05	2.6703e-05	3.05178e-05	108.432
1365.772	10.784	7.19432992e-11	-2.00273e-05	2.00273e-05	2.57493e-05	122.346
1367.3555	10.788	7.19699844e-11	2.6703e-05	-2.57493e-05	4.00546e-05	-45.0
1369.1744	10.792	7.19966696e-11	2.86104e-06	-7.62945e-06	5.72208e-06	-141.342
1370.7428	10.796	7.20233548e-11	-2.6703e-05	1.71663e-05	2.57493e-05	139.236
1372.3221	10.8	7.205004e-11	-2.28883e-05	-1.04905e-05	1.90736e-05	-148.242
1373.8752	10.804	7.20767252e-11	8.58313e-06	2.19346e-05	2.19346e-05	78.024
1375.7189	10.808	7.210341039999999e-11	-3.05178e-05	-2.86104e-06	2.19346e-05	169.506
1377.2863	10.812	7.213009559999999e-11	-2.9564e-05	-2.57493e-05	4.19619e-05	-149.934
1378.8831	10.816	7.21567808e-11	-9.53682e-07	-8.58313e-06	3.81473e-06	23.202
1380.4835	10.82	7.2183466e-11	-3.14715e-05	-4.7684e-06	3.71935e-05	-178.122
1382.0517	10.824	7.22101512e-11	-1.14442e-05	-2.28883e-05	2.9564e-05	-125.676
1383.9014	10.828	7.22368364e-11	-2.00273e-05	-2.57493e-05	2.86103e-05	-102.378
1385.4867	10.832	7.22635216e-11	5.72208e-06	-1.43052e-05	1.23978e-05	-66.036
1387.0552	10.836	7.229020679999999e-11	3.52862e-05	2.6703e-05	4.00546e-05	43.566
1388.6048	10.84	7.231689199999999e-11	-4.7684e-06	2.19346e-05	2.3842e-05	88.602
1390.1769	10.844	7.234357719999999e-11	2.28883e-05	2.28883e-05	2.86103e-05	48.942
1391.7586	10.848	7.23702624e-11	-1.43052e-05	-9.53682e-07	1.52589e-05	164.358
1393.3226	10.852	7.23969476e-11	-3.05178e-05	1.90736e-06	2.6703e-05	169.56
1394.9181	10.856	7.24236328e-11	-4.29156e-05	-3.81473e-06	3.91009e-05	-164.748
1396.7414	10.86	7.2450318e-11	1.90736e-05	2.19346e-05	2.57493e-05	58.494
1398.3139	10.864	7.247700320000001e-11	-1.43052e-05	-1.04905e-05	1.71663e-05	-146.31
1399.8789	10.868	7.25036884e-11	3.81473e-06	3.43325e-05	3.52862e-05	73.2
1401.4585	10.872	7.253037359999999e-11	-3.62399e-05	-2.3842e-05	4.86376e-05	-170.034
1403.0127	10.876	7.255705879999999e-11	-2.0981e-05	2.19346e-05	3.05178e-05	132.438
1404.5802	10.88	7.2583744e-11	-2.9564e-05	1.23978e-05	3.52862e-05	157.308
1406.1622	10.884	7.26104292e-11	-2.28883e-05	2.86103e-05	3.33788e-05	126.636
1407.734	10.888	7.26371144e-11	1.90736e-05	-2.86104e-06	2.3842e-05	-1.434
1409.3182	10.892	7.26637996e-11	5.72208e-06	1.33515e-05	1.43052e-05	128.292
1410.8666	10.896	7.26904848e-11	2.19346e-05	9.53682e-07	2.19346e-05	11.634
1412.4339	10.9	7.271717e-11	-1.90736e-05	1.62126e-05	2.47956e-05	124.878
1413.981	10.904	7.27438552e-11	5.72208e-06	2.47956e-05	2.47956e-05	86.988
1415.822	10.908	7.277054039999999e-11	3.05178e-05	1.52589e-05	3.43325e-05	26.562
1417.4013	10.912	7.27972256e-11	2.6703e-05	1.04905e-05	2.28883e-05	36.156
1419.0052	10.916	7.28239108e-11	1.71663e-05	3.33788e-05	3.91009e-05	67.308
1420.7971	10.92	7.2850596e-11	0.0	6.67575e-06	9.5368e-06	45.0
1422.3627	10.924	7.287728119999999e-11	2.86104e-06	-2.57493e-05	2.76567e-05	-73.182
1423.9304	10.928	7.29039664e-11	-2.00273e-05	-6.67575e-06	2.0981e-05	-157.518
1425.5105	10.932	7.29306516e-11	2.19346e-05	2.6703e-05	3.52862e-05	51.666
1427.0828	10.936	7.29573368e-11	2.3842e-05	1.90736e-06	2.6703e-05	-2.664
1428.8984	10.94	7.2984022e-11	3.81473e-06	1.90736e-06	6.67575e-06	50.712
1430.481	10.944	7.30107072e-11	1.71663e-05	-2.3842e-05	2.9564e-05	-45.0
1432.0536	10.948	7.30373924e-11	1.23978e-05	3.81473e-06	1.52589e-05	18.432
1433.639	10.952	7.306407759999999e-11	-2.0981e-05	-1.33515e-05	2.19346e-05	-135.0
1435.187	10.956	7.309076279999999e-11	-2.28883e-05	-1.52589e-05	2.3842e-05	-145.41
1436.7876	10.96	7.3117448e-11	3.05178e-05	-1.71663e-05	3.62399e-05	-27.51
1438.3577	10.964	7.31441332e-11	0.0	-9.5368e-06	1.33515e-05	-116.562
1440.1945	10.968	7.31708184e-11	-9.5368e-06	1.52589e-05	1.81199e-05	122.004
1441.7552	10.972	7.31975036e-11	4.48229e-05	1.81199e-05	4.86376e-05	21.654
1443.3428	10.976	7.322418880000001e-11	-1.81199e-05	1.23978e-05	2.00273e-05	157.83
1444.922	10.98	7.325087399999999e-11	2.57493e-05	8.58313e-06	3.05178e-05	5.946
1446.5075	10.984	7.327755919999999e-11	-3.62399e-05	3.33788e-05	4.76839e-05	123.024
1448.3485	10.988	7.330424439999999e-11	-5.72208e-06	6.67575e-06	8.58313e-06	127.878
1449.9492	10.992	7.33309296e-11	1.81199e-05	9.5368e-06	1.90736e-05	51.954
1451.5252	10.996	7.33576148e-11	-1.62126e-05	-6.67575e-06	1.52589e-05	-143.616
1453.0989	11.0	7.33843e-11	-2.47956e-05	2.86104e-06	2.19346e-05	178.026
1454.6933	11.004	7.34109852e-11	5.72208e-06	1.90736e-06	8.58313e-06	24.774
1456.2496	11.008	7.343767039999999e-11	1.23978e-05	-4.7684e-06	7.62945e-06	-40.602
1457.8171	11.012	7.34643556e-11	-2.86104e-06	1.62126e-05	1.71663e-05	45.0
1459.386	11.016	7.34910408e-11	-1.81199e-05	-1.62126e-05	2.19346e-05	-118.74
1461.2075	11.02	7.351772599999999e-11	2.57493e-05	-6.67575e-06	2.57493e-05	-9.21
1462.754	11.024	7.354441119999999e-11	6.67575e-06	2.00273e-05	1.90736e-05	46.47
1464.3548	11.028	7.35710964e-11	-6.67575e-06	3.81473e-06	3.81473e-06	40.602
1465.9265	11.032	7.35977816e-11	-9.53682e-07	-4.7684e-06	5.72208e-06	-155.556
1467.4908	11.036	7.36244668e-11	-1.81199e-05	1.52589e-05	1.90736e-05	117.474
1469.0608	11.04	7.365115199999999e-11	2.57493e-05	0.0	2.86103e-05	6.072
1470.621	11.044	7.36778372e-11	-3.05178e-05	-1.33515e-05	2.9564e-05	-154.026
1472.4329	11.048	7.37045224e-11	-2.28883e-05	-3.71935e-05	3.71935e-05	-102.174
1474.001	11.052	7.37312076e-11	9.53682e-07	1.81199e-05	2.0981e-05	81.87
1475.5654	11.056	7.375789279999998e-11	5.14986e-05	6.67575e-06	5.3406e-05	-4.188
1477.1344	11.06	7.3784578e-11	9.5368e-06	-2.0981e-05	2.3842e-05	-79.56
1478.6803	11.064	7.38112632e-11	-6.67575e-06	1.52589e-05	1.14442e-05	114.774
1480.5248	11.068	7.383794839999999e-11	-2.19346e-05	3.81473e-06	2.19346e-05	175.098
1482.085	11.072	7.386463359999999e-11	-3.81473e-06	-1.33515e-05	1.43052e-05	-117.756
1483.654	11.076	7.38913188e-11	2.19346e-05	1.33515e-05	2.86103e-05	20.556
1485.499	11.08	7.3918004e-11	5.0545e-05	-4.7684e-06	5.3406e-05	-7.734
1487.0657	11.084	7.39446892e-11	-3.81472e-05	5.72208e-06	3.43325e-05	162.978
1488.6261	11.088	7.39713744e-11	-8.58313e-06	0.0	5.72208e-06	141.342
1490.2076	11.092	7.39980596e-11	-2.6703e-05	-1.14442e-05	2.57493e-05	-152.742
1491.7935	11.096	7.402474479999999e-11	-9.5368e-06	3.81473e-06	6.67575e-06	-147.528
1493.6204	11.1	7.405142999999999e-11	2.28883e-05	1.90736e-06	2.19346e-05	0.0
1495.1882	11.104	7.407811519999999e-11	-1.04905e-05	-8.58313e-06	1.33515e-05	-161.568
1496.7534	11.108	7.41048004e-11	2.28883e-05	0.0	2.28883e-05	8.13
1498.3219	11.112	7.41314856e-11	4.7684e-06	-1.33515e-05	1.33515e-05	-62.244
1499.9078	11.116	7.41581708e-11	2.19346e-05	-2.9564e-05	3.62399e-05	-49.398
1501.4824	11.12	7.4184856e-11	-1.52589e-05	-6.67575e-06	1.04905e-05	167.004
1503.0851	11.124	7.42115412e-11	8.58313e-06	-2.6703e-05	2.86103e-05	-51.912
1504.9224	11.128	7.423822639999999e-11	1.04905e-05	-1.90736e-06	1.62126e-05	-14.532
1506.4711	11.132	7.426491159999999e-11	-2.28883e-05	-9.5368e-06	2.0981e-05	-152.592
1508.0568	11.136	7.429159679999999e-11	-3.05178e-05	5.81744e-05	6.48503e-05	119.226
1509.6232	11.14	7.4318282e-11	-9.5368e-06	5.72208e-06	8.58313e-06	126.87
1511.1722	11.144	7.43449672e-11	-2.6703e-05	1.23978e-05	2.6703e-05	144.294
1513.0281	11.148	7.43716524e-11	-3.14715e-05	8.58313e-06	2.76567e-05	175.71
1514.6105	11.152	7.439833759999999e-11	3.81473e-06	0.0	1.04905e-05	-2.604
1516.1824	11.156	7.44250228e-11	4.7684e-06	1.23978e-05	1.81199e-05	54.864
1518.0029	11.16	7.4451708e-11	6.67575e-06	4.7684e-06	1.04905e-05	67.62
1519.5675	11.164	7.447839319999999e-11	-1.04905e-05	1.23978e-05	1.71663e-05	127.692
1521.1531	11.168	7.450507839999999e-11	3.05178e-05	1.04905e-05	3.05178e-05	43.212
1522.7208	11.172	7.45317636e-11	-1.62126e-05	0.0	1.23978e-05	170.538
1524.2894	11.176	7.45584488e-11	1.04905e-05	8.58313e-06	1.04905e-05	87.138
1526.1312	11.18	7.458513399999999e-11	4.10082e-05	-3.81473e-06	4.29156e-05	-6.24
1527.6998	11.184	7.461181919999999e-11	1.90736e-06	-2.3842e-05	2.3842e-05	-91.548
1529.2609	11.188	7.46385044e-11	2.86104e-06	3.33788e-05	3.52862e-05	86.88
1530.8127	11.192	7.46651896e-11	0.0	-1.71663e-05	2.0981e-05	-72.9
1532.3931	11.196	7.46918748e-11	1.04905e-05	1.71663e-05	1.81199e-05	45.0
1533.9809	11.2	7.471856e-11	-6.67575e-06	2.9564e-05	3.14715e-05	106.926
1535.5493	11.204	7.47452452e-11	-4.7684e-06	3.81473e-06	8.58313e-06	137.49
1537.1467	11.208	7.47719304e-11	-9.5368e-06	1.90736e-06	7.62945e-06	55.62
1538.6994	11.212	7.479861559999999e-11	1.23978e-05	1.23978e-05	1.90736e-05	52.764
1540.278	11.216	7.482530079999999e-11	6.67575e-06	-3.81473e-06	1.04905e-05	-15.522
1541.8628	11.22	7.4851986e-11	2.28883e-05	4.7684e-06	1.71663e-05	33.69
1543.4597	11.224	7.48786712e-11	-6.67575e-06	0.0	4.7684e-06	-173.658
1545.011	11.228	7.49053564e-11	-2.28883e-05	-7.62945e-06	2.3842e-05	-161.076
1546.601	11.232	7.49320416e-11	-2.00273e-05	-4.7684e-06	1.81199e-05	-170.91
1548.1465	11.236	7.49587268e-11	-9.5368e-06	1.90736e-06	1.23978e-05	146.31
1549.9708	11.24	7.498541199999999e-11	-2.00273e-05	1.62126e-05	2.3842e-05	135.0
1551.5558	11.244	7.501209719999999e-11	5.72208e-06	8.58313e-06	1.71663e-05	23.748
1553.1221	11.248	7.503878239999999e-11	-3.24252e-05	6.67575e-06	3.05178e-05	168.438
1554.7017	11.252	7.50654676e-11	9.5368e-06	1.33515e-05	1.71663e-05	48.012
1556.2766	11.256	7.50921528e-11	9.53682e-07	-1.33515e-05	1.33515e-05	-79.218
1558.0946	11.26	7.5118838e-11	-3.05178e-05	-2.86104e-06	3.05178e-05	-178.782
1559.6446	11.264	7.51455232e-11	-6.67575e-06	1.33515e-05	1.62126e-05	111.372
1561.2167	11.268	7.51722084e-11	-6.67575e-06	8.58313e-06	1.14442e-05	90.0
1562.7791	11.272	7.51988936e-11	-2.9564e-05	6.67575e-06	2.3842e-05	-176.424
1564.3506	11.276	7.522557879999999e-11	3.91009e-05	-5.72208e-06	4.38693e-05	-5.046
1565.9143	11.28	7.525226399999999e-11	-1.33515e-05	6.67575e-06	1.71663e-05	157.83
1567.502	11.284	7.52789492e-11	2.00273e-05	4.38693e-05	4.48229e-05	60.594
1569.0689	11.288	7.53056344e-11	1.90736e-05	-3.81473e-06	1.52589e-05	-31.428
1570.6734	11.292	7.53323196e-11	5.72208e-06	-9.53682e-07	5.72208e-06	-37.878
1572.2515	11.296	7.535900479999999e-11	1.62126e-05	1.90736e-05	2.86103e-05	71.568
1573.7949	11.3	7.538569e-11	-6.67575e-06	-3.62399e-05	3.62399e-05	-106.392
1575.363	11.304	7.54123752e-11	8.58313e-06	1.90736e-06	1.33515e-05	17.652
1577.192	11.308	7.54390604e-11	8.58313e-06	-4.7684e-06	2.00273e-05	-41.76
1578.787	11.312	7.546574559999999e-11	3.81473e-06	1.62126e-05	1.90736e-05	64.23
1580.3739	11.316	7.54924308e-11	-1.14442e-05	-2.9564e-05	2.86103e-05	-111.036
1581.9202	11.32	7.5519116e-11	2.9564e-05	-3.81473e-06	2.9564e-05	-6.486
1583.4926	11.324	7.554580119999999e-11	-6.67575e-06	1.90736e-06	1.23978e-05	-175.032
1585.3298	11.328	7.557248639999999e-11	3.52862e-05	-1.90736e-06	2.3842e-05	6.912
1586.9247	11.332	7.55991716e-11	3.81473e-06	8.58313e-06	9.5368e-06	81.87
1588.4773	11.336	7.56258568e-11	7.62945e-06	1.52589e-05	1.90736e-05	31.266
1590.3013	11.34	7.5652542e-11	-2.3842e-05	2.0981e-05	3.14715e-05	141.522
1591.8721	11.344	7.56792272e-11	2.86103e-05	6.67575e-06	2.6703e-05	8.97
1593.465	11.348	7.57059124e-11	7.62945e-06	2.86104e-06	1.33515e-05	56.31
1595.0169	11.352	7.57325976e-11	-9.53682e-07	8.58313e-06	6.67575e-06	90.0
1596.5885	11.356	7.575928279999999e-11	3.62399e-05	1.52589e-05	3.71935e-05	15.522
1598.3926	11.36	7.578596799999999e-11	-3.81473e-06	2.3842e-05	2.57493e-05	93.99
1599.9633	11.364	7.58126532e-11	2.6703e-05	-4.7684e-06	2.3842e-05	-13.626
1601.5283	11.368	7.58393384e-11	-3.81473e-06	3.14715e-05	2.9564e-05	93.99
1603.074	11.372	7.58660236e-11	-1.90736e-06	-5.72208e-06	2.86104e-06	8.13
1604.6304	11.376	7.58927088e-11	1.71663e-05	7.62945e-06	1.90736e-05	18.432
1606.2083	11.38	7.591939400000001e-11	2.76567e-05	2.86104e-06	2.57493e-05	14.034
1607.7808	11.384	7.594607919999999e-11	1.23978e-05	-3.33788e-05	3.43325e-05	-75.144
1609.6029	11.388	7.597276439999999e-11	4.19619e-05	-1.14442e-05	4.38693e-05	-14.472
1611.182	11.392	7.599944959999999e-11	5.72208e-06	5.72208e-06	9.5368e-06	86.988
1612.7648	11.396	7.60261348e-11	2.0981e-05	1.90736e-05	2.3842e-05	32.196
1614.3485	11.4	7.605282e-11	-1.71663e-05	8.58313e-06	2.3842e-05	159.444