Time (s) 	 Position (mm) 	 Delay (s) 	 X 	 Y 	 R 	 theta 
#Without Preamplifier,searching for the GaP signal, ZnTe detector angle 40deg, Chopper 230Hz, time constant=0.1s 24dB, waiting time= 1.0s, sensitivity=20mV
1.9512	7.6	5.0701879999999996e-11	-2.76567e-05	1.23978e-05	3.05178e-05	146.634
3.5951	7.604	5.07285652e-11	-6.67575e-06	5.72208e-06	1.33515e-05	142.698
5.4119	7.608	5.075525039999999e-11	4.10082e-05	2.86103e-05	4.86376e-05	30.144
6.9621	7.612	5.07819356e-11	-2.86104e-06	-1.33515e-05	1.14442e-05	-61.926
8.5093	7.616	5.0808620799999996e-11	0.0	1.23978e-05	1.23978e-05	79.992
10.0617	7.62	5.0835306e-11	5.72208e-06	-1.43052e-05	1.71663e-05	-71.568
11.6307	7.624	5.086199119999999e-11	1.04905e-05	-9.5368e-06	6.67575e-06	-113.964
13.1755	7.628	5.0888676399999997e-11	-9.53682e-07	7.62945e-06	7.62945e-06	81.252
14.7342	7.632	5.0915361599999995e-11	3.14715e-05	1.23978e-05	3.71935e-05	20.898
16.2977	7.636	5.09420468e-11	0.0	-3.81473e-06	2.86104e-06	-161.568
18.1177	7.64	5.0968732e-11	-9.5368e-06	3.81473e-06	3.81473e-06	-168.69
19.6692	7.644	5.0995417199999996e-11	-4.7684e-06	1.04905e-05	1.23978e-05	117.9
21.493	7.648	5.1022102399999994e-11	-1.62126e-05	2.86103e-05	3.33788e-05	127.092
23.0625	7.652	5.10487876e-11	-6.67575e-06	-4.7684e-06	4.7684e-06	-129.804
24.6425	7.656	5.10754728e-11	1.90736e-05	-4.7684e-06	1.90736e-05	-17.82
26.2001	7.66	5.1102157999999995e-11	-1.23978e-05	-1.81199e-05	2.28883e-05	-121.506
27.7463	7.664	5.1128843199999993e-11	3.14715e-05	-4.7684e-06	3.05178e-05	-1.218
29.2828	7.668	5.11555284e-11	-3.05178e-05	8.58313e-06	3.52862e-05	168.276
30.8341	7.672	5.1182213599999996e-11	9.5368e-06	3.81473e-06	1.23978e-05	15.948
32.3864	7.676	5.12088988e-11	1.04905e-05	-4.7684e-06	1.52589e-05	-16.26
34.2094	7.68	5.123558399999999e-11	-3.62399e-05	0.0	2.57493e-05	168.024
35.7729	7.684	5.12622692e-11	7.62945e-06	9.5368e-06	1.43052e-05	68.196
37.5942	7.688	5.1288954399999996e-11	9.53682e-07	-4.00546e-05	4.57766e-05	-87.708
39.1796	7.692	5.13156396e-11	3.05178e-05	1.23978e-05	3.24252e-05	6.204
40.7281	7.696	5.13423248e-11	-2.86104e-06	1.62126e-05	1.43052e-05	81.03
42.2928	7.7	5.1369009999999997e-11	1.04905e-05	-6.67575e-06	4.7684e-06	-99.462
43.8632	7.704	5.1395695199999995e-11	-2.76567e-05	-1.90736e-05	3.43325e-05	-144.834
45.4322	7.708	5.14223804e-11	2.28883e-05	-1.33515e-05	2.9564e-05	-25.464
47.0194	7.712	5.14490656e-11	1.43052e-05	5.53133e-05	6.19893e-05	75.426
48.5847	7.716	5.1475750799999996e-11	-3.05178e-05	1.90736e-06	2.86103e-05	172.056
50.4196	7.72	5.1502435999999994e-11	-4.7684e-06	-2.0981e-05	2.00273e-05	-106.506
51.9699	7.724	5.15291212e-11	5.72208e-06	-5.72208e-06	8.58313e-06	-8.748
53.7641	7.728	5.15558064e-11	-3.33788e-05	2.57493e-05	4.38693e-05	137.34
55.335	7.732	5.15824916e-11	2.57493e-05	-9.5368e-06	3.14715e-05	-28.608
56.8817	7.736	5.1609176799999993e-11	1.90736e-06	3.81473e-06	3.81473e-06	128.658
58.4519	7.74	5.1635862e-11	-2.00273e-05	-1.90736e-05	2.19346e-05	-133.668
59.9835	7.744	5.1662547199999996e-11	-6.67575e-06	6.67575e-06	8.58313e-06	155.556
61.5315	7.748	5.16892324e-11	9.5368e-06	-2.6703e-05	2.76567e-05	-65.322
63.071	7.752	5.17159176e-11	4.7684e-06	0.0	9.53682e-07	-123.69
64.6497	7.756	5.17426028e-11	-1.33515e-05	1.90736e-06	1.23978e-05	177.276
66.4737	7.76	5.1769287999999995e-11	1.23978e-05	-2.86104e-06	7.62945e-06	8.13
68.0474	7.764	5.17959732e-11	3.71935e-05	-3.81473e-06	3.33788e-05	-3.366
69.8696	7.768	5.18226584e-11	-1.14442e-05	-3.81473e-06	7.62945e-06	-147.996
71.4356	7.772	5.1849343599999997e-11	-1.33515e-05	0.0	1.23978e-05	-158.748
73.033	7.776	5.1876028799999995e-11	3.81473e-06	-1.04905e-05	1.43052e-05	-101.688
74.6028	7.78	5.1902714e-11	-7.62945e-06	4.10082e-05	4.38693e-05	106.536
76.171	7.784	5.19293992e-11	-2.28883e-05	-1.71663e-05	2.19346e-05	-135.0
77.7363	7.788	5.19560844e-11	-2.76567e-05	8.58313e-06	3.71935e-05	169.44
79.2851	7.792	5.1982769599999994e-11	0.0	-1.23978e-05	1.14442e-05	-96.342
80.8363	7.796	5.20094548e-11	1.23978e-05	-9.53682e-07	1.43052e-05	7.434
82.6479	7.8	5.203614e-11	-3.81473e-06	-4.57766e-05	4.48229e-05	-96.708
84.2125	7.804	5.20628252e-11	4.76839e-05	-6.67575e-06	4.57766e-05	-4.206
86.052	7.808	5.208951039999999e-11	1.71663e-05	-1.62126e-05	2.19346e-05	-52.122
87.6197	7.812	5.21161956e-11	3.81473e-06	-2.9564e-05	2.9564e-05	-67.962
89.1985	7.816	5.2142880799999996e-11	-1.04905e-05	2.57493e-05	2.76567e-05	119.58
91.0255	7.82	5.2169566e-11	8.58313e-06	-1.43052e-05	1.52589e-05	-70.02
92.5854	7.824	5.21962512e-11	2.86104e-06	3.24252e-05	3.33788e-05	80.364
94.3907	7.828	5.22229364e-11	-1.90736e-06	-3.62399e-05	3.43325e-05	-94.482
95.9492	7.832	5.2249621599999995e-11	-1.81199e-05	0.0	2.19346e-05	-178.494
97.5013	7.836	5.22763068e-11	1.04905e-05	6.67575e-06	1.52589e-05	35.538
99.0635	7.84	5.2302992e-11	-3.14715e-05	-2.6703e-05	3.91009e-05	-135.0
100.6364	7.844	5.2329677199999996e-11	-4.38693e-05	-1.62126e-05	5.0545e-05	-167.394
102.2029	7.848	5.2356362399999995e-11	5.72208e-06	-3.71935e-05	3.71935e-05	-87.138
103.7525	7.852	5.23830476e-11	-1.71663e-05	7.62945e-06	1.90736e-05	147.804
105.3469	7.856	5.24097328e-11	3.81473e-06	-3.24252e-05	2.9564e-05	-83.208
107.1718	7.86	5.2436418e-11	5.72208e-06	1.43052e-05	1.43052e-05	74.052
108.7216	7.864	5.2463103199999994e-11	-9.5368e-06	-9.5368e-06	8.58313e-06	-131.634
110.5439	7.868	5.24897884e-11	3.52862e-05	-1.62126e-05	3.52862e-05	-20.172
112.1009	7.872	5.2516473599999997e-11	9.5368e-06	-1.33515e-05	1.62126e-05	-43.266
113.6499	7.876	5.25431588e-11	-2.28883e-05	9.5368e-06	1.90736e-05	150.522
115.2153	7.88	5.2569844e-11	-9.53682e-07	-3.62399e-05	3.81472e-05	-88.152
116.7866	7.884	5.25965292e-11	-2.3842e-05	-4.48229e-05	4.67303e-05	-115.068
118.334	7.888	5.2623214399999996e-11	-1.33515e-05	1.23978e-05	1.71663e-05	136.638
119.8987	7.892	5.26498996e-11	5.0545e-05	-6.67575e-06	5.43597e-05	-3.33
121.4331	7.896	5.26765848e-11	2.47956e-05	-1.33515e-05	2.6703e-05	-32.904
122.9881	7.9	5.270327e-11	-1.81199e-05	9.53682e-07	1.62126e-05	-177.612
124.5417	7.904	5.2729955199999995e-11	-2.47956e-05	3.52862e-05	4.57766e-05	128.016
126.1224	7.908	5.27566404e-11	-2.00273e-05	1.04905e-05	2.28883e-05	160.02
127.7074	7.912	5.27833256e-11	-2.0981e-05	-2.28883e-05	3.33788e-05	-138.096
129.273	7.916	5.28100108e-11	-1.23978e-05	1.90736e-05	2.19346e-05	122.196
130.8567	7.92	5.2836695999999994e-11	-9.53682e-07	-8.58313e-06	7.62945e-06	-68.964
132.4063	7.924	5.28633812e-11	6.67575e-06	-2.86104e-06	1.04905e-05	-22.38
133.9901	7.928	5.28900664e-11	6.67575e-06	-4.7684e-06	3.81473e-06	-110.556
135.5381	7.932	5.29167516e-11	2.28883e-05	3.05178e-05	3.91009e-05	53.328
137.1129	7.936	5.2943436799999994e-11	-4.7684e-06	2.86103e-05	2.76567e-05	101.04
138.6607	7.94	5.2970122e-11	-1.23978e-05	9.5368e-06	1.71663e-05	160.908
140.2286	7.944	5.2996807199999997e-11	2.47956e-05	-2.47956e-05	3.52862e-05	-45.762
141.7767	7.948	5.30234924e-11	-1.71663e-05	-9.53682e-07	1.90736e-05	-168.69
143.3807	7.952	5.30501776e-11	-5.53133e-05	5.72208e-06	5.53133e-05	170.994
144.9301	7.956	5.30768628e-11	-2.3842e-05	1.23978e-05	2.19346e-05	133.728
146.5129	7.96	5.3103547999999996e-11	-2.28883e-05	2.9564e-05	4.10082e-05	135.0
148.0636	7.964	5.31302332e-11	1.43052e-05	0.0	1.62126e-05	2.118
149.6335	7.968	5.31569184e-11	-1.23978e-05	2.19346e-05	2.76567e-05	124.044
151.1915	7.972	5.31836036e-11	2.28883e-05	1.52589e-05	2.3842e-05	28.176
152.7669	7.976	5.3210288799999995e-11	0.0	-2.28883e-05	2.0981e-05	-59.352
154.3129	7.98	5.3236974e-11	2.00273e-05	-2.76567e-05	3.52862e-05	-43.494
155.8988	7.984	5.32636592e-11	-1.04905e-05	3.81473e-06	5.72208e-06	172.878
157.4484	7.988	5.32903444e-11	-2.0981e-05	0.0	1.90736e-05	165.966
159.0131	7.992	5.3317029599999994e-11	-1.14442e-05	1.52589e-05	1.90736e-05	137.862
160.5673	7.996	5.33437148e-11	-3.71935e-05	2.3842e-05	4.29156e-05	150.138
162.3769	8.0	5.33704e-11	-1.90736e-06	-6.67575e-06	7.62945e-06	-77.904
163.9453	8.004	5.3397085199999995e-11	-1.71663e-05	1.23978e-05	2.00273e-05	145.788
165.5112	8.008	5.3423770399999994e-11	-6.5804e-05	2.9564e-05	7.05724e-05	154.884
167.0574	8.012	5.34504556e-11	-3.33788e-05	2.86104e-06	3.24252e-05	176.496
168.6465	8.016	5.3477140799999996e-11	-2.47956e-05	3.81473e-06	2.19346e-05	156.798
170.2056	8.02	5.3503825999999995e-11	-1.23978e-05	-3.14715e-05	3.62399e-05	-123.426
171.7816	8.024	5.353051119999999e-11	-1.33515e-05	1.43052e-05	2.57493e-05	118.926
173.3312	8.028	5.35571964e-11	3.05178e-05	3.81473e-06	2.6703e-05	15.126
175.1311	8.032	5.3583881599999996e-11	3.81473e-06	-2.3842e-05	2.57493e-05	-77.622
176.7069	8.036	5.3610566799999994e-11	-3.14715e-05	1.33515e-05	3.71935e-05	143.496
178.2657	8.04	5.363725199999999e-11	1.52589e-05	0.0	1.33515e-05	14.742
179.8166	8.044	5.3663937200000003e-11	-4.7684e-06	-9.5368e-06	1.23978e-05	-142.596
181.6297	8.048	5.3690622399999995e-11	-1.71663e-05	-1.81199e-05	2.19346e-05	-132.396
183.2116	8.052	5.371730759999999e-11	1.23978e-05	1.23978e-05	1.23978e-05	112.836
184.7771	8.056	5.374399279999999e-11	-1.62126e-05	2.3842e-05	2.86103e-05	118.392
186.3431	8.06	5.3770678e-11	-2.86104e-06	-1.23978e-05	1.23978e-05	-67.164
187.9112	8.064	5.37973632e-11	1.14442e-05	1.14442e-05	1.90736e-05	37.236
189.4752	8.068	5.382404839999999e-11	-3.62399e-05	-2.3842e-05	4.86376e-05	-148.782
191.0265	8.072	5.385073359999999e-11	2.28883e-05	-7.62945e-06	2.57493e-05	-22.068
192.6323	8.076	5.38774188e-11	-1.90736e-06	2.00273e-05	2.28883e-05	105.522
194.4346	8.08	5.3904104e-11	9.5368e-06	-2.86104e-06	4.7684e-06	-53.13
196.0232	8.084	5.393078919999999e-11	2.28883e-05	-1.43052e-05	2.00273e-05	-45.0
197.5863	8.088	5.395747439999999e-11	-1.71663e-05	-2.86104e-06	2.0981e-05	-165.174
199.133	8.092	5.39841596e-11	5.72208e-06	1.33515e-05	1.52589e-05	57.726
200.6878	8.096	5.40108448e-11	-2.9564e-05	-9.5368e-06	2.86103e-05	-167.622
202.2408	8.1	5.403753e-11	-1.90736e-06	-2.86104e-06	4.7684e-06	-75.966
203.8349	8.104	5.406421519999999e-11	-1.62126e-05	-9.53682e-07	5.72208e-06	-168.69
205.3862	8.108	5.40909004e-11	1.52589e-05	1.43052e-05	1.90736e-05	53.532
207.233	8.112	5.41175856e-11	1.33515e-05	-6.67575e-06	1.43052e-05	-35.838
208.7822	8.116	5.4144270799999997e-11	-1.04905e-05	2.19346e-05	2.3842e-05	103.326
210.3656	8.12	5.4170955999999995e-11	-1.62126e-05	1.52589e-05	1.90736e-05	123.69
211.9629	8.124	5.41976412e-11	-1.23978e-05	-9.53682e-07	8.58313e-06	-142.122
213.7869	8.128	5.42243264e-11	2.00273e-05	1.52589e-05	2.86103e-05	21.57
215.337	8.132	5.4251011599999996e-11	1.81199e-05	-1.04905e-05	2.00273e-05	-22.482
216.9057	8.136	5.4277696799999994e-11	-3.81473e-06	-1.33515e-05	1.62126e-05	-77.904
218.4838	8.14	5.4304382e-11	6.67575e-06	3.81473e-06	1.71663e-05	-1.788
220.0571	8.144	5.43310672e-11	2.9564e-05	1.90736e-06	3.14715e-05	14.322
221.632	8.148	5.4357752399999995e-11	3.24252e-05	2.86104e-06	3.05178e-05	7.764
223.2386	8.152	5.4384437599999993e-11	-1.90736e-06	-1.90736e-06	2.86104e-06	-38.658
224.819	8.156	5.44111228e-11	-8.58313e-06	1.52589e-05	2.19346e-05	111.252
226.6383	8.16	5.4437807999999996e-11	-9.53682e-07	-1.14442e-05	1.04905e-05	-90.0
228.1761	8.164	5.4464493199999994e-11	-2.0981e-05	5.72208e-06	2.19346e-05	165.582
229.7418	8.168	5.449117839999999e-11	-5.14986e-05	1.71663e-05	5.53133e-05	158.07
231.2968	8.172	5.4517863600000004e-11	0.0	1.33515e-05	1.33515e-05	81.87
232.8447	8.176	5.4544548799999996e-11	-4.7684e-06	2.19346e-05	2.00273e-05	102.096
234.4262	8.18	5.4571233999999994e-11	-4.7684e-06	-4.7684e-06	1.43052e-05	-155.376
236.044	8.184	5.459791919999999e-11	2.86103e-05	-3.33788e-05	4.95913e-05	-49.638
237.5943	8.188	5.46246044e-11	-4.19619e-05	-1.62126e-05	4.19619e-05	-156.318
239.433	8.192	5.46512896e-11	-2.0981e-05	-1.14442e-05	2.47956e-05	-133.092
241.0037	8.196	5.467797479999999e-11	2.47956e-05	-1.52589e-05	3.05178e-05	-22.716
242.5576	8.2	5.470465999999999e-11	2.86104e-06	-5.72208e-06	5.72208e-06	-85.236
244.1022	8.204	5.47313452e-11	3.14715e-05	-3.81473e-06	2.6703e-05	-2.934
245.9303	8.208	5.47580304e-11	-4.67303e-05	-5.3406e-05	7.24797e-05	-129.612
247.4917	8.212	5.478471559999999e-11	-1.04905e-05	3.81473e-06	7.62945e-06	161.568
249.0768	8.216	5.481140079999999e-11	1.52589e-05	-4.86376e-05	5.0545e-05	-79.116
250.6483	8.22	5.4838086e-11	-7.62945e-06	8.58313e-06	5.72208e-06	111.804
252.1969	8.224	5.48647712e-11	1.52589e-05	4.7684e-06	1.71663e-05	27.474
253.7439	8.228	5.48914564e-11	3.24252e-05	3.71935e-05	4.86376e-05	49.398
255.3099	8.232	5.491814159999999e-11	9.5368e-06	2.19346e-05	2.19346e-05	84.642
256.8649	8.236	5.49448268e-11	-8.58313e-06	3.62399e-05	3.52862e-05	97.968
258.6858	8.24	5.4971512e-11	4.67303e-05	-1.52589e-05	4.57766e-05	-23.628
260.2704	8.244	5.49981972e-11	-1.04905e-05	3.81473e-06	1.04905e-05	140.712
261.843	8.248	5.5024882399999995e-11	-3.24252e-05	1.04905e-05	3.52862e-05	159.324
263.3897	8.252	5.50515676e-11	-1.62126e-05	3.52862e-05	3.91009e-05	112.692
264.9722	8.256	5.50782528e-11	-9.5368e-06	4.7684e-06	8.58313e-06	167.004
266.7832	8.26	5.5104937999999996e-11	1.81199e-05	-7.62945e-06	1.71663e-05	-25.56
268.3292	8.264	5.5131623199999995e-11	-6.67575e-06	-2.86104e-06	4.7684e-06	-141.342
269.8817	8.268	5.51583084e-11	8.58313e-06	-9.5368e-06	1.33515e-05	-48.816
271.4459	8.272	5.51849936e-11	1.23978e-05	-1.33515e-05	1.62126e-05	-36.384
273.0321	8.276	5.5211678799999996e-11	3.05178e-05	-3.71935e-05	5.0545e-05	-42.276
274.5967	8.28	5.5238363999999994e-11	0.0	-1.52589e-05	1.23978e-05	-90.0
276.1701	8.284	5.52650492e-11	0.0	1.52589e-05	1.90736e-05	84.642
277.9569	8.288	5.52917344e-11	-2.86104e-06	0.0	1.90736e-06	-158.196
279.5418	8.292	5.5318419599999995e-11	1.62126e-05	1.90736e-06	2.19346e-05	4.638
281.0927	8.296	5.534510479999999e-11	1.90736e-05	-2.0981e-05	3.05178e-05	-37.116
282.6628	8.3	5.5371790000000004e-11	-1.43052e-05	4.7684e-06	1.04905e-05	161.568
284.2444	8.304	5.5398475199999996e-11	-2.57493e-05	3.81473e-06	2.57493e-05	169.284
286.0634	8.308	5.5425160399999994e-11	9.5368e-06	-1.62126e-05	1.81199e-05	-66.798
287.6196	8.312	5.545184559999999e-11	2.28883e-05	-2.19346e-05	2.57493e-05	-46.17
289.1836	8.316	5.5478530800000004e-11	1.33515e-05	4.00546e-05	4.38693e-05	66.126
290.7472	8.32	5.5505216e-11	0.0	-1.14442e-05	1.33515e-05	-117.642
292.3223	8.324	5.5531901199999994e-11	-1.14442e-05	2.3842e-05	2.47956e-05	100.716
294.1438	8.328	5.555858639999999e-11	6.67575e-06	-2.6703e-05	2.6703e-05	-84.684
295.7073	8.332	5.55852716e-11	2.19346e-05	-3.81473e-06	1.71663e-05	-2.292
297.2542	8.336	5.56119568e-11	-3.05178e-05	6.67575e-06	3.33788e-05	162.978
299.0785	8.34	5.5638642e-11	-1.04905e-05	2.3842e-05	2.76567e-05	110.094
300.6505	8.344	5.566532719999999e-11	-3.33788e-05	1.62126e-05	3.43325e-05	153.948
302.1971	8.348	5.56920124e-11	0.0	-1.62126e-05	1.71663e-05	-113.748
303.7664	8.352	5.57186976e-11	-9.5368e-06	-3.81472e-05	4.00546e-05	-101.844
305.3685	8.356	5.57453828e-11	-4.7684e-06	-3.81473e-06	5.72208e-06	162.9
307.1727	8.36	5.577206799999999e-11	2.19346e-05	2.9564e-05	3.71935e-05	54.924
308.7233	8.364	5.57987532e-11	0.0	3.43325e-05	3.52862e-05	77.694
310.3083	8.368	5.58254384e-11	-2.28883e-05	6.67575e-06	1.62126e-05	147.096
311.8538	8.372	5.58521236e-11	-3.91009e-05	1.14442e-05	3.81472e-05	157.068
313.4129	8.376	5.5878808799999996e-11	-2.9564e-05	8.58313e-06	2.76567e-05	167.622
314.98	8.38	5.5905494e-11	-3.62399e-05	3.05178e-05	4.76839e-05	142.482
316.5476	8.384	5.59321792e-11	-2.6703e-05	-2.86104e-06	2.00273e-05	168.312
318.3457	8.388	5.59588644e-11	-4.7684e-06	1.14442e-05	1.04905e-05	98.748
319.9331	8.392	5.5985549599999995e-11	-5.72208e-06	-1.71663e-05	1.90736e-05	-114.144
321.4804	8.396	5.60122348e-11	2.57493e-05	2.19346e-05	3.52862e-05	41.286
323.0671	8.4	5.603892e-11	1.23978e-05	-1.14442e-05	1.52589e-05	-58.572
324.621	8.404	5.6065605199999996e-11	-1.62126e-05	-1.81199e-05	2.19346e-05	-130.032
326.4264	8.408	5.6092290399999994e-11	3.81473e-06	-1.81199e-05	1.71663e-05	-70.824
327.9782	8.412	5.6118975600000006e-11	1.14442e-05	-2.28883e-05	2.9564e-05	-53.364
329.541	8.416	5.61456608e-11	-3.33788e-05	4.7684e-06	3.14715e-05	171.162
331.3475	8.42	5.6172345999999996e-11	-3.14715e-05	0.0	3.24252e-05	168.906
332.9195	8.424	5.6199031199999994e-11	-4.7684e-06	8.58313e-06	5.72208e-06	63.438
334.4827	8.428	5.6225716400000005e-11	9.5368e-06	5.72208e-06	1.62126e-05	23.502
336.053	8.432	5.6252401599999997e-11	-1.43052e-05	-6.67575e-06	1.33515e-05	-144.78
337.6057	8.436	5.6279086799999995e-11	3.81473e-06	3.81473e-06	9.5368e-06	10.008
339.459	8.44	5.630577199999999e-11	-2.6703e-05	-2.47956e-05	2.76567e-05	-131.184
341.0121	8.444	5.6332457200000004e-11	0.0	-2.86104e-06	1.90736e-06	51.342
342.5944	8.448	5.63591424e-11	-1.23978e-05	1.81199e-05	1.33515e-05	112.62
344.1629	8.452	5.6385827599999994e-11	-3.81472e-05	3.81473e-06	3.62399e-05	174.612
345.7463	8.456	5.641251279999999e-11	5.72208e-06	1.90736e-05	2.19346e-05	90.0
347.3059	8.46	5.6439198000000003e-11	-2.00273e-05	-2.00273e-05	2.76567e-05	-133.026
348.8823	8.464	5.64658832e-11	-2.28883e-05	1.14442e-05	2.3842e-05	170.538
350.6687	8.468	5.64925684e-11	-6.67575e-06	-3.52862e-05	3.43325e-05	-97.818
352.2379	8.472	5.651925359999999e-11	-1.71663e-05	-5.72208e-06	1.71663e-05	-159.444
353.79	8.476	5.65459388e-11	8.58313e-06	8.58313e-06	1.04905e-05	75.066
355.353	8.48	5.6572624e-11	-2.86104e-06	-2.6703e-05	2.47956e-05	-97.308
356.9366	8.484	5.65993092e-11	1.81199e-05	-3.91009e-05	3.91009e-05	-59.034
358.7927	8.488	5.66259944e-11	5.72208e-06	-1.04905e-05	8.58313e-06	-52.122
360.3437	8.492	5.66526796e-11	5.72208e-06	-8.58313e-06	7.62945e-06	-100.308
361.8932	8.496	5.66793648e-11	-6.67575e-06	3.81473e-06	8.58313e-06	122.472
363.7036	8.5	5.670605e-11	3.52862e-05	-3.43325e-05	4.38693e-05	-48.216
365.2844	8.504	5.6732735199999996e-11	-4.19619e-05	-9.5368e-06	3.52862e-05	-157.992
366.8397	8.508	5.675942039999999e-11	-4.7684e-06	-2.6703e-05	2.57493e-05	-100.44
368.4216	8.512	5.67861056e-11	3.05178e-05	5.72208e-06	3.05178e-05	27.12
369.9986	8.516	5.68127908e-11	-4.7684e-06	-1.90736e-06	5.72208e-06	-112.38
371.8587	8.52	5.6839475999999996e-11	3.81473e-06	9.5368e-06	9.5368e-06	10.62
373.4036	8.524	5.6866161199999994e-11	1.04905e-05	-1.23978e-05	1.52589e-05	-57.726
375.0046	8.528	5.68928464e-11	-7.62945e-06	-2.86104e-06	3.81473e-06	180.0
376.5717	8.532	5.69195316e-11	1.62126e-05	-1.62126e-05	2.76567e-05	-58.812
378.1616	8.536	5.6946216799999995e-11	-2.47956e-05	1.90736e-06	1.52589e-05	180.0
379.7042	8.54	5.697290199999999e-11	-9.53682e-07	-1.81199e-05	2.0981e-05	-104.826
381.296	8.544	5.69995872e-11	0.0	-3.81473e-06	7.62945e-06	3.816
383.1318	8.548	5.7026272399999996e-11	2.00273e-05	-4.7684e-06	1.90736e-05	11.688
384.6988	8.552	5.7052957599999994e-11	4.19619e-05	1.52589e-05	4.29156e-05	17.04
386.2646	8.556	5.707964279999999e-11	2.00273e-05	-1.90736e-06	1.43052e-05	4.086
387.8278	8.56	5.7106328000000004e-11	-2.00273e-05	1.90736e-06	2.57493e-05	178.638
389.3972	8.564	5.7133013199999995e-11	2.47956e-05	-4.7684e-06	2.47956e-05	-6.168
391.2031	8.568	5.7159698399999994e-11	1.90736e-05	-1.90736e-05	2.28883e-05	-45.0
392.7933	8.572	5.718638359999999e-11	4.76839e-05	9.53682e-07	4.10082e-05	-3.942
394.3445	8.576	5.72130688e-11	1.04905e-05	8.58313e-06	1.90736e-05	19.536
395.9028	8.58	5.7239753999999995e-11	5.0545e-05	2.86103e-05	5.72207e-05	29.502
397.474	8.584	5.726643919999999e-11	6.10356e-05	6.67575e-06	5.9128e-05	7.68
399.0219	8.588	5.729312439999999e-11	2.9564e-05	-9.53682e-07	3.05178e-05	1.146
400.6257	8.592	5.73198096e-11	5.53133e-05	9.5368e-06	6.2943e-05	14.598
402.1787	8.596	5.73464948e-11	8.58312e-05	1.23978e-05	8.58312e-05	6.792
403.9954	8.6	5.737317999999999e-11	0.000127793	2.19346e-05	0.000132562	7.728
405.5682	8.604	5.739986519999999e-11	0.000125886	4.48229e-05	0.00013733	16.776
407.1523	8.608	5.74265504e-11	0.000123979	4.57766e-05	0.000129701	18.342
408.7038	8.612	5.74532356e-11	0.000120163	1.52589e-05	0.000121117	8.484
410.2684	8.616	5.74799208e-11	0.000144006	3.71935e-05	0.00014782	15.342
411.8178	8.62	5.750660599999999e-11	5.14986e-05	4.00546e-05	6.5804e-05	40.104
413.3851	8.624	5.75332912e-11	0.000117302	5.3406e-05	0.000128747	26.172
415.2111	8.628	5.75599764e-11	0.000142098	7.91554e-05	0.000167848	29.832
416.7924	8.632	5.75866616e-11	0.000130654	9.53679e-05	0.000158311	36.318
418.3743	8.636	5.761334679999999e-11	0.000107766	7.05724e-05	0.000132562	32.598
419.9234	8.64	5.7640032e-11	9.72752e-05	5.9128e-05	0.000117302	32.106
421.4785	8.644	5.76667172e-11	6.96187e-05	5.81744e-05	9.25069e-05	37.032
423.2818	8.648	5.7693402399999996e-11	3.81472e-05	8.39238e-05	9.05995e-05	71.7
424.8467	8.652	5.7720087599999994e-11	-2.86104e-06	6.5804e-05	6.38966e-05	97.956
426.4226	8.656	5.77467728e-11	2.28883e-05	5.24523e-05	5.72207e-05	61.968
427.9829	8.66	5.7773458e-11	-1.90736e-05	3.71935e-05	4.00546e-05	108.138
429.5503	8.664	5.7800143199999996e-11	-3.62399e-05	6.67575e-06	3.05178e-05	178.668
431.1318	8.668	5.7826828399999994e-11	-4.57766e-05	2.9564e-05	5.53133e-05	145.386
432.6819	8.672	5.78535136e-11	-9.15532e-05	-7.62945e-06	8.67848e-05	-172.374
434.2528	8.676	5.7880198799999997e-11	-2.47956e-05	4.38693e-05	4.86376e-05	109.914
436.0898	8.68	5.7906883999999995e-11	-5.14986e-05	-2.47956e-05	4.76839e-05	-143.472
437.6567	8.684	5.793356919999999e-11	-4.29156e-05	-1.43052e-05	4.57766e-05	-161.052
439.2096	8.688	5.7960254400000004e-11	-6.67577e-05	0.0	6.48503e-05	178.23
440.7799	8.692	5.7986939599999996e-11	3.81473e-06	-2.76567e-05	2.57493e-05	-106.146
442.3405	8.696	5.8013624799999994e-11	-5.24523e-05	-2.9564e-05	5.53133e-05	-146.31
443.9328	8.7	5.804030999999999e-11	-6.19893e-05	-4.00546e-05	6.77113e-05	-147.342
445.5083	8.704	5.8066995200000003e-11	-4.57766e-05	-3.33788e-05	5.6267e-05	-152.838
447.3314	8.708	5.8093680399999995e-11	-7.62945e-06	-5.6267e-05	5.43597e-05	-99.708
448.9219	8.712	5.8120365599999993e-11	-9.5368e-06	-3.81472e-05	4.19619e-05	-102.804
450.5016	8.716	5.814705079999999e-11	-2.47956e-05	-4.00546e-05	4.19619e-05	-108.996
452.0658	8.72	5.8173736e-11	-3.71935e-05	-1.43052e-05	4.00546e-05	-161.274
453.6635	8.724	5.82004212e-11	-1.43052e-05	-6.67575e-06	2.76567e-05	-172.476
455.472	8.728	5.82271064e-11	1.04905e-05	-3.14715e-05	3.14715e-05	-63.972
457.0611	8.732	5.82537916e-11	-4.67303e-05	-2.3842e-05	4.95913e-05	-148.338
458.6243	8.736	5.82804768e-11	-4.00546e-05	-3.14715e-05	5.0545e-05	-139.806
460.4625	8.74	5.8307162e-11	-2.9564e-05	-2.28883e-05	3.91009e-05	-141.486
462.0133	8.744	5.833384719999999e-11	-6.67577e-05	8.58313e-06	6.48503e-05	173.394
463.562	8.748	5.836053239999999e-11	-1.81199e-05	-3.43325e-05	3.91009e-05	-119.148
465.161	8.752	5.83872176e-11	-3.91009e-05	1.23978e-05	3.52862e-05	149.826
466.713	8.756	5.84139028e-11	-9.5368e-06	-9.5368e-06	1.62126e-05	-160.908
468.5386	8.76	5.8440588e-11	5.72208e-06	-1.81199e-05	1.90736e-05	-91.974
470.103	8.764	5.84672732e-11	9.5368e-06	7.62945e-06	1.71663e-05	67.83
471.6932	8.768	5.849395840000001e-11	-1.33515e-05	-3.81473e-06	9.5368e-06	-175.914
473.2739	8.772	5.852064359999999e-11	-2.86104e-06	-4.7684e-06	5.72208e-06	-52.122
474.8566	8.776	5.854732879999999e-11	-2.76567e-05	-1.14442e-05	2.76567e-05	-172.692
476.4239	8.78	5.857401399999999e-11	-9.5368e-06	1.90736e-06	3.81473e-06	90.0
477.9777	8.784	5.86006992e-11	9.5368e-06	1.33515e-05	1.90736e-05	68.496
479.7778	8.788	5.86273844e-11	-1.33515e-05	-1.90736e-06	8.58313e-06	-150.948
481.346	8.792	5.86540696e-11	-6.67575e-06	-1.90736e-06	1.14442e-05	-164.052
482.9148	8.796	5.86807548e-11	-3.24252e-05	3.91009e-05	4.76839e-05	120.258
484.5006	8.8	5.870744e-11	-1.90736e-06	1.23978e-05	1.23978e-05	111.252
486.0519	8.804	5.87341252e-11	5.72208e-06	-2.28883e-05	2.28883e-05	-65.556
487.854	8.808	5.87608104e-11	-2.76567e-05	-3.05178e-05	3.91009e-05	-123.15
489.403	8.812	5.878749559999999e-11	-1.14442e-05	2.28883e-05	2.3842e-05	111.504
490.9936	8.816	5.88141808e-11	-2.86104e-06	-2.86104e-06	1.90736e-06	97.596
492.5543	8.82	5.8840866e-11	-1.90736e-06	1.04905e-05	1.33515e-05	72.348
494.1529	8.824	5.88675512e-11	-1.33515e-05	-1.14442e-05	1.23978e-05	-98.97
495.7217	8.828	5.889423639999999e-11	-6.67575e-06	3.81473e-06	7.62945e-06	146.31
497.3097	8.832	5.89209216e-11	3.33788e-05	-3.81473e-06	3.43325e-05	-18.432
498.8774	8.836	5.89476068e-11	-4.7684e-06	-6.67575e-06	1.52589e-05	-165.468
500.695	8.84	5.8974292e-11	4.7684e-06	-1.90736e-06	9.53682e-07	-146.31
502.2494	8.844	5.90009772e-11	-8.58313e-06	-1.43052e-05	1.52589e-05	-102.264
503.8117	8.848	5.90276624e-11	3.81473e-06	0.0	4.7684e-06	-18.432
505.3972	8.852	5.90543476e-11	5.72208e-06	-9.53682e-07	1.33515e-05	-8.748
506.9454	8.856	5.908103279999999e-11	-9.5368e-06	-9.53682e-07	9.5368e-06	163.608
508.7574	8.86	5.910771799999999e-11	-4.19619e-05	-2.76567e-05	4.57766e-05	-135.0
510.3342	8.864	5.91344032e-11	-2.00273e-05	1.90736e-06	1.33515e-05	-159.774
511.9223	8.868	5.91610884e-11	1.04905e-05	3.05178e-05	3.43325e-05	62.448
513.4885	8.872	5.91877736e-11	1.23978e-05	1.04905e-05	1.71663e-05	29.478
515.0533	8.876	5.92144588e-11	-2.3842e-05	1.81199e-05	2.3842e-05	117.348
516.6419	8.88	5.924114400000001e-11	9.5368e-06	-9.5368e-06	1.43052e-05	-30.468
518.2051	8.884	5.926782919999999e-11	2.0981e-05	0.0	1.90736e-05	-1.974
520.0176	8.888	5.929451439999999e-11	-2.47956e-05	-1.62126e-05	2.3842e-05	-142.122
521.5965	8.892	5.932119959999999e-11	-1.43052e-05	-2.00273e-05	2.86103e-05	-143.88
523.1663	8.896	5.93478848e-11	1.33515e-05	-1.14442e-05	1.52589e-05	-25.2
524.7616	8.9	5.937457e-11	2.57493e-05	2.86104e-06	1.71663e-05	27.9
526.3265	8.904	5.94012552e-11	-1.33515e-05	2.86104e-06	8.58313e-06	122.472
528.1479	8.908	5.94279404e-11	-1.71663e-05	1.90736e-05	2.9564e-05	127.092
529.7011	8.912	5.945462560000001e-11	-2.3842e-05	3.62399e-05	4.19619e-05	119.406
531.2828	8.916	5.94813108e-11	-6.67575e-06	-1.62126e-05	1.90736e-05	-93.69
533.0942	8.92	5.950799599999999e-11	-3.33788e-05	-1.33515e-05	3.24252e-05	-154.98
534.6597	8.924	5.953468119999999e-11	-3.14715e-05	3.81473e-06	3.05178e-05	178.782
536.2278	8.928	5.95613664e-11	-9.5368e-06	1.33515e-05	1.52589e-05	96.84
537.812	8.932	5.95880516e-11	9.5368e-06	1.62126e-05	1.90736e-05	71.568
539.3777	8.936	5.96147368e-11	-2.86104e-06	-1.43052e-05	1.43052e-05	-87.51
540.9419	8.94	5.9641422e-11	1.33515e-05	1.43052e-05	1.71663e-05	66.252
542.5125	8.944	5.96681072e-11	2.19346e-05	1.04905e-05	1.52589e-05	27.9
544.0809	8.948	5.96947924e-11	1.71663e-05	2.57493e-05	2.57493e-05	65.556
545.9188	8.952	5.97214776e-11	2.0981e-05	8.58313e-06	1.90736e-05	32.622
547.4819	8.956	5.97481628e-11	1.62126e-05	2.3842e-05	3.62399e-05	48.366
549.0719	8.96	5.9774848e-11	-1.90736e-05	4.7684e-06	1.90736e-05	150.948
550.6378	8.964	5.98015332e-11	2.00273e-05	9.5368e-06	1.90736e-05	14.532
552.4427	8.968	5.98282184e-11	2.3842e-05	-2.3842e-05	3.62399e-05	-39.936
554.011	8.972	5.985490359999999e-11	5.72208e-06	-7.62945e-06	1.23978e-05	-31.428
555.5776	8.976	5.98815888e-11	-1.14442e-05	1.71663e-05	1.90736e-05	131.988
557.1299	8.98	5.9908274e-11	2.86104e-06	-5.72208e-06	3.81473e-06	-14.034
558.7261	8.984	5.99349592e-11	1.71663e-05	-2.76567e-05	3.05178e-05	-47.64
560.2931	8.988	5.99616444e-11	-2.47956e-05	8.58313e-06	2.76567e-05	168.18
561.8773	8.992	5.99883296e-11	1.43052e-05	1.90736e-06	1.23978e-05	25.2
563.4309	8.996	6.00150148e-11	3.05178e-05	-9.5368e-06	3.24252e-05	-18.798
565.2861	9.0	6.004169999999999e-11	-6.67575e-06	-1.04905e-05	1.52589e-05	-122.472
566.8475	9.004	6.006838519999999e-11	-1.90736e-06	8.58313e-06	1.04905e-05	110.226
568.438	9.008	6.009507039999999e-11	9.5368e-06	8.58313e-06	2.57493e-05	16.818
570.0283	9.012	6.01217556e-11	-1.14442e-05	-3.62399e-05	3.43325e-05	-103.17
571.6106	9.016	6.01484408e-11	2.19346e-05	3.62399e-05	4.57766e-05	57.408
573.4434	9.02	6.0175126e-11	3.43325e-05	2.00273e-05	3.81472e-05	33.408
575.0247	9.024	6.02018112e-11	-1.62126e-05	2.57493e-05	3.52862e-05	106.218
576.6015	9.028	6.02284964e-11	-1.62126e-05	3.81473e-06	1.71663e-05	159.678
578.1757	9.032	6.025518159999999e-11	-1.62126e-05	-2.3842e-05	2.57493e-05	-121.506
579.7207	9.036	6.028186679999999e-11	-4.7684e-06	1.90736e-06	1.90736e-06	0.0
581.2906	9.04	6.030855199999999e-11	1.14442e-05	2.86104e-06	1.81199e-05	1.848
582.8624	9.044	6.03352372e-11	-4.7684e-06	9.5368e-06	1.04905e-05	78.114
584.6979	9.048	6.03619224e-11	-6.67575e-06	-1.81199e-05	2.0981e-05	-95.574
586.2464	9.052	6.03886076e-11	-4.7684e-06	-1.62126e-05	1.71663e-05	-107.82
587.8261	9.056	6.041529279999999e-11	2.57493e-05	5.72208e-06	2.47956e-05	22.38
589.3789	9.06	6.0441978e-11	2.47956e-05	-1.43052e-05	2.86103e-05	-29.58
590.963	9.064	6.04686632e-11	0.0	1.90736e-06	0.0	-90.0
592.7927	9.068	6.049534839999999e-11	0.0	-1.04905e-05	1.14442e-05	-67.62
594.374	9.072	6.052203359999999e-11	4.86376e-05	2.86104e-06	5.0545e-05	-8.97
595.9425	9.076	6.05487188e-11	-1.43052e-05	-1.04905e-05	1.62126e-05	-156.798
597.7621	9.08	6.0575404e-11	0.0	9.5368e-06	1.14442e-05	45.0
599.3462	9.084	6.06020892e-11	-6.67575e-06	-3.81473e-06	4.7684e-06	-98.13
600.9137	9.088	6.062877439999999e-11	-1.14442e-05	2.19346e-05	2.3842e-05	100.008
602.4798	9.092	6.06554596e-11	0.0	1.23978e-05	1.14442e-05	79.992
604.0438	9.096	6.06821448e-11	2.3842e-05	-1.14442e-05	3.05178e-05	-8.13
605.8648	9.1	6.070883e-11	3.05178e-05	1.62126e-05	3.71935e-05	24.276
607.418	9.104	6.07355152e-11	1.62126e-05	-6.67575e-06	2.0981e-05	-14.826
608.9666	9.108	6.07622004e-11	-1.33515e-05	1.52589e-05	1.71663e-05	107.1
610.5653	9.112	6.07888856e-11	2.57493e-05	-2.6703e-05	2.9564e-05	-58.572
612.1577	9.116	6.081557079999999e-11	1.33515e-05	0.0	1.71663e-05	0.0
613.7083	9.12	6.084225599999999e-11	-3.81472e-05	2.57493e-05	4.38693e-05	139.866
615.2917	9.124	6.08689412e-11	3.05178e-05	-1.90736e-06	2.19346e-05	5.526
617.1105	9.128	6.08956264e-11	-1.33515e-05	1.62126e-05	1.52589e-05	81.03
618.6765	9.132	6.09223116e-11	-2.86103e-05	-1.33515e-05	3.81472e-05	-153.852
620.2776	9.136	6.09489968e-11	-7.62945e-06	-1.71663e-05	2.00273e-05	-117.3
621.8462	9.14	6.0975682e-11	2.3842e-05	4.10082e-05	4.48229e-05	62.28
623.3904	9.144	6.100236719999999e-11	-1.71663e-05	-1.90736e-06	1.62126e-05	-173.16
625.2219	9.148	6.102905239999999e-11	3.81473e-06	-9.53682e-07	7.62945e-06	0.0
626.7685	9.152	6.105573759999999e-11	-2.47956e-05	5.72208e-06	2.76567e-05	163.182
628.3352	9.156	6.10824228e-11	-1.33515e-05	9.5368e-06	1.52589e-05	138.576
630.1761	9.16	6.1109108e-11	3.81473e-06	4.7684e-06	1.90736e-06	161.568
631.7465	9.164	6.11357932e-11	-2.6703e-05	1.52589e-05	2.76567e-05	146.31
633.2899	9.168	6.11624784e-11	-8.58313e-06	-3.24252e-05	3.24252e-05	-100.842
634.8578	9.172	6.11891636e-11	-1.52589e-05	8.58313e-06	1.43052e-05	129.804
636.4252	9.176	6.12158488e-11	-1.43052e-05	-3.81473e-06	1.81199e-05	-160.974
638.2685	9.18	6.124253399999999e-11	1.62126e-05	-1.04905e-05	2.00273e-05	-40.032
639.8174	9.184	6.126921919999999e-11	3.24252e-05	-1.23978e-05	3.62399e-05	-14.532
641.4136	9.188	6.12959044e-11	1.62126e-05	5.72208e-06	1.33515e-05	59.418
642.9734	9.192	6.13225896e-11	0.0	1.04905e-05	9.5368e-06	94.398
644.5523	9.196	6.13492748e-11	-2.3842e-05	1.71663e-05	3.14715e-05	144.324
646.1204	9.2	6.137595999999999e-11	3.81473e-06	1.33515e-05	1.23978e-05	90.0
647.6715	9.204	6.14026452e-11	-6.67575e-06	-1.33515e-05	1.23978e-05	-92.862
649.4643	9.208	6.14293304e-11	0.0	-9.53682e-07	1.90736e-06	-165.966
651.0314	9.212	6.14560156e-11	9.53682e-07	8.58313e-06	1.04905e-05	40.914
652.5745	9.216	6.148270079999999e-11	2.19346e-05	1.90736e-06	2.28883e-05	14.826
654.1582	9.22	6.1509386e-11	-2.86104e-06	1.62126e-05	1.90736e-05	116.562
655.7293	9.224	6.15360712e-11	-2.86104e-06	-3.33788e-05	3.24252e-05	-96.462
657.5327	9.228	6.15627564e-11	8.58313e-06	-3.14715e-05	3.24252e-05	-75.678
659.1214	9.232	6.158944159999999e-11	3.81473e-06	1.62126e-05	1.23978e-05	90.0
660.6556	9.236	6.16161268e-11	-1.90736e-06	-2.19346e-05	1.90736e-05	-82.146
662.2357	9.24	6.1642812e-11	-4.67303e-05	2.28883e-05	5.43597e-05	158.46
663.8073	9.244	6.16694972e-11	-1.71663e-05	-1.71663e-05	2.86103e-05	-141.912
665.3538	9.248	6.16961824e-11	-3.43325e-05	-2.00273e-05	4.38693e-05	-156.798
666.9421	9.252	6.17228676e-11	-2.0981e-05	-3.05178e-05	3.05178e-05	-105.018
668.5034	9.256	6.17495528e-11	-1.52589e-05	-4.00546e-05	4.00546e-05	-114.36
670.3252	9.26	6.177623799999999e-11	1.23978e-05	-4.67303e-05	4.57766e-05	-80.538
671.9276	9.264	6.180292319999999e-11	-6.67575e-06	-7.62945e-06	8.58313e-06	-129.288
673.4926	9.268	6.18296084e-11	0.0	-6.67575e-06	3.81473e-06	-71.568
675.0789	9.272	6.18562936e-11	1.14442e-05	0.0	1.33515e-05	15.948
676.6429	9.276	6.18829788e-11	1.71663e-05	-3.33788e-05	4.00546e-05	-56.07
678.213	9.28	6.1909664e-11	3.33788e-05	2.6703e-05	4.10082e-05	41.55
679.778	9.284	6.193634920000001e-11	-1.33515e-05	8.58313e-06	1.04905e-05	123.69
681.5872	9.288	6.196303439999999e-11	2.3842e-05	1.23978e-05	2.76567e-05	24.678
683.1697	9.292	6.198971959999999e-11	1.33515e-05	-4.00546e-05	4.29156e-05	-71.568
684.7518	9.296	6.201640479999999e-11	-1.90736e-06	7.62945e-06	1.04905e-05	143.748
686.3391	9.3	6.204309e-11	2.47956e-05	-1.71663e-05	3.14715e-05	-36.87
687.9476	9.304	6.20697752e-11	-1.71663e-05	8.58313e-06	2.19346e-05	163.14
689.76	9.308	6.20964604e-11	-1.33515e-05	8.58313e-06	1.23978e-05	135.0
691.3099	9.312	6.21231456e-11	-1.14442e-05	-2.57493e-05	2.76567e-05	-118.494
692.8778	9.316	6.21498308e-11	-9.5368e-06	-2.3842e-05	2.3842e-05	-131.496
694.4385	9.32	6.2176516e-11	2.6703e-05	2.47956e-05	3.81472e-05	41.55
695.9943	9.324	6.22032012e-11	9.53682e-07	0.0	1.23978e-05	9.162
697.8032	9.328	6.222988639999999e-11	-3.62399e-05	1.23978e-05	4.48229e-05	160.02
699.3732	9.332	6.22565716e-11	3.81473e-06	-1.90736e-06	1.23978e-05	5.196
700.9345	9.336	6.22832568e-11	-1.04905e-05	2.86103e-05	2.86103e-05	105.018
702.7749	9.34	6.2309942e-11	2.00273e-05	-2.86104e-06	2.19346e-05	-1.788
704.3225	9.344	6.233662719999999e-11	-2.6703e-05	2.28883e-05	3.52862e-05	142.908
705.8955	9.348	6.23633124e-11	-1.71663e-05	2.86104e-06	1.71663e-05	175.764
707.4418	9.352	6.23899976e-11	-1.33515e-05	-1.33515e-05	2.19346e-05	-136.08
708.9933	9.356	6.24166828e-11	-4.19619e-05	1.23978e-05	4.19619e-05	161.568
710.806	9.36	6.2443368e-11	-1.90736e-05	2.19346e-05	3.05178e-05	121.158
712.3659	9.364	6.24700532e-11	-6.67575e-06	2.86103e-05	3.05178e-05	100.842
713.9163	9.368	6.24967384e-11	-1.90736e-06	-1.71663e-05	1.52589e-05	-73.074
715.5188	9.372	6.252342359999999e-11	-1.33515e-05	-2.86104e-06	1.14442e-05	166.758
717.0733	9.376	6.255010879999999e-11	-2.3842e-05	0.0	2.19346e-05	167.664
718.649	9.38	6.2576794e-11	-1.62126e-05	1.23978e-05	1.33515e-05	126.252
720.2233	9.384	6.26034792e-11	8.58313e-06	8.58313e-06	8.58313e-06	95.712
722.0595	9.388	6.26301644e-11	-5.72208e-06	-1.62126e-05	1.90736e-05	-126.156
723.6125	9.392	6.26568496e-11	-1.43052e-05	6.67575e-06	1.52589e-05	145.62
725.1814	9.396	6.268353480000001e-11	2.9564e-05	-6.67575e-06	2.28883e-05	-20.772
726.7415	9.4	6.271022e-11	-2.86104e-06	1.90736e-05	1.90736e-05	114.906
728.3326	9.404	6.273690519999999e-11	2.9564e-05	-2.47956e-05	3.52862e-05	-45.828
730.1387	9.408	6.276359039999999e-11	5.72208e-06	-2.6703e-05	2.6703e-05	-74.25
731.6998	9.412	6.27902756e-11	-3.33788e-05	-2.00273e-05	3.52862e-05	-150.948
733.2718	9.416	6.28169608e-11	-9.53682e-07	-1.81199e-05	1.71663e-05	-73.494
735.0728	9.42	6.2843646e-11	3.81472e-05	3.05178e-05	5.24523e-05	34.284
736.6726	9.424	6.28703312e-11	-9.5368e-06	-2.3842e-05	2.57493e-05	-109.23
738.2629	9.428	6.289701640000001e-11	1.81199e-05	-6.67575e-06	1.04905e-05	-65.556
739.8237	9.432	6.29237016e-11	-9.53682e-07	1.23978e-05	1.43052e-05	75.378
741.3795	9.436	6.295038679999999e-11	-3.81472e-05	-9.53682e-07	3.24252e-05	-169.38
743.217	9.44	6.297707199999999e-11	1.14442e-05	-6.67575e-06	1.14442e-05	-28.074
744.7806	9.444	6.30037572e-11	-2.3842e-05	2.57493e-05	3.71935e-05	135.0
746.3499	9.448	6.30304424e-11	-1.04905e-05	-3.62399e-05	3.71935e-05	-99.948
747.9521	9.452	6.30571276e-11	1.90736e-06	9.5368e-06	9.5368e-06	113.202
749.5372	9.456	6.30838128e-11	3.81473e-06	1.23978e-05	1.33515e-05	97.764
751.0851	9.46	6.3110498e-11	1.71663e-05	-2.47956e-05	2.57493e-05	-62.1
752.6556	9.464	6.31371832e-11	1.62126e-05	-2.19346e-05	2.57493e-05	-38.658
754.4602	9.468	6.31638684e-11	-1.04905e-05	2.86104e-06	9.5368e-06	172.404
756.0073	9.472	6.31905536e-11	1.90736e-06	-3.14715e-05	3.05178e-05	-67.482
757.5762	9.476	6.32172388e-11	-6.67575e-06	0.0	2.86104e-06	90.0
759.1605	9.48	6.3243924e-11	3.52862e-05	3.05178e-05	4.86376e-05	32.172
760.7067	9.484	6.32706092e-11	1.33515e-05	0.0	1.81199e-05	0.0
762.544	9.488	6.329729439999999e-11	-3.81473e-06	-1.52589e-05	1.52589e-05	-113.502
764.1123	9.492	6.33239796e-11	-9.5368e-06	8.58313e-06	1.04905e-05	86.184
765.6977	9.496	6.33506648e-11	-1.71663e-05	9.5368e-06	1.90736e-05	160.344
767.2993	9.5	6.337735e-11	3.05178e-05	-1.43052e-05	3.14715e-05	-26.004
768.8661	9.504	6.34040352e-11	-9.5368e-06	-3.81472e-05	3.91009e-05	-98.532
770.4287	9.508	6.34307204e-11	1.04905e-05	-1.81199e-05	2.0981e-05	-57.804
771.9821	9.512	6.34574056e-11	2.57493e-05	-9.53682e-07	2.6703e-05	5.574
773.5529	9.516	6.348409079999999e-11	-3.52862e-05	8.58313e-06	3.14715e-05	151.296
775.3907	9.52	6.351077599999999e-11	1.52589e-05	-4.86376e-05	5.24523e-05	-68.46
776.9401	9.524	6.353746119999999e-11	2.86104e-06	2.76567e-05	2.86103e-05	83.37
778.5098	9.528	6.35641464e-11	0.0	2.3842e-05	2.3842e-05	91.506
780.0603	9.532	6.35908316e-11	1.14442e-05	-1.23978e-05	2.19346e-05	-34.116
781.6081	9.536	6.36175168e-11	4.38693e-05	-1.71663e-05	4.48229e-05	-25.794
783.1972	9.54	6.3644202e-11	1.52589e-05	5.72208e-06	1.62126e-05	28.812
784.7635	9.544	6.367088719999999e-11	-9.5368e-06	-3.52862e-05	3.33788e-05	-102.654
786.5635	9.548	6.369757239999999e-11	9.5368e-06	-1.14442e-05	1.71663e-05	-29.25
788.1303	9.552	6.372425759999999e-11	1.04905e-05	-2.00273e-05	2.19346e-05	-59.622
789.6977	9.556	6.375094279999999e-11	-4.7684e-06	-1.71663e-05	2.57493e-05	-99.246
791.2975	9.56	6.3777628e-11	-4.57766e-05	5.72208e-06	4.10082e-05	-179.046
792.8566	9.564	6.38043132e-11	3.24252e-05	6.67575e-06	3.24252e-05	10.842
794.672	9.568	6.38309984e-11	6.67575e-06	-4.19619e-05	4.19619e-05	-76.398
796.2251	9.572	6.38576836e-11	1.71663e-05	-5.3406e-05	5.6267e-05	-75.156
797.8118	9.576	6.38843688e-11	5.0545e-05	4.7684e-06	4.95913e-05	7.326
799.6159	9.58	6.3911054e-11	-1.62126e-05	5.6267e-05	5.9128e-05	95.646
801.1791	9.584	6.393773919999999e-11	2.0981e-05	-9.53682e-07	2.00273e-05	-25.77
802.7489	9.588	6.396442439999999e-11	3.81473e-06	-3.81472e-05	3.71935e-05	-68.586
804.3045	9.592	6.39911096e-11	-1.14442e-05	3.24252e-05	3.71935e-05	125.076
805.8984	9.596	6.40177948e-11	-8.58313e-06	3.81473e-06	7.62945e-06	112.62
807.4513	9.6	6.404448e-11	1.71663e-05	1.90736e-05	2.3842e-05	60.066
809.0179	9.604	6.407116519999999e-11	3.81473e-06	1.81199e-05	1.71663e-05	90.0
810.5669	9.608	6.40978504e-11	-1.62126e-05	-1.71663e-05	2.19346e-05	-139.968
812.1417	9.612	6.41245356e-11	-4.7684e-06	-1.43052e-05	1.14442e-05	-101.31
813.7348	9.616	6.41512208e-11	-1.33515e-05	-6.67575e-06	1.81199e-05	-168.312
815.3033	9.62	6.417790599999999e-11	1.23978e-05	-6.67575e-06	3.81473e-06	-135.0
816.8893	9.624	6.42045912e-11	2.0981e-05	7.62945e-06	2.19346e-05	13.626
818.6892	9.628	6.42312764e-11	2.47956e-05	-3.33788e-05	4.19619e-05	-52.596
820.2793	9.632	6.425796159999999e-11	3.43325e-05	3.33788e-05	4.86376e-05	53.586
821.8428	9.636	6.428464679999999e-11	-1.04905e-05	2.19346e-05	2.19346e-05	93.468
823.411	9.64	6.4311332e-11	-2.0981e-05	1.33515e-05	2.6703e-05	152.178
824.9761	9.644	6.43380172e-11	1.52589e-05	8.58313e-06	2.0981e-05	36.528
826.5642	9.648	6.43647024e-11	4.38693e-05	4.19619e-05	6.00817e-05	45.456
828.109	9.652	6.43913876e-11	4.57766e-05	0.0	4.38693e-05	1.818
829.6638	9.656	6.44180728e-11	4.10082e-05	1.52589e-05	4.38693e-05	16.782
831.4555	9.66	6.444475799999999e-11	1.14442e-05	3.33788e-05	3.62399e-05	57.996
833.0496	9.664	6.447144319999999e-11	-4.7684e-06	-1.04905e-05	3.81473e-06	11.31
834.6325	9.668	6.449812839999999e-11	5.24523e-05	-1.23978e-05	5.0545e-05	-10.236
836.2211	9.672	6.45248136e-11	2.57493e-05	-2.86104e-06	2.3842e-05	6.168
837.8073	9.676	6.45514988e-11	4.48229e-05	-1.04905e-05	4.48229e-05	-15.336
839.6121	9.68	6.4578184e-11	1.90736e-05	-4.00546e-05	4.38693e-05	-64.206
841.1913	9.684	6.46048692e-11	1.33515e-05	3.91009e-05	4.29156e-05	63.438
842.7634	9.688	6.46315544e-11	2.3842e-05	-3.81473e-06	3.05178e-05	-18.798
844.3288	9.692	6.465823959999999e-11	-2.00273e-05	-1.71663e-05	2.00273e-05	-115.56
845.9121	9.696	6.468492479999999e-11	-1.14442e-05	8.58313e-06	1.81199e-05	143.532
847.4576	9.7	6.471160999999999e-11	-2.3842e-05	1.52589e-05	2.57493e-05	143.43
849.0417	9.704	6.47382952e-11	4.38693e-05	2.19346e-05	5.0545e-05	25.2
850.8704	9.708	6.47649804e-11	2.9564e-05	9.5368e-06	2.9564e-05	28.302
852.4341	9.712	6.47916656e-11	-1.14442e-05	2.6703e-05	2.86103e-05	82.566
853.9821	9.716	6.48183508e-11	3.71935e-05	5.14986e-05	6.38966e-05	50.964
855.5534	9.72	6.4845036e-11	1.71663e-05	2.57493e-05	3.24252e-05	55.374
857.1517	9.724	6.48717212e-11	1.90736e-06	-3.81473e-06	1.04905e-05	-6.582
858.959	9.728	6.48984064e-11	-7.62945e-06	5.9128e-05	5.9128e-05	99.042
860.5215	9.732	6.492509159999999e-11	-4.7684e-06	-1.33515e-05	1.43052e-05	-133.266
862.0932	9.736	6.49517768e-11	1.04905e-05	2.86104e-06	5.72208e-06	75.966
863.8962	9.74	6.4978462e-11	1.23978e-05	-3.43325e-05	3.52862e-05	-78.906
865.4502	9.744	6.50051472e-11	-2.00273e-05	0.0	1.71663e-05	-164.358
867.035	9.748	6.503183239999999e-11	1.52589e-05	3.62399e-05	4.48229e-05	65.07
868.5853	9.752	6.50585176e-11	-1.04905e-05	3.71935e-05	3.81472e-05	98.82
870.1318	9.756	6.50852028e-11	-2.0981e-05	1.23978e-05	2.19346e-05	142.434
871.721	9.76	6.5111888e-11	-2.19346e-05	1.23978e-05	2.19346e-05	143.844
873.2838	9.764	6.51385732e-11	-1.90736e-05	1.90736e-06	1.90736e-05	174.096
874.8513	9.768	6.51652584e-11	-1.52589e-05	-1.52589e-05	1.81199e-05	-112.932
876.4315	9.772	6.51919436e-11	3.81473e-06	1.04905e-05	9.5368e-06	122.004
878.0245	9.776	6.521862879999999e-11	1.04905e-05	-5.72208e-06	8.58313e-06	-48.012
879.5995	9.78	6.524531399999999e-11	9.53682e-07	2.00273e-05	2.0981e-05	100.308
881.1588	9.784	6.52719992e-11	-2.0981e-05	7.62945e-06	1.71663e-05	154.44
882.9817	9.788	6.52986844e-11	-8.58313e-06	1.90736e-05	1.62126e-05	92.724
884.5427	9.792	6.53253696e-11	-3.24252e-05	1.71663e-05	4.19619e-05	163.464
886.1138	9.796	6.53520548e-11	5.72208e-06	-6.67575e-06	5.72208e-06	-81.87
887.681	9.8	6.537874000000001e-11	1.33515e-05	-1.43052e-05	2.28883e-05	-29.538
889.2475	9.804	6.540542519999999e-11	1.04905e-05	9.5368e-06	1.23978e-05	56.31
891.0674	9.808	6.543211039999999e-11	1.04905e-05	-2.00273e-05	2.19346e-05	-73.812
892.616	9.812	6.545879559999999e-11	2.86103e-05	-1.33515e-05	2.86103e-05	-27.18
894.2068	9.816	6.54854808e-11	0.0	-1.90736e-05	2.00273e-05	-94.764
895.7675	9.82	6.5512166e-11	-9.53682e-07	-1.23978e-05	1.04905e-05	-50.712
897.3349	9.824	6.55388512e-11	-2.86103e-05	-9.53682e-07	3.05178e-05	175.332
899.1458	9.828	6.55655364e-11	-1.90736e-06	-1.62126e-05	1.52589e-05	-110.856
900.7444	9.832	6.55922216e-11	-7.62945e-06	2.86104e-06	7.62945e-06	116.562
902.2924	9.836	6.56189068e-11	2.19346e-05	3.24252e-05	3.81472e-05	56.022
903.8807	9.84	6.564559199999999e-11	-4.00546e-05	6.67575e-06	4.29156e-05	167.844
905.4318	9.844	6.567227719999999e-11	0.0	-9.5368e-06	8.58313e-06	-104.934
906.9782	9.848	6.56989624e-11	-4.7684e-06	-4.7684e-06	3.81473e-06	-104.034
908.544	9.852	6.57256476e-11	-1.62126e-05	1.90736e-05	2.19346e-05	119.982
910.1438	9.856	6.57523328e-11	1.23978e-05	-1.33515e-05	1.52589e-05	-37.404
911.9705	9.86	6.577901799999999e-11	-3.05178e-05	-9.5368e-06	2.9564e-05	-161.148
913.5169	9.864	6.58057032e-11	2.86103e-05	-1.14442e-05	3.33788e-05	-14.298
915.0718	9.868	6.58323884e-11	-1.33515e-05	-1.52589e-05	2.57493e-05	-144.462
916.6522	9.872	6.58590736e-11	1.90736e-05	1.71663e-05	2.76567e-05	55.956
918.2331	9.876	6.58857588e-11	-6.10356e-05	1.23978e-05	6.19893e-05	165.066
919.8248	9.88	6.5912444e-11	-2.00273e-05	1.71663e-05	3.05178e-05	155.658
921.3891	9.884	6.59391292e-11	6.67575e-06	-9.5368e-06	1.04905e-05	-80.538
923.2121	9.888	6.59658144e-11	-2.0981e-05	3.81473e-06	2.28883e-05	173.658
924.7761	9.892	6.599249959999999e-11	3.81473e-06	4.10082e-05	4.29156e-05	79.542
926.3332	9.896	6.60191848e-11	-9.5368e-06	-1.71663e-05	1.81199e-05	-119.478
927.913	9.9	6.604587e-11	-1.71663e-05	2.19346e-05	2.47956e-05	121.506
929.465	9.904	6.60725552e-11	-1.81199e-05	8.58313e-06	1.71663e-05	138.18
931.2817	9.908	6.60992404e-11	-6.67575e-06	-3.62399e-05	3.62399e-05	-106.392
932.8509	9.912	6.61259256e-11	3.05178e-05	1.52589e-05	3.24252e-05	36.636
934.4028	9.916	6.61526108e-11	1.90736e-06	-1.90736e-05	1.71663e-05	-77.472
935.9709	9.92	6.617929599999999e-11	-9.53682e-07	-2.28883e-05	2.00273e-05	-84.096
937.5257	9.924	6.620598119999999e-11	-2.00273e-05	2.86103e-05	3.62399e-05	127.074
939.12	9.928	6.62326664e-11	3.24252e-05	-9.5368e-06	3.24252e-05	-13.17
940.7059	9.932	6.62593516e-11	3.24252e-05	1.90736e-05	4.48229e-05	22.872
942.257	9.936	6.62860368e-11	-2.86104e-06	1.71663e-05	2.3842e-05	127.116
944.0931	9.94	6.6312722e-11	1.52589e-05	-1.43052e-05	1.62126e-05	-52.596
945.6416	9.944	6.633940720000001e-11	2.76567e-05	1.90736e-05	3.33788e-05	27.072
947.2312	9.948	6.63660924e-11	6.67575e-06	2.19346e-05	2.3842e-05	77.472
948.8165	9.952	6.639277759999999e-11	2.3842e-05	6.67575e-06	1.81199e-05	38.658
950.3608	9.956	6.641946279999999e-11	-2.86104e-06	-4.7684e-06	6.67575e-06	-141.342
951.9465	9.96	6.6446148e-11	-3.81473e-06	-1.90736e-05	1.90736e-05	-113.964
953.5152	9.964	6.64728332e-11	-2.86104e-06	2.86104e-06	1.90736e-06	26.562
955.3251	9.968	6.64995184e-11	-9.5368e-06	-2.9564e-05	3.43325e-05	-124.566
956.8917	9.972	6.65262036e-11	-8.58313e-06	8.58313e-06	1.23978e-05	152.1
958.4738	9.976	6.65528888e-11	-2.86103e-05	0.0	2.6703e-05	-175.602
960.034	9.98	6.6579574e-11	1.23978e-05	3.81473e-06	1.04905e-05	3.816
961.6062	9.984	6.66062592e-11	-6.67575e-06	-2.00273e-05	2.19346e-05	-92.934
963.4126	9.988	6.663294439999999e-11	-2.00273e-05	-1.62126e-05	2.57493e-05	-143.43
964.9909	9.992	6.66596296e-11	-9.5368e-06	2.57493e-05	2.86103e-05	121.866
966.5756	9.996	6.66863148e-11	2.19346e-05	5.72208e-06	2.6703e-05	11.04
968.1277	10.0	6.6713e-11	-2.6703e-05	-1.23978e-05	2.57493e-05	-152.742
969.7158	10.004	6.673968519999999e-11	1.23978e-05	2.47956e-05	2.9564e-05	57.618
971.2938	10.008	6.676637039999999e-11	-9.5368e-06	-1.71663e-05	2.47956e-05	-124.776
972.8761	10.012	6.67930556e-11	-1.81199e-05	1.90736e-06	2.00273e-05	178.152
974.4461	10.016	6.68197408e-11	-1.14442e-05	2.3842e-05	2.9564e-05	128.292
976.2478	10.02	6.6846426e-11	-2.86104e-06	-1.14442e-05	1.04905e-05	-115.02
977.8248	10.024	6.68731112e-11	-2.76567e-05	9.5368e-06	3.52862e-05	158.964
979.4154	10.028	6.68997964e-11	-4.7684e-06	1.04905e-05	8.58313e-06	113.964
981.0059	10.032	6.692648159999999e-11	2.57493e-05	-2.19346e-05	3.33788e-05	-49.764
982.5702	10.036	6.695316679999999e-11	-1.33515e-05	9.5368e-06	1.62126e-05	153.438
984.1552	10.04	6.697985199999999e-11	-3.81473e-06	1.04905e-05	1.62126e-05	146.886
985.7064	10.044	6.70065372e-11	2.47956e-05	1.43052e-05	3.05178e-05	21.126
987.531	10.048	6.70332224e-11	1.62126e-05	1.52589e-05	2.19346e-05	41.184
989.0901	10.052	6.70599076e-11	1.33515e-05	3.81473e-06	1.14442e-05	14.934
990.6619	10.056	6.70865928e-11	3.24252e-05	-6.67575e-06	3.52862e-05	-7.254
992.2074	10.06	6.7113278e-11	1.90736e-06	-2.28883e-05	2.19346e-05	-90.0
993.7833	10.064	6.713996319999999e-11	3.81473e-06	-1.14442e-05	1.33515e-05	-101.766
995.5822	10.068	6.716664839999999e-11	1.52589e-05	9.53682e-07	1.71663e-05	20.322
997.1526	10.072	6.719333359999999e-11	-2.00273e-05	2.47956e-05	3.43325e-05	136.59
998.7014	10.076	6.72200188e-11	1.71663e-05	1.33515e-05	2.3842e-05	28.608
1000.5241	10.08	6.7246704e-11	7.62945e-06	3.62399e-05	3.62399e-05	74.196
1002.0957	10.084	6.72733892e-11	-3.14715e-05	-2.86104e-06	3.52862e-05	-178.98
1003.6818	10.088	6.73000744e-11	-1.04905e-05	3.81473e-06	9.5368e-06	151.698
1005.2635	10.092	6.73267596e-11	-6.67575e-06	-1.04905e-05	1.33515e-05	-112.248
1006.8289	10.096	6.73534448e-11	2.28883e-05	-2.86104e-06	2.00273e-05	1.848
1008.6699	10.1	6.738012999999999e-11	1.71663e-05	-1.90736e-06	2.19346e-05	-15.252
1010.2511	10.104	6.740681519999999e-11	-1.62126e-05	-2.0981e-05	1.90736e-05	-138.18
1011.7983	10.108	6.74335004e-11	1.04905e-05	-3.81472e-05	3.81472e-05	-80.706
1013.3631	10.112	6.74601856e-11	1.81199e-05	2.3842e-05	3.33788e-05	48.816
1014.9471	10.116	6.74868708e-11	-6.67575e-06	-9.5368e-06	8.58313e-06	-124.992
1016.518	10.12	6.751355599999999e-11	3.81473e-06	-4.7684e-06	6.67575e-06	-41.634
1018.0823	10.124	6.75402412e-11	-6.67575e-06	1.04905e-05	1.62126e-05	117.474
1019.8871	10.128	6.75669264e-11	1.52589e-05	-2.86104e-06	1.52589e-05	0.0
1021.4606	10.132	6.75936116e-11	1.90736e-06	1.90736e-06	3.81473e-06	-161.568
1023.0467	10.136	6.762029679999999e-11	5.72208e-06	-3.81473e-06	3.81473e-06	-63.438
1024.5925	10.14	6.7646982e-11	1.04905e-05	2.19346e-05	2.19346e-05	65.856
1026.1604	10.144	6.76736672e-11	-2.76567e-05	1.90736e-06	3.24252e-05	180.0
1027.9652	10.148	6.770035239999999e-11	5.72208e-06	-1.23978e-05	1.33515e-05	-54.162
1029.5467	10.152	6.772703759999999e-11	7.62945e-06	1.23978e-05	1.43052e-05	59.934
1031.1299	10.156	6.77537228e-11	-2.6703e-05	5.0545e-05	5.53133e-05	106.23
1032.9427	10.16	6.7780408e-11	0.0	-2.0981e-05	2.00273e-05	-99.462
1034.494	10.164	6.78070932e-11	-2.86104e-06	-2.9564e-05	2.86103e-05	-78.18
1036.071	10.168	6.78337784e-11	-1.71663e-05	4.7684e-06	1.90736e-05	166.428
1037.6444	10.172	6.78604636e-11	-1.14442e-05	-1.04905e-05	1.90736e-05	-135.0
1039.2103	10.176	6.788714879999999e-11	-7.62945e-06	-2.86104e-06	3.81473e-06	-101.31
1041.0325	10.18	6.791383399999999e-11	1.62126e-05	-3.81473e-06	1.14442e-05	-30.258
1042.5798	10.184	6.794051919999999e-11	5.72208e-06	2.19346e-05	2.3842e-05	50.598
1044.1709	10.188	6.79672044e-11	1.33515e-05	1.33515e-05	1.71663e-05	71.568
1045.734	10.192	6.79938896e-11	1.23978e-05	1.52589e-05	2.00273e-05	32.196
1047.2973	10.196	6.80205748e-11	-3.81472e-05	9.53682e-07	3.71935e-05	-174.804
1048.8808	10.2	6.804726e-11	-2.9564e-05	1.90736e-06	2.3842e-05	166.374
1050.4386	10.204	6.807394520000001e-11	1.62126e-05	-4.7684e-06	2.0981e-05	-5.046
1052.2728	10.208	6.810063039999999e-11	-1.33515e-05	-2.00273e-05	2.3842e-05	-116.562
1053.8225	10.212	6.812731559999999e-11	2.57493e-05	1.90736e-05	3.62399e-05	32.856
1055.3892	10.216	6.815400079999999e-11	1.33515e-05	1.43052e-05	1.90736e-05	51.63
1056.942	10.22	6.8180686e-11	1.23978e-05	-1.23978e-05	1.33515e-05	-67.164
1058.5419	10.224	6.82073712e-11	-1.81199e-05	-3.81473e-06	1.14442e-05	-143.976
1060.1298	10.228	6.82340564e-11	-4.7684e-06	-1.71663e-05	2.19346e-05	-131.76
1061.7125	10.232	6.82607416e-11	9.5368e-06	1.90736e-05	2.00273e-05	65.226
1063.2787	10.236	6.82874268e-11	-4.67303e-05	8.58313e-06	4.57766e-05	171.636
1065.1149	10.24	6.8314112e-11	3.71935e-05	-5.53133e-05	6.48503e-05	-55.008
1066.6622	10.244	6.83407972e-11	-1.90736e-06	2.47956e-05	2.3842e-05	98.364
1068.2175	10.248	6.836748239999999e-11	-2.47956e-05	-1.33515e-05	2.47956e-05	-161.568
1069.7674	10.252	6.83941676e-11	1.33515e-05	-1.14442e-05	1.62126e-05	-38.292
1071.352	10.256	6.84208528e-11	1.90736e-05	-1.14442e-05	1.81199e-05	-25.56
1073.1904	10.26	6.8447538e-11	-1.81199e-05	-1.71663e-05	2.76567e-05	-149.034
1074.7692	10.264	6.847422319999999e-11	-2.3842e-05	7.62945e-06	2.00273e-05	130.032
1076.3243	10.268	6.85009084e-11	1.90736e-06	7.62945e-06	9.5368e-06	60.252
1077.9239	10.272	6.85275936e-11	-4.7684e-06	-5.81744e-05	5.81744e-05	-96.342
1079.5017	10.276	6.85542788e-11	1.90736e-06	1.33515e-05	1.52589e-05	87.708
1081.0565	10.28	6.8580964e-11	2.19346e-05	2.57493e-05	2.76567e-05	74.25
1082.6426	10.284	6.86076492e-11	5.72208e-06	4.19619e-05	4.38693e-05	87.396
1084.4812	10.288	6.86343344e-11	-6.67575e-06	-9.53682e-07	1.04905e-05	-166.608
1086.0476	10.292	6.866101959999999e-11	-3.33788e-05	1.52589e-05	3.71935e-05	152.1
1087.6154	10.296	6.868770479999999e-11	3.81473e-06	-2.57493e-05	2.57493e-05	-67.932
1089.1835	10.3	6.871439e-11	1.33515e-05	3.62399e-05	4.19619e-05	77.664
1090.7672	10.304	6.87410752e-11	1.71663e-05	-1.14442e-05	2.47956e-05	-23.964
1092.5906	10.308	6.87677604e-11	6.67575e-06	1.71663e-05	1.71663e-05	51.708
1094.1715	10.312	6.87944456e-11	1.04905e-05	-1.62126e-05	1.81199e-05	-46.638
1095.7182	10.316	6.88211308e-11	-1.90736e-06	1.23978e-05	1.14442e-05	86.634
1097.318	10.32	6.884781599999999e-11	-9.53682e-07	-9.53682e-07	5.72208e-06	-93.816
1098.9017	10.324	6.887450119999999e-11	-6.67575e-06	-2.28883e-05	1.90736e-05	-105.066
1100.7074	10.328	6.890118639999999e-11	-2.28883e-05	-3.52862e-05	3.71935e-05	-124.284
1102.2786	10.332	6.89278716e-11	1.04905e-05	1.52589e-05	1.71663e-05	60.522
1103.8458	10.336	6.89545568e-11	-1.90736e-05	1.23978e-05	2.3842e-05	141.582
1105.6698	10.34	6.8981242e-11	0.0	-3.14715e-05	3.05178e-05	-96.204
1107.2635	10.344	6.90079272e-11	-1.71663e-05	3.81473e-06	1.04905e-05	118.302
1108.8453	10.348	6.90346124e-11	1.90736e-05	-8.58313e-06	2.0981e-05	-12.726
1110.4369	10.352	6.90612976e-11	-1.43052e-05	3.81473e-06	1.23978e-05	120.066
1112.0149	10.356	6.908798279999999e-11	1.81199e-05	-3.14715e-05	3.14715e-05	-40.914
1113.8262	10.36	6.911466799999999e-11	2.3842e-05	8.58313e-06	2.6703e-05	15.75
1115.4094	10.364	6.91413532e-11	2.00273e-05	-1.62126e-05	3.14715e-05	-31.89
1116.9912	10.368	6.91680384e-11	-1.04905e-05	2.86104e-06	2.19346e-05	-164.982
1118.5884	10.372	6.91947236e-11	1.71663e-05	-5.72208e-06	2.3842e-05	-25.908
1120.1742	10.376	6.92214088e-11	1.33515e-05	-7.62945e-06	1.71663e-05	-35.538
1121.7404	10.38	6.9248094e-11	1.04905e-05	0.0	1.71663e-05	25.824
1123.2857	10.384	6.92747792e-11	1.71663e-05	-1.81199e-05	2.3842e-05	-52.818
1125.114	10.388	6.93014644e-11	3.24252e-05	-7.62945e-06	3.71935e-05	-15.678
1126.6776	10.392	6.932814959999999e-11	-1.71663e-05	2.6703e-05	3.24252e-05	125.274
1128.2486	10.396	6.93548348e-11	-1.23978e-05	1.90736e-05	1.81199e-05	101.766
1129.8323	10.4	6.938152e-11	-1.43052e-05	-2.6703e-05	2.6703e-05	-113.808
1131.399	10.404	6.94082052e-11	-2.3842e-05	-1.62126e-05	2.3842e-05	-135.0
1133.2154	10.408	6.943489039999999e-11	-2.00273e-05	5.72208e-06	1.71663e-05	152.448
1134.8065	10.412	6.94615756e-11	2.86104e-06	3.24252e-05	3.43325e-05	79.794
1136.3702	10.416	6.94882608e-11	0.0	-9.5368e-06	1.04905e-05	-32.904
1138.1787	10.42	6.9514946e-11	-1.33515e-05	0.0	1.23978e-05	168.114
1139.7423	10.424	6.95416312e-11	0.0	2.28883e-05	2.3842e-05	82.302
1141.3317	10.428	6.95683164e-11	-4.7684e-06	6.67575e-06	1.14442e-05	149.532
1142.8926	10.432	6.95950016e-11	1.52589e-05	-7.62945e-06	1.71663e-05	-32.004
1144.4426	10.436	6.962168679999999e-11	1.90736e-06	-3.52862e-05	3.62399e-05	-95.016
1146.2689	10.44	6.964837199999999e-11	-3.14715e-05	-7.62945e-06	3.24252e-05	-157.992
1147.8363	10.444	6.96750572e-11	-2.86104e-06	3.81473e-06	4.7684e-06	116.562
1149.4067	10.448	6.97017424e-11	-6.67575e-06	1.23978e-05	1.52589e-05	116.562
1150.949	10.452	6.97284276e-11	-2.00273e-05	2.00273e-05	2.9564e-05	131.532
1152.5338	10.456	6.97551128e-11	5.72208e-06	1.33515e-05	1.71663e-05	32.004
1154.1031	10.46	6.978179800000001e-11	2.47956e-05	3.62399e-05	4.57766e-05	52.794
1155.6711	10.464	6.980848319999999e-11	1.33515e-05	4.7684e-06	1.62126e-05	19.8
1157.4789	10.468	6.983516839999999e-11	-4.7684e-06	0.0	1.90736e-06	30.966
1159.0478	10.472	6.986185359999999e-11	4.19619e-05	-2.28883e-05	4.76839e-05	-27.276
1160.5928	10.476	6.98885388e-11	-4.29156e-05	2.57493e-05	5.24523e-05	154.074
1162.1611	10.48	6.9915224e-11	3.81473e-06	-1.14442e-05	1.04905e-05	-93.816
1163.7423	10.484	6.99419092e-11	0.0	7.62945e-06	9.5368e-06	122.736
1165.555	10.488	6.99685944e-11	-2.9564e-05	-2.28883e-05	3.52862e-05	-138.096
1167.1173	10.492	6.99952796e-11	1.52589e-05	-1.14442e-05	1.62126e-05	-43.362
1168.6846	10.496	7.00219648e-11	2.86104e-06	2.57493e-05	2.47956e-05	81.384
1170.5088	10.5	7.004865e-11	-9.5368e-06	-3.05178e-05	3.24252e-05	-99.636
1172.064	10.504	7.007533519999999e-11	9.5368e-06	1.90736e-06	1.23978e-05	10.782
1173.612	10.508	7.010202039999999e-11	2.86104e-06	1.71663e-05	1.62126e-05	87.51
1175.1602	10.512	7.01287056e-11	2.19346e-05	-1.71663e-05	2.57493e-05	-39.612
1176.7134	10.516	7.01553908e-11	1.90736e-06	1.23978e-05	1.23978e-05	98.532
1178.5361	10.52	7.018207599999999e-11	1.23978e-05	2.6703e-05	3.24252e-05	56.592
1180.1241	10.524	7.020876119999999e-11	-3.05178e-05	-2.47956e-05	4.38693e-05	-148.08
1181.6926	10.528	7.02354464e-11	-2.76567e-05	1.33515e-05	3.24252e-05	139.29
1183.2537	10.532	7.02621316e-11	3.81473e-06	1.33515e-05	1.43052e-05	78.69
1184.8226	10.536	7.02888168e-11	-1.33515e-05	-1.90736e-06	1.33515e-05	-152.244
1186.404	10.54	7.031550199999998e-11	2.00273e-05	7.62945e-06	2.19346e-05	27.348
1187.9911	10.544	7.03421872e-11	2.86104e-06	3.81473e-06	8.58313e-06	47.118
1189.8162	10.548	7.03688724e-11	-6.67575e-06	7.62945e-06	8.58313e-06	71.568
1191.3582	10.552	7.039555759999999e-11	-5.72208e-06	8.58313e-06	9.5368e-06	111.036
1192.9459	10.556	7.042224279999999e-11	2.6703e-05	5.72208e-06	2.47956e-05	15.948
1194.5403	10.56	7.0448928e-11	-1.23978e-05	2.86104e-06	1.04905e-05	-111.372
1196.1086	10.564	7.04756132e-11	2.86103e-05	-1.62126e-05	3.33788e-05	-27.072
1197.9375	10.568	7.05022984e-11	1.33515e-05	0.0	1.14442e-05	6.708
1199.5029	10.572	7.05289836e-11	-9.5368e-06	1.23978e-05	1.71663e-05	141.006
1201.0898	10.576	7.05556688e-11	-1.43052e-05	-1.62126e-05	2.3842e-05	-129.612
1202.9085	10.58	7.058235399999999e-11	-1.14442e-05	3.05178e-05	3.33788e-05	103.242
1204.4801	10.584	7.060903919999999e-11	3.52862e-05	2.86104e-06	3.05178e-05	6.792
1206.0611	10.588	7.063572439999999e-11	2.57493e-05	2.86104e-06	2.86103e-05	0.0
1207.6124	10.592	7.06624096e-11	-1.33515e-05	-1.14442e-05	1.71663e-05	-146.886
1209.1755	10.596	7.06890948e-11	3.33788e-05	2.9564e-05	4.57766e-05	33.93
1211.0121	10.6	7.071578e-11	1.52589e-05	-1.81199e-05	2.0981e-05	-60.948
1212.615	10.604	7.07424652e-11	-4.48229e-05	-2.86104e-06	3.43325e-05	-178.668
1214.1626	10.608	7.07691504e-11	0.0	3.33788e-05	3.24252e-05	96.204
1215.732	10.612	7.079583559999999e-11	-2.86104e-06	1.43052e-05	1.52589e-05	116.562
1217.3195	10.616	7.082252079999999e-11	-3.81473e-06	-8.58313e-06	9.5368e-06	-113.628
1218.8963	10.62	7.084920599999999e-11	-1.33515e-05	-4.7684e-06	1.52589e-05	-177.51
1220.4869	10.624	7.08758912e-11	-5.72208e-06	-8.58313e-06	9.5368e-06	-118.302
1222.2905	10.628	7.09025764e-11	-2.3842e-05	-1.23978e-05	2.57493e-05	-149.034
1223.858	10.632	7.09292616e-11	-4.7684e-06	-1.81199e-05	1.52589e-05	-101.31
1225.4527	10.636	7.095594679999999e-11	-6.67575e-06	-1.71663e-05	1.71663e-05	-104.532
1227.0024	10.64	7.0982632e-11	-2.9564e-05	4.38693e-05	5.53133e-05	121.302
1228.577	10.644	7.10093172e-11	-4.7684e-06	1.23978e-05	1.43052e-05	117.642
1230.4143	10.648	7.10360024e-11	-1.14442e-05	3.81473e-06	9.5368e-06	-168.69
1231.9822	10.652	7.106268759999999e-11	-7.62945e-06	-9.5368e-06	6.67575e-06	-135.0
1233.53	10.656	7.10893728e-11	5.72208e-06	-2.47956e-05	2.57493e-05	-66.798
1235.3519	10.66	7.1116058e-11	1.90736e-06	-2.3842e-05	2.3842e-05	-77.796
1236.9221	10.664	7.114274319999999e-11	2.3842e-05	-3.05178e-05	3.91009e-05	-48.45
1238.4891	10.668	7.116942839999999e-11	5.72208e-06	2.86104e-06	5.72208e-06	20.556
1240.054	10.672	7.11961136e-11	-3.33788e-05	2.0981e-05	3.24252e-05	144.78
1241.6209	10.676	7.12227988e-11	-6.67575e-06	-3.62399e-05	3.62399e-05	-107.784
1243.1875	10.68	7.1249484e-11	1.71663e-05	1.52589e-05	2.3842e-05	50.196
1244.7891	10.684	7.12761692e-11	3.81473e-06	-5.72208e-06	8.58313e-06	-28.608
1246.3403	10.688	7.13028544e-11	-2.86104e-06	3.52862e-05	3.43325e-05	102.174
1247.939	10.692	7.132953959999999e-11	-9.5368e-06	3.81473e-06	5.72208e-06	149.034
1249.5073	10.696	7.135622479999999e-11	5.72208e-06	-1.81199e-05	1.52589e-05	-68.196
1251.1026	10.7	7.138290999999999e-11	-6.67575e-06	1.14442e-05	1.52589e-05	135.0
1252.6745	10.704	7.14095952e-11	1.90736e-05	-1.62126e-05	2.3842e-05	-30.144
1254.4813	10.708	7.14362804e-11	-2.6703e-05	9.53682e-07	2.0981e-05	167.904
1256.076	10.712	7.14629656e-11	2.19346e-05	4.38693e-05	5.3406e-05	64.98
1257.634	10.716	7.14896508e-11	2.86104e-06	9.5368e-06	5.72208e-06	75.966
1259.1974	10.72	7.151633600000001e-11	-3.52862e-05	2.57493e-05	4.48229e-05	143.298
1260.7758	10.724	7.154302119999999e-11	-2.28883e-05	-1.81199e-05	2.28883e-05	-137.604
1262.6029	10.728	7.156970639999999e-11	-8.58313e-06	-4.67303e-05	5.24523e-05	-110.556
1264.1869	10.732	7.159639159999999e-11	3.81473e-06	6.67575e-06	1.23978e-05	23.202
1265.7555	10.736	7.16230768e-11	-4.7684e-06	-1.33515e-05	1.23978e-05	-128.658
1267.5758	10.74	7.1649762e-11	-1.62126e-05	4.57766e-05	4.57766e-05	104.658
1269.1445	10.744	7.16764472e-11	5.53133e-05	-7.62945e-06	5.72207e-05	-4.65
1270.7092	10.748	7.17031324e-11	3.52862e-05	1.14442e-05	3.24252e-05	18.432
1272.2908	10.752	7.17298176e-11	2.6703e-05	-2.86104e-06	2.76567e-05	-21.54
1273.8725	10.756	7.17565028e-11	-7.62945e-06	-3.24252e-05	3.05178e-05	-101.82
1275.4454	10.76	7.178318799999999e-11	2.19346e-05	1.71663e-05	2.3842e-05	36.156
1276.9914	10.764	7.180987319999999e-11	1.33515e-05	2.86104e-06	1.81199e-05	16.698
1278.5618	10.768	7.18365584e-11	2.3842e-05	-1.33515e-05	2.57493e-05	-29.934
1280.1335	10.772	7.18632436e-11	1.90736e-06	-3.81472e-05	3.62399e-05	-104.034
1281.7119	10.776	7.18899288e-11	-1.33515e-05	5.72208e-06	1.62126e-05	167.196
1283.2592	10.78	7.191661399999999e-11	-9.5368e-06	2.86103e-05	2.86103e-05	85.812
1284.8419	10.784	7.19432992e-11	-1.62126e-05	1.04905e-05	1.62126e-05	128.292
1286.3987	10.788	7.19699844e-11	2.9564e-05	-4.00546e-05	4.86376e-05	-49.668
1288.2362	10.792	7.19966696e-11	1.62126e-05	6.67575e-06	1.52589e-05	25.344
1289.8036	10.796	7.20233548e-11	-2.00273e-05	1.04905e-05	2.3842e-05	152.1
1291.3719	10.8	7.205004e-11	7.62945e-06	1.23978e-05	1.33515e-05	66.036
1292.9363	10.804	7.20767252e-11	1.52589e-05	-1.43052e-05	2.00273e-05	-42.396
1294.7656	10.808	7.210341039999999e-11	-3.33788e-05	-2.86104e-06	3.71935e-05	172.998
1296.3322	10.812	7.213009559999999e-11	-9.5368e-06	-2.6703e-05	3.05178e-05	-109.884
1297.9288	10.816	7.21567808e-11	-1.14442e-05	1.90736e-06	3.81473e-06	-68.196
1299.4803	10.82	7.2183466e-11	3.81473e-06	-6.67575e-06	8.58313e-06	-4.398
1301.0811	10.824	7.22101512e-11	2.28883e-05	-5.72208e-06	2.57493e-05	-17.592
1302.9131	10.828	7.22368364e-11	-9.5368e-06	-6.67575e-06	8.58313e-06	-101.31
1304.5041	10.832	7.22635216e-11	1.71663e-05	-1.04905e-05	1.23978e-05	-38.16
1306.0532	10.836	7.229020679999999e-11	1.52589e-05	1.90736e-05	2.3842e-05	54.09
1307.6335	10.84	7.231689199999999e-11	-4.19619e-05	1.81199e-05	4.57766e-05	157.128
1309.2031	10.844	7.234357719999999e-11	-4.7684e-06	1.04905e-05	1.33515e-05	111.804
1310.7882	10.848	7.23702624e-11	-4.7684e-06	4.7684e-06	1.04905e-05	130.914
1312.3519	10.852	7.23969476e-11	-9.5368e-06	2.19346e-05	2.86103e-05	109.884
1313.9356	10.856	7.24236328e-11	-2.86104e-06	2.19346e-05	2.19346e-05	86.532
1315.7542	10.86	7.2450318e-11	1.23978e-05	1.62126e-05	2.0981e-05	78.024
1317.3534	10.864	7.247700320000001e-11	-1.81199e-05	1.52589e-05	1.62126e-05	105.252
1318.9355	10.868	7.25036884e-11	2.19346e-05	6.67575e-06	2.19346e-05	14.472
1320.5024	10.872	7.253037359999999e-11	9.5368e-06	5.72208e-06	1.04905e-05	34.698
1322.0713	10.876	7.255705879999999e-11	9.5368e-06	6.67575e-06	1.71663e-05	15.708
1323.64	10.88	7.2583744e-11	1.04905e-05	-1.43052e-05	1.90736e-05	-34.212
1325.2123	10.884	7.26104292e-11	4.7684e-06	2.57493e-05	3.05178e-05	60.708
1327.0325	10.888	7.26371144e-11	1.62126e-05	-4.7684e-06	2.19346e-05	-26.562
1328.5817	10.892	7.26637996e-11	-1.33515e-05	-2.00273e-05	2.47956e-05	-123.69
1330.1623	10.896	7.26904848e-11	3.24252e-05	1.04905e-05	3.05178e-05	19.23
1331.7329	10.9	7.271717e-11	2.3842e-05	5.72208e-06	2.00273e-05	5.904
1333.3296	10.904	7.27438552e-11	1.52589e-05	-1.04905e-05	2.57493e-05	-32.154
1335.1494	10.908	7.277054039999999e-11	2.57493e-05	5.72208e-06	2.57493e-05	10.176
1336.7326	10.912	7.27972256e-11	-7.62945e-06	-3.81473e-06	7.62945e-06	137.724
1338.323	10.916	7.28239108e-11	2.9564e-05	-2.47956e-05	3.91009e-05	-37.452
1340.1287	10.92	7.2850596e-11	-2.86104e-06	1.90736e-05	1.81199e-05	111.372
1341.7221	10.924	7.287728119999999e-11	-1.90736e-05	-1.81199e-05	2.19346e-05	-136.638
1343.3138	10.928	7.29039664e-11	-2.3842e-05	-1.23978e-05	2.86103e-05	-145.956
1344.8952	10.932	7.29306516e-11	-2.19346e-05	-6.67575e-06	2.19346e-05	-157.248
1346.4392	10.936	7.29573368e-11	5.72208e-06	-9.5368e-06	8.58313e-06	-75.966
1348.2711	10.94	7.2984022e-11	-1.81199e-05	6.2943e-05	6.5804e-05	110.424
1349.8519	10.944	7.30107072e-11	-1.14442e-05	-2.28883e-05	2.86103e-05	-128.454
1351.4041	10.948	7.30373924e-11	0.0	1.33515e-05	1.33515e-05	115.344
1352.9639	10.952	7.306407759999999e-11	-2.19346e-05	-9.5368e-06	2.76567e-05	-157.482
1354.5481	10.956	7.309076279999999e-11	-2.28883e-05	-4.7684e-06	2.57493e-05	-167.622
1356.1218	10.96	7.3117448e-11	-1.33515e-05	1.52589e-05	1.81199e-05	122.004
1357.7021	10.964	7.31441332e-11	-2.47956e-05	1.90736e-05	2.86103e-05	135.0
1359.5291	10.968	7.31708184e-11	-1.04905e-05	0.0	6.67575e-06	161.568
1361.0929	10.972	7.31975036e-11	-1.04905e-05	-4.00546e-05	4.10082e-05	-101.844
1362.6456	10.976	7.322418880000001e-11	8.58313e-06	-1.33515e-05	1.52589e-05	-52.596
1364.2133	10.98	7.325087399999999e-11	-1.33515e-05	-1.43052e-05	1.90736e-05	-129.558
1365.793	10.984	7.327755919999999e-11	2.6703e-05	1.23978e-05	3.05178e-05	21.372
1367.5996	10.988	7.330424439999999e-11	2.19346e-05	-1.14442e-05	2.28883e-05	-34.59
1369.1669	10.992	7.33309296e-11	8.58313e-06	-6.67575e-06	1.04905e-05	-38.16
1370.719	10.996	7.33576148e-11	-2.28883e-05	2.19346e-05	2.9564e-05	135.0
1372.3149	11.0	7.33843e-11	4.19619e-05	-2.28883e-05	5.14986e-05	-17.268
1373.8886	11.004	7.34109852e-11	2.00273e-05	-4.7684e-06	1.81199e-05	-7.434
1375.4531	11.008	7.343767039999999e-11	5.0545e-05	2.76567e-05	5.14986e-05	37.476
1377.0151	11.012	7.34643556e-11	2.86104e-06	-3.81473e-06	1.90736e-06	45.0
1378.5843	11.016	7.34910408e-11	2.86104e-06	1.90736e-05	1.90736e-05	86.058
1380.3881	11.02	7.351772599999999e-11	-1.62126e-05	5.72208e-06	1.71663e-05	162.9
1381.9737	11.024	7.354441119999999e-11	7.62945e-06	2.00273e-05	2.19346e-05	67.248
1383.5441	11.028	7.35710964e-11	2.0981e-05	-2.86103e-05	2.86103e-05	-62.178
1385.123	11.032	7.35977816e-11	-7.62945e-06	1.52589e-05	1.62126e-05	96.84
1386.682	11.036	7.36244668e-11	1.33515e-05	-1.33515e-05	2.0981e-05	-33.234
1388.2491	11.04	7.365115199999999e-11	-9.53682e-07	-4.7684e-06	3.81473e-06	-59.034
1389.8439	11.044	7.36778372e-11	-3.05178e-05	7.62945e-06	3.71935e-05	164.322
1391.4218	11.048	7.37045224e-11	-1.04905e-05	-1.62126e-05	1.90736e-05	-136.218
1392.9954	11.052	7.37312076e-11	-2.6703e-05	-2.9564e-05	3.81472e-05	-121.296
1394.5621	11.056	7.375789279999998e-11	2.86104e-06	-4.76839e-05	4.76839e-05	-90.798
1396.1395	11.06	7.3784578e-11	1.81199e-05	5.72208e-06	1.52589e-05	48.576
1397.742	11.064	7.38112632e-11	-4.7684e-06	3.81473e-06	3.81473e-06	128.658
1399.5522	11.068	7.383794839999999e-11	-9.53682e-07	-4.7684e-06	3.81473e-06	-71.568
1401.1131	11.072	7.386463359999999e-11	1.90736e-05	2.86103e-05	3.62399e-05	56.592
1402.6983	11.076	7.38913188e-11	7.62945e-06	-3.81473e-06	9.5368e-06	-30.966
1404.2685	11.08	7.3918004e-11	2.86104e-06	1.52589e-05	1.52589e-05	94.236
1405.8521	11.084	7.39446892e-11	-6.67575e-06	3.81473e-06	3.81473e-06	74.052
1407.398	11.088	7.39713744e-11	2.6703e-05	-2.9564e-05	3.43325e-05	-56.634
1408.972	11.092	7.39980596e-11	1.23978e-05	1.71663e-05	2.19346e-05	43.782
1410.5357	11.096	7.402474479999999e-11	2.86104e-06	2.00273e-05	2.0981e-05	76.866
1412.3432	11.1	7.405142999999999e-11	2.28883e-05	4.86376e-05	5.0545e-05	71.31
1413.9425	11.104	7.407811519999999e-11	5.72207e-05	-4.7684e-06	6.19893e-05	-1.83
1415.5218	11.108	7.41048004e-11	-4.7684e-06	-9.53682e-07	6.67575e-06	120.966
1417.0913	11.112	7.41314856e-11	2.28883e-05	-4.29156e-05	4.86376e-05	-59.304
1418.6591	11.116	7.41581708e-11	-1.81199e-05	1.71663e-05	2.3842e-05	132.612
1420.2407	11.12	7.4184856e-11	7.62945e-06	8.58313e-06	6.67575e-06	53.13
1421.8596	11.124	7.42115412e-11	0.0	8.58313e-06	1.23978e-05	60.522
1423.6785	11.128	7.423822639999999e-11	3.71935e-05	-1.62126e-05	4.38693e-05	-21.336
1425.2651	11.132	7.426491159999999e-11	3.81473e-06	-2.86104e-06	4.7684e-06	-95.712
1426.8298	11.136	7.429159679999999e-11	-2.19346e-05	4.48229e-05	5.0545e-05	116.562
1428.4179	11.14	7.4318282e-11	2.9564e-05	-2.47956e-05	3.71935e-05	-30.786
1429.983	11.144	7.43449672e-11	-3.33788e-05	-1.43052e-05	3.71935e-05	-154.854
1431.8222	11.148	7.43716524e-11	-2.86104e-06	2.57493e-05	2.3842e-05	91.638
1433.4213	11.152	7.439833759999999e-11	-1.04905e-05	3.81473e-06	1.33515e-05	149.934
1434.9992	11.156	7.44250228e-11	1.33515e-05	5.72208e-06	1.04905e-05	32.472
1436.5708	11.16	7.4451708e-11	-3.05178e-05	4.38693e-05	5.53133e-05	126.594
1438.1361	11.164	7.447839319999999e-11	-2.86104e-06	-2.86104e-06	1.90736e-06	-63.438
1439.7166	11.168	7.450507839999999e-11	1.04905e-05	-2.00273e-05	2.76567e-05	-53.13
1441.2905	11.172	7.45317636e-11	8.58313e-06	-9.53682e-07	5.72208e-06	8.13
1442.8398	11.176	7.45584488e-11	-9.5368e-06	2.3842e-05	2.47956e-05	123.69
1444.6623	11.18	7.458513399999999e-11	-4.7684e-06	2.86104e-06	4.7684e-06	56.31
1446.2306	11.184	7.461181919999999e-11	3.71935e-05	2.28883e-05	4.19619e-05	38.106
1447.8132	11.188	7.46385044e-11	1.62126e-05	2.19346e-05	2.28883e-05	41.184
1449.3921	11.192	7.46651896e-11	-1.04905e-05	-3.71935e-05	4.19619e-05	-109.83
1450.9745	11.196	7.46918748e-11	1.62126e-05	-9.5368e-06	2.57493e-05	-27.18
1452.5464	11.2	7.471856e-11	7.62945e-06	1.04905e-05	1.52589e-05	35.538
1454.1151	11.204	7.47452452e-11	-1.90736e-06	5.72208e-06	5.72208e-06	146.31
1455.6613	11.208	7.47719304e-11	-3.43325e-05	2.19346e-05	4.00546e-05	144.462
1457.2499	11.212	7.479861559999999e-11	2.3842e-05	-2.00273e-05	3.24252e-05	-28.074
1458.8323	11.216	7.482530079999999e-11	2.3842e-05	-1.62126e-05	2.9564e-05	-41.532
1460.3823	11.22	7.4851986e-11	-1.90736e-05	-9.53682e-07	1.33515e-05	171.03
1461.9621	11.224	7.48786712e-11	-3.81473e-06	2.19346e-05	2.19346e-05	109.536
1463.7655	11.228	7.49053564e-11	1.23978e-05	2.28883e-05	2.47956e-05	59.856
1465.3567	11.232	7.49320416e-11	-2.0981e-05	1.23978e-05	1.81199e-05	119.478
1466.9245	11.236	7.49587268e-11	1.43052e-05	5.72208e-06	1.14442e-05	14.034
1468.4749	11.24	7.498541199999999e-11	-2.6703e-05	-2.86104e-06	2.00273e-05	178.026
1470.0581	11.244	7.501209719999999e-11	1.90736e-05	-1.90736e-05	2.47956e-05	-37.878
1471.607	11.248	7.503878239999999e-11	-4.48229e-05	-9.53682e-07	4.57766e-05	175.854
1473.1746	11.252	7.50654676e-11	1.81199e-05	-2.3842e-05	2.3842e-05	-78.366
1474.7221	11.256	7.50921528e-11	2.57493e-05	0.0	3.24252e-05	-4.314
1476.5485	11.26	7.5118838e-11	-4.00546e-05	9.53682e-07	3.91009e-05	167.154
1478.1159	11.264	7.51455232e-11	2.86103e-05	2.19346e-05	2.9564e-05	48.942
1479.6772	11.268	7.51722084e-11	-2.86104e-06	-5.72208e-06	3.81473e-06	-59.034
1481.2476	11.272	7.51988936e-11	-6.67575e-06	3.05178e-05	3.33788e-05	106.8
1482.7935	11.276	7.522557879999999e-11	9.5368e-06	-1.14442e-05	1.23978e-05	-69.774
1484.3681	11.28	7.525226399999999e-11	-2.6703e-05	8.58313e-06	2.9564e-05	157.284
1485.9365	11.284	7.52789492e-11	1.90736e-05	-1.14442e-05	2.3842e-05	-38.658
1487.5165	11.288	7.53056344e-11	1.71663e-05	1.04905e-05	2.47956e-05	28.494
1489.0829	11.292	7.53323196e-11	-9.5368e-06	-2.28883e-05	2.3842e-05	-110.376
1490.6337	11.296	7.535900479999999e-11	4.48229e-05	-1.62126e-05	4.57766e-05	-20.556
1492.2312	11.3	7.538569e-11	-2.3842e-05	1.04905e-05	2.57493e-05	166.674
1493.8354	11.304	7.54123752e-11	-3.81472e-05	3.81473e-06	3.33788e-05	178.782
1495.382	11.308	7.54390604e-11	-1.14442e-05	-1.14442e-05	1.90736e-05	-150.948
1496.9504	11.312	7.546574559999999e-11	3.81473e-06	-1.33515e-05	1.04905e-05	-68.964
1498.5341	11.316	7.54924308e-11	-6.8665e-05	-1.14442e-05	6.5804e-05	-168.804
1500.0859	11.32	7.5519116e-11	1.62126e-05	3.81473e-06	1.71663e-05	28.44
1501.671	11.324	7.554580119999999e-11	-2.86104e-06	1.33515e-05	1.23978e-05	81.03
1503.474	11.328	7.557248639999999e-11	-1.33515e-05	3.71935e-05	4.00546e-05	110.898
1505.0762	11.332	7.55991716e-11	-1.81199e-05	5.72208e-06	1.04905e-05	120.966
1506.6233	11.336	7.56258568e-11	2.86104e-06	-2.9564e-05	2.9564e-05	-78.69
1508.433	11.34	7.5652542e-11	-1.90736e-06	2.28883e-05	2.19346e-05	78.024
1509.9834	11.344	7.56792272e-11	1.90736e-06	-3.62399e-05	3.62399e-05	-78.69
1511.5539	11.348	7.57059124e-11	5.72208e-06	-1.81199e-05	1.90736e-05	-78.024
1513.1189	11.352	7.57325976e-11	-1.33515e-05	5.24523e-05	5.24523e-05	92.262
1514.7057	11.356	7.575928279999999e-11	1.90736e-06	-2.3842e-05	2.19346e-05	-79.044
1516.5259	11.36	7.578596799999999e-11	1.04905e-05	-1.14442e-05	8.58313e-06	-113.202
1518.1116	11.364	7.58126532e-11	-5.72208e-06	-2.86104e-06	8.58313e-06	-145.302
1519.6583	11.368	7.58393384e-11	3.33788e-05	3.24252e-05	4.86376e-05	47.16
1521.2399	11.372	7.58660236e-11	1.04905e-05	4.7684e-06	1.23978e-05	27.9
1522.8215	11.376	7.58927088e-11	1.90736e-06	-2.6703e-05	2.57493e-05	-76.374
1524.3928	11.38	7.591939400000001e-11	1.71663e-05	8.58313e-06	1.90736e-05	25.644
1525.9713	11.384	7.594607919999999e-11	0.0	-3.81473e-06	1.90736e-06	-146.31
1527.7842	11.388	7.597276439999999e-11	3.81473e-06	-2.86103e-05	3.05178e-05	-72.648
1529.3692	11.392	7.599944959999999e-11	-2.9564e-05	2.28883e-05	3.81472e-05	132.93
1530.9345	11.396	7.60261348e-11	-1.43052e-05	-1.43052e-05	1.62126e-05	-114.444
1532.4965	11.4	7.605282e-11	-1.90736e-06	0.0	3.81473e-06	-123.69
1534.0464	11.404	7.60795052e-11	1.52589e-05	1.81199e-05	2.3842e-05	57.528
1535.8729	11.408	7.61061904e-11	5.72208e-06	-3.05178e-05	3.05178e-05	-82.728
1537.4395	11.412	7.61328756e-11	-1.43052e-05	1.52589e-05	1.71663e-05	119.478
1539.0081	11.416	7.61595608e-11	-2.0981e-05	-2.3842e-05	3.24252e-05	-141.522
1540.8104	11.42	7.6186246e-11	2.19346e-05	8.58313e-06	2.3842e-05	17.448
1542.3825	11.424	7.621293119999999e-11	8.58313e-06	2.47956e-05	2.6703e-05	59.742
1543.931	11.428	7.62396164e-11	1.52589e-05	-1.23978e-05	1.71663e-05	-41.82
1545.5031	11.432	7.62663016e-11	-6.67575e-06	-2.47956e-05	2.28883e-05	-74.748
1547.0495	11.436	7.62929868e-11	-9.5368e-06	-9.5368e-06	1.33515e-05	-124.38
1548.6313	11.44	7.631967199999999e-11	-1.81199e-05	9.53682e-07	1.81199e-05	172.146
1550.2134	11.444	7.63463572e-11	1.71663e-05	-6.67575e-06	1.14442e-05	-39.288
1551.7805	11.448	7.63730424e-11	2.28883e-05	9.53682e-07	1.90736e-05	15.948
1553.3526	11.452	7.63997276e-11	-1.14442e-05	2.86104e-06	1.71663e-05	160.974
1554.9183	11.456	7.64264128e-11	-4.48229e-05	3.33788e-05	5.0545e-05	138.576
1556.4842	11.46	7.6453098e-11	6.67575e-06	2.47956e-05	2.57493e-05	50.196
1558.035	11.464	7.64797832e-11	2.00273e-05	-2.19346e-05	2.86103e-05	-38.232
1559.8565	11.468	7.650646839999999e-11	-2.86104e-06	1.04905e-05	1.23978e-05	92.862
1561.427	11.472	7.653315359999999e-11	9.5368e-06	1.23978e-05	1.71663e-05	62.592
1562.9922	11.476	7.65598388e-11	-1.71663e-05	1.43052e-05	2.3842e-05	130.764
1564.6064	11.48	7.6586524e-11	-2.6703e-05	-6.67575e-06	2.00273e-05	-150.522
1566.1751	11.484	7.66132092e-11	-3.71935e-05	-9.53682e-07	2.76567e-05	-178.452
1567.9996	11.488	7.66398944e-11	1.90736e-06	-7.62945e-06	7.62945e-06	-67.38
1569.596	11.492	7.666657960000001e-11	-4.95913e-05	1.81199e-05	4.48229e-05	165.72
1571.1636	11.496	7.669326479999999e-11	1.04905e-05	-2.47956e-05	2.3842e-05	-71.568
1572.7328	11.5	7.671994999999999e-11	1.90736e-05	2.6703e-05	3.71935e-05	49.71
1574.2826	11.504	7.674663519999999e-11	9.5368e-06	-2.00273e-05	2.3842e-05	-67.932
1575.8629	11.508	7.677332039999999e-11	-9.53682e-07	-1.14442e-05	1.52589e-05	-64.44
1577.4637	11.512	7.68000056e-11	-2.57493e-05	-9.5368e-06	1.90736e-05	175.236
1579.0471	11.516	7.68266908e-11	1.52589e-05	-6.67575e-06	3.81473e-06	-71.568
1580.8696	11.52	7.6853376e-11	1.90736e-06	1.04905e-05	1.04905e-05	83.658
1582.4672	11.524	7.68800612e-11	-4.86376e-05	-1.14442e-05	3.91009e-05	-167.346
1584.0517	11.528	7.69067464e-11	-4.57766e-05	-7.62945e-06	4.29156e-05	-173.76
1585.6239	11.532	7.693343159999999e-11	-2.00273e-05	-4.7684e-06	2.00273e-05	172.878
1587.1729	11.536	7.696011679999999e-11	5.72208e-06	3.43325e-05	3.71935e-05	79.608
1588.7421	11.54	7.698680199999999e-11	5.72208e-06	1.52589e-05	1.81199e-05	33.69
1590.3189	11.544	7.70134872e-11	1.04905e-05	6.67575e-06	1.71663e-05	45.0
1592.1331	11.548	7.70401724e-11	9.5368e-06	1.14442e-05	1.52589e-05	64.44
1593.6764	11.552	7.70668576e-11	-2.86104e-06	-3.81473e-06	3.81473e-06	-45.0
1595.2647	11.556	7.709354279999999e-11	2.86103e-05	-2.3842e-05	3.71935e-05	-44.292
1596.8313	11.56	7.7120228e-11	-2.9564e-05	-2.76567e-05	4.19619e-05	-141.204
1598.402	11.564	7.71469132e-11	1.23978e-05	2.76567e-05	3.05178e-05	57.618
1600.2417	11.568	7.71735984e-11	-2.28883e-05	-2.86104e-06	2.57493e-05	175.71
1601.8022	11.572	7.720028359999999e-11	0.0	-2.47956e-05	2.19346e-05	-97.35
1603.3512	11.576	7.72269688e-11	1.14442e-05	-9.53682e-07	1.52589e-05	-14.622
1605.1986	11.58	7.7253654e-11	-2.86104e-06	-2.0981e-05	1.90736e-05	-88.092
1606.7441	11.584	7.728033919999999e-11	5.72208e-06	1.52589e-05	1.52589e-05	59.934
1608.3592	11.588	7.730702439999999e-11	-1.04905e-05	5.72208e-06	8.58313e-06	115.02
1609.9487	11.592	7.73337096e-11	1.71663e-05	-4.00546e-05	4.38693e-05	-73.704
1611.4933	11.596	7.73603948e-11	-1.90736e-05	-4.7684e-06	1.23978e-05	-168.69
1613.0827	11.6	7.738708e-11	1.90736e-05	-2.86104e-06	1.90736e-05	-5.904