Time (s) 	 Position (mm) 	 Delay (s) 	 X 	 Y 	 R 	 theta 
#Without Preamplifier,searching for the GaP signal, ZnTe detector angle 40deg, Chopper 230Hz, time constant=0.1s 24dB, waiting time= 1.0s, sensitivity=20mV
1.5183	7.7	5.1369009999999997e-11	1.62126e-05	-3.81472e-05	4.19619e-05	-60.594
3.138	7.704	5.1395695199999995e-11	9.53682e-07	-7.62945e-06	8.58313e-06	-45.0
4.7234	7.708	5.14223804e-11	1.23978e-05	2.28883e-05	2.57493e-05	49.572
6.3038	7.712	5.14490656e-11	3.81473e-06	2.86104e-06	7.62945e-06	-47.292
7.8544	7.716	5.1475750799999996e-11	4.19619e-05	4.10082e-05	6.19893e-05	44.568
9.6734	7.72	5.1502435999999994e-11	1.23978e-05	-1.62126e-05	2.00273e-05	-30.648
11.2591	7.724	5.15291212e-11	3.81473e-06	-2.57493e-05	2.19346e-05	-67.518
13.088	7.728	5.15558064e-11	-7.62945e-06	-8.58313e-06	1.33515e-05	-124.38
14.6366	7.732	5.15824916e-11	0.0	-1.81199e-05	1.71663e-05	-70.2
16.2196	7.736	5.1609176799999993e-11	6.67575e-06	-1.90736e-06	3.81473e-06	9.462
17.782	7.74	5.1635862e-11	-3.81473e-06	-3.14715e-05	2.76567e-05	-106.992
19.3538	7.744	5.1662547199999996e-11	1.90736e-05	1.23978e-05	1.90736e-05	36.468
20.9359	7.748	5.16892324e-11	-1.71663e-05	-2.00273e-05	2.3842e-05	-125.538
22.5001	7.752	5.17159176e-11	-1.23978e-05	1.33515e-05	1.62126e-05	112.248
24.0655	7.756	5.17426028e-11	3.05178e-05	2.0981e-05	3.52862e-05	31.536
25.8759	7.76	5.1769287999999995e-11	1.52589e-05	-3.05178e-05	3.24252e-05	-58.626
27.4755	7.764	5.17959732e-11	-7.62945e-06	-7.62945e-06	1.04905e-05	-128.16
29.3035	7.768	5.18226584e-11	4.19619e-05	-2.00273e-05	4.57766e-05	-28.41
30.8844	7.772	5.1849343599999997e-11	-2.86103e-05	1.04905e-05	3.14715e-05	145.098
32.4848	7.776	5.1876028799999995e-11	-1.33515e-05	-7.62945e-06	1.04905e-05	-161.568
34.0327	7.78	5.1902714e-11	2.86104e-06	8.58313e-06	8.58313e-06	53.13
35.5959	7.784	5.19293992e-11	0.0	0.0	5.72208e-06	147.528
37.1624	7.788	5.19560844e-11	-2.9564e-05	1.90736e-06	2.6703e-05	171.468
38.7201	7.792	5.1982769599999994e-11	2.9564e-05	-4.7684e-06	3.24252e-05	-7.668
40.3025	7.796	5.20094548e-11	5.0545e-05	-1.62126e-05	5.53133e-05	-11.85
42.1027	7.8	5.203614e-11	1.90736e-06	7.62945e-06	8.58313e-06	90.0
43.6546	7.804	5.20628252e-11	1.71663e-05	2.86103e-05	3.24252e-05	69.306
45.4954	7.808	5.208951039999999e-11	-2.86103e-05	-4.10082e-05	5.0545e-05	-109.56
47.0936	7.812	5.21161956e-11	4.7684e-06	3.33788e-05	2.9564e-05	79.284
48.6522	7.816	5.2142880799999996e-11	1.62126e-05	-2.28883e-05	2.57493e-05	-46.08
50.4732	7.82	5.2169566e-11	9.5368e-06	-2.47956e-05	2.6703e-05	-62.82
52.0238	7.824	5.21962512e-11	-9.5368e-06	-2.00273e-05	2.0981e-05	-107.352
53.8563	7.828	5.22229364e-11	1.23978e-05	2.86104e-06	1.04905e-05	49.086
55.4583	7.832	5.2249621599999995e-11	3.81472e-05	1.90736e-06	4.38693e-05	7.542
56.9888	7.836	5.22763068e-11	0.0	-2.3842e-05	2.00273e-05	-87.882
58.5754	7.84	5.2302992e-11	9.5368e-06	2.86103e-05	3.62399e-05	76.866
60.1254	7.844	5.2329677199999996e-11	3.14715e-05	-2.57493e-05	4.29156e-05	-41.424
61.6824	7.848	5.2356362399999995e-11	1.71663e-05	-6.67575e-06	2.19346e-05	-18.432
63.2327	7.852	5.23830476e-11	1.04905e-05	-1.14442e-05	1.52589e-05	-30.066
64.7928	7.856	5.24097328e-11	1.23978e-05	2.86104e-06	1.04905e-05	0.0
66.6014	7.86	5.2436418e-11	1.04905e-05	-4.7684e-06	1.04905e-05	-18.432
68.1903	7.864	5.2463103199999994e-11	1.71663e-05	-3.71935e-05	3.91009e-05	-70.02
70.0138	7.868	5.24897884e-11	3.33788e-05	-4.7684e-06	3.43325e-05	-14.856
71.5759	7.872	5.2516473599999997e-11	1.81199e-05	1.23978e-05	1.71663e-05	45.0
73.1652	7.876	5.25431588e-11	-7.62945e-06	-4.57766e-05	4.67303e-05	-95.478
74.7282	7.88	5.2569844e-11	1.71663e-05	0.0	1.43052e-05	-30.066
76.2851	7.884	5.25965292e-11	1.33515e-05	-1.04905e-05	1.62126e-05	-45.0
77.8671	7.888	5.2623214399999996e-11	-9.53682e-07	-1.04905e-05	1.23978e-05	-76.608
79.4328	7.892	5.26498996e-11	-2.47956e-05	3.81473e-06	2.57493e-05	167.004
81.0145	7.896	5.26765848e-11	1.33515e-05	-7.62945e-06	2.00273e-05	-22.992
82.825	7.9	5.270327e-11	0.0	1.71663e-05	2.0981e-05	62.742
84.4058	7.904	5.2729955199999995e-11	2.28883e-05	-4.00546e-05	4.48229e-05	-61.188
86.2118	7.908	5.27566404e-11	0.0	0.0	0.0	-71.568
87.7578	7.912	5.27833256e-11	0.0	2.57493e-05	2.47956e-05	71.076
89.3467	7.916	5.28100108e-11	1.33515e-05	-2.47956e-05	3.33788e-05	-51.954
90.8945	7.92	5.2836695999999994e-11	-1.52589e-05	-6.67575e-06	1.71663e-05	-143.532
92.4479	7.924	5.28633812e-11	-1.23978e-05	1.71663e-05	2.0981e-05	122.196
94.001	7.928	5.28900664e-11	0.0	-4.19619e-05	4.19619e-05	-92.604
95.5836	7.932	5.29167516e-11	3.81473e-06	-4.7684e-06	3.81473e-06	-96.342
97.1443	7.936	5.2943436799999994e-11	1.52589e-05	-1.81199e-05	2.47956e-05	-58.296
98.9541	7.94	5.2970122e-11	1.71663e-05	1.04905e-05	1.81199e-05	38.658
100.5241	7.944	5.2996807199999997e-11	-1.62126e-05	3.81473e-06	1.81199e-05	155.856
102.3599	7.948	5.30234924e-11	-5.72208e-06	-1.81199e-05	1.90736e-05	-102.726
103.9284	7.952	5.30501776e-11	-9.53682e-07	-1.90736e-06	3.81473e-06	6.342
105.4945	7.956	5.30768628e-11	-1.33515e-05	-2.00273e-05	2.0981e-05	-113.964
107.081	7.96	5.3103547999999996e-11	-2.6703e-05	1.23978e-05	2.86103e-05	154.026
108.6285	7.964	5.31302332e-11	-9.5368e-06	-1.14442e-05	1.62126e-05	-155.376
110.2151	7.968	5.31569184e-11	1.62126e-05	1.52589e-05	2.47956e-05	37.746
111.767	7.972	5.31836036e-11	-7.62945e-06	1.14442e-05	1.43052e-05	125.838
113.3472	7.976	5.3210288799999995e-11	-9.5368e-06	-2.6703e-05	2.76567e-05	-111.036
114.895	7.98	5.3236974e-11	1.90736e-06	1.81199e-05	1.81199e-05	83.886
116.4959	7.984	5.32636592e-11	-5.72208e-06	-1.33515e-05	1.23978e-05	-67.62
118.0482	7.988	5.32903444e-11	1.62126e-05	-1.14442e-05	1.81199e-05	-45.0
119.6193	7.992	5.3317029599999994e-11	-1.62126e-05	-1.90736e-06	1.62126e-05	-163.494
121.181	7.996	5.33437148e-11	-1.90736e-06	9.53682e-07	9.53682e-07	-153.438
123.0097	8.0	5.33704e-11	1.71663e-05	-9.5368e-06	1.71663e-05	-24.228
124.5605	8.004	5.3397085199999995e-11	-2.86103e-05	-4.7684e-06	2.57493e-05	-165.966
126.1124	8.008	5.3423770399999994e-11	3.24252e-05	2.3842e-05	3.52862e-05	46.638
127.7111	8.012	5.34504556e-11	-4.7684e-06	4.7684e-06	3.81473e-06	-156.798
129.276	8.016	5.3477140799999996e-11	-1.71663e-05	1.23978e-05	1.71663e-05	113.202
130.8427	8.02	5.3503825999999995e-11	1.33515e-05	1.90736e-05	2.19346e-05	47.724
132.4062	8.024	5.353051119999999e-11	-9.53682e-07	-2.00273e-05	1.81199e-05	-105.066
133.9742	8.028	5.35571964e-11	0.0	2.00273e-05	1.90736e-05	75.468
135.8003	8.032	5.3583881599999996e-11	4.7684e-06	2.00273e-05	2.0981e-05	50.196
137.3509	8.036	5.3610566799999994e-11	1.71663e-05	-3.52862e-05	3.91009e-05	-62.1
138.9373	8.04	5.363725199999999e-11	-3.81473e-06	2.28883e-05	2.3842e-05	64.092
140.5046	8.044	5.3663937200000003e-11	-2.00273e-05	4.10082e-05	4.38693e-05	131.184
142.3081	8.048	5.3690622399999995e-11	1.43052e-05	-1.81199e-05	2.19346e-05	-46.332
143.8716	8.052	5.371730759999999e-11	-9.5368e-06	1.90736e-05	2.00273e-05	77.274
145.4444	8.056	5.374399279999999e-11	-2.28883e-05	-2.86104e-06	1.90736e-05	-169.878
146.9947	8.06	5.3770678e-11	3.05178e-05	1.23978e-05	3.14715e-05	19.23
148.556	8.064	5.37973632e-11	-9.53682e-07	8.58313e-06	3.81473e-06	0.0
150.1232	8.068	5.382404839999999e-11	5.72208e-06	-5.0545e-05	5.0545e-05	-78.408
151.7106	8.072	5.385073359999999e-11	3.91009e-05	-1.14442e-05	3.62399e-05	-10.008
153.262	8.076	5.38774188e-11	-2.76567e-05	-1.14442e-05	3.05178e-05	-146.976
155.0852	8.08	5.3904104e-11	-8.58313e-06	1.90736e-06	9.5368e-06	-169.38
156.6512	8.084	5.393078919999999e-11	2.86103e-05	3.52862e-05	4.38693e-05	50.526
158.2056	8.088	5.395747439999999e-11	-9.5368e-06	9.5368e-06	1.14442e-05	102.528
159.7658	8.092	5.39841596e-11	2.28883e-05	1.90736e-06	2.28883e-05	11.976
161.3343	8.096	5.40108448e-11	1.23978e-05	2.86103e-05	2.86103e-05	84.918
162.9029	8.1	5.403753e-11	-6.67575e-06	3.33788e-05	3.24252e-05	87.612
164.4879	8.104	5.406421519999999e-11	7.62945e-06	-2.86104e-06	1.90736e-06	-164.052
166.0519	8.108	5.40909004e-11	8.58313e-06	-2.47956e-05	2.76567e-05	-83.928
167.8619	8.112	5.41175856e-11	1.33515e-05	3.81473e-06	1.33515e-05	-5.712
169.433	8.116	5.4144270799999997e-11	3.81473e-06	3.71935e-05	4.19619e-05	68.838
170.9924	8.12	5.4170955999999995e-11	6.67575e-06	-9.53682e-07	4.7684e-06	-57.996
172.5789	8.124	5.41976412e-11	4.19619e-05	-6.67575e-06	3.91009e-05	-12.756
174.3846	8.128	5.42243264e-11	9.5368e-06	-3.14715e-05	2.86103e-05	-72.474
175.9502	8.132	5.4251011599999996e-11	1.04905e-05	1.23978e-05	1.43052e-05	78.234
177.5014	8.136	5.4277696799999994e-11	2.28883e-05	-2.86104e-06	2.86103e-05	1.272
179.0542	8.14	5.4304382e-11	-2.0981e-05	-1.90736e-06	1.62126e-05	-163.074
180.6206	8.144	5.43310672e-11	-1.04905e-05	1.04905e-05	1.52589e-05	141.708
182.2061	8.148	5.4357752399999995e-11	-3.81473e-06	1.33515e-05	1.62126e-05	127.692
183.7748	8.152	5.4384437599999993e-11	-1.43052e-05	-1.04905e-05	1.62126e-05	-148.242
185.3416	8.156	5.44111228e-11	1.90736e-06	1.04905e-05	9.5368e-06	63.438
187.1424	8.16	5.4437807999999996e-11	1.52589e-05	1.43052e-05	2.28883e-05	35.91
188.7415	8.164	5.4464493199999994e-11	9.5368e-06	-9.5368e-06	1.14442e-05	-110.226
190.3106	8.168	5.449117839999999e-11	2.3842e-05	1.43052e-05	2.3842e-05	42.612
191.8762	8.172	5.4517863600000004e-11	3.43325e-05	1.04905e-05	3.24252e-05	-1.122
193.4653	8.176	5.4544548799999996e-11	1.90736e-06	3.05178e-05	3.24252e-05	81.414
195.2899	8.18	5.4571233999999994e-11	2.28883e-05	-1.43052e-05	2.86103e-05	-29.292
196.8484	8.184	5.459791919999999e-11	1.90736e-06	-1.62126e-05	1.62126e-05	-75.966
198.4182	8.188	5.46246044e-11	1.14442e-05	-7.62945e-06	9.5368e-06	-10.308
199.9873	8.192	5.46512896e-11	-8.58313e-06	1.43052e-05	1.14442e-05	160.344
201.5855	8.196	5.467797479999999e-11	-9.5368e-06	-1.90736e-06	1.90736e-06	90.0
203.1389	8.2	5.470465999999999e-11	-4.7684e-06	-3.33788e-05	3.24252e-05	-90.0
204.7202	8.204	5.47313452e-11	3.81473e-06	5.72208e-06	7.62945e-06	39.288
206.5321	8.208	5.47580304e-11	5.72208e-06	-1.14442e-05	1.23978e-05	-69.774
208.0989	8.212	5.478471559999999e-11	-2.28883e-05	-5.72208e-06	3.05178e-05	-158.406
209.6505	8.216	5.481140079999999e-11	-2.86103e-05	3.71935e-05	4.86376e-05	122.646
211.2634	8.22	5.4838086e-11	-4.7684e-06	2.86104e-06	4.7684e-06	116.562
212.8274	8.224	5.48647712e-11	-1.62126e-05	-4.7684e-06	1.43052e-05	-147.096
214.3805	8.228	5.48914564e-11	1.90736e-06	-2.9564e-05	2.86103e-05	-80.754
215.9732	8.232	5.491814159999999e-11	2.86104e-06	-3.62399e-05	3.14715e-05	-84.144
217.5316	8.236	5.49448268e-11	-4.7684e-06	-1.71663e-05	1.90736e-05	-103.626
219.3874	8.24	5.4971512e-11	-1.43052e-05	-1.71663e-05	1.62126e-05	-126.024
220.9693	8.244	5.49981972e-11	3.91009e-05	-6.67575e-06	3.33788e-05	-1.272
222.5294	8.248	5.5024882399999995e-11	-4.19619e-05	-2.9564e-05	5.0545e-05	-154.44
224.105	8.252	5.50515676e-11	-9.5368e-06	2.86103e-05	2.9564e-05	109.23
225.6671	8.256	5.50782528e-11	3.81473e-06	2.00273e-05	1.90736e-05	66.252
227.4959	8.26	5.5104937999999996e-11	8.58313e-06	6.67575e-06	1.04905e-05	49.398
229.0893	8.264	5.5131623199999995e-11	-2.86104e-06	2.86104e-06	8.58313e-06	-176.988
230.6571	8.268	5.51583084e-11	-6.67575e-06	-3.81473e-06	5.72208e-06	-150.948
232.2412	8.272	5.51849936e-11	-9.5368e-06	-1.04905e-05	1.71663e-05	-150.462
233.7876	8.276	5.5211678799999996e-11	-1.33515e-05	8.10628e-05	8.01091e-05	99.702
235.3765	8.28	5.5238363999999994e-11	1.81199e-05	-2.76567e-05	2.86103e-05	-62.178
236.9376	8.284	5.52650492e-11	1.14442e-05	-1.04905e-05	1.52589e-05	-56.31
238.7493	8.288	5.52917344e-11	-1.43052e-05	-1.62126e-05	2.19346e-05	-119.934
240.3336	8.292	5.5318419599999995e-11	-6.67575e-06	-3.81473e-06	9.5368e-06	180.0
241.8847	8.296	5.534510479999999e-11	9.5368e-06	-2.9564e-05	3.05178e-05	-67.11
243.4699	8.3	5.5371790000000004e-11	-2.3842e-05	7.62945e-06	2.3842e-05	171.636
245.0329	8.304	5.5398475199999996e-11	-1.81199e-05	1.62126e-05	2.3842e-05	145.884
246.854	8.308	5.5425160399999994e-11	2.86104e-06	-1.23978e-05	1.33515e-05	-59.934
248.4036	8.312	5.545184559999999e-11	-2.6703e-05	-7.62945e-06	3.05178e-05	-167.988
249.9938	8.316	5.5478530800000004e-11	-1.14442e-05	1.04905e-05	1.81199e-05	133.602
251.5749	8.32	5.5505216e-11	0.0	-4.7684e-06	9.5368e-06	-148.242
253.159	8.324	5.5531901199999994e-11	1.52589e-05	-1.33515e-05	2.19346e-05	-43.782
254.9845	8.328	5.555858639999999e-11	3.14715e-05	2.86103e-05	4.19619e-05	51.894
256.5361	8.332	5.55852716e-11	-2.86104e-06	0.0	2.86104e-06	-35.538
258.1132	8.336	5.56119568e-11	1.90736e-05	-4.10082e-05	4.29156e-05	-76.812
259.9368	8.34	5.5638642e-11	6.19893e-05	-2.19346e-05	6.38966e-05	-17.652
261.475	8.344	5.566532719999999e-11	0.0	3.24252e-05	3.33788e-05	93.24
263.0385	8.348	5.56920124e-11	2.86104e-06	3.91009e-05	4.00546e-05	90.0
264.5915	8.352	5.57186976e-11	2.9564e-05	2.00273e-05	3.91009e-05	32.682
266.1741	8.356	5.57453828e-11	2.86104e-06	-9.5368e-06	8.58313e-06	-85.236
267.9839	8.36	5.577206799999999e-11	5.72208e-06	0.0	5.72208e-06	-20.556
269.5436	8.364	5.57987532e-11	-9.5368e-06	-3.14715e-05	3.33788e-05	-120.966
271.116	8.368	5.58254384e-11	-1.52589e-05	-3.81473e-06	1.04905e-05	-132.51
272.6694	8.372	5.58521236e-11	-3.81473e-06	-2.28883e-05	2.28883e-05	-117.3
274.2644	8.376	5.5878808799999996e-11	-3.24252e-05	-4.29156e-05	5.24523e-05	-131.76
275.8199	8.38	5.5905494e-11	9.5368e-06	-1.33515e-05	2.19346e-05	-50.388
277.3817	8.384	5.59321792e-11	-4.10082e-05	-1.62126e-05	4.38693e-05	-156.798
279.2228	8.388	5.59588644e-11	2.86104e-06	5.72208e-06	7.62945e-06	48.012
280.8062	8.392	5.5985549599999995e-11	1.04905e-05	0.0	3.81473e-06	45.0
282.3754	8.396	5.60122348e-11	-4.7684e-06	-2.28883e-05	2.28883e-05	-98.13
283.9289	8.4	5.603892e-11	1.52589e-05	-2.76567e-05	3.05178e-05	-63.438
285.5041	8.404	5.6065605199999996e-11	2.9564e-05	5.72208e-06	3.14715e-05	11.07
287.3342	8.408	5.6092290399999994e-11	-1.14442e-05	0.0	1.04905e-05	-176.634
288.9156	8.412	5.6118975600000006e-11	-2.00273e-05	-1.33515e-05	2.86103e-05	-156.948
290.4981	8.416	5.61456608e-11	-6.67575e-06	-1.90736e-05	1.90736e-05	-117.408
292.3355	8.42	5.6172345999999996e-11	1.71663e-05	6.67575e-06	1.81199e-05	39.558
293.9148	8.424	5.6199031199999994e-11	-4.19619e-05	-8.58313e-06	4.19619e-05	-164.664
295.5141	8.428	5.6225716400000005e-11	8.58313e-06	-2.86104e-06	1.90736e-05	-9.21
297.0691	8.432	5.6252401599999997e-11	-1.14442e-05	-2.3842e-05	2.57493e-05	-126.57
298.6177	8.436	5.6279086799999995e-11	2.19346e-05	1.14442e-05	2.00273e-05	30.258
300.4782	8.44	5.630577199999999e-11	-1.14442e-05	1.04905e-05	1.04905e-05	164.748
302.0455	8.444	5.6332457200000004e-11	-1.43052e-05	-2.9564e-05	3.33788e-05	-109.386
303.6276	8.448	5.63591424e-11	-9.53682e-07	-4.7684e-06	5.72208e-06	-100.308
305.1899	8.452	5.6385827599999994e-11	8.58313e-06	-2.28883e-05	2.28883e-05	-69.864
306.7937	8.456	5.641251279999999e-11	-1.62126e-05	3.81473e-06	2.19346e-05	161.568
308.3393	8.46	5.6439198000000003e-11	-1.43052e-05	4.19619e-05	4.48229e-05	107.1
309.9394	8.464	5.64658832e-11	5.72208e-06	-4.7684e-06	1.04905e-05	-43.026
311.7781	8.468	5.64925684e-11	-9.53682e-07	-2.86103e-05	2.57493e-05	-57.846
313.333	8.472	5.651925359999999e-11	-6.67575e-06	1.71663e-05	1.90736e-05	114.144
314.8804	8.476	5.65459388e-11	-3.81473e-06	1.71663e-05	2.00273e-05	126.528
316.4787	8.48	5.6572624e-11	-6.67575e-06	-2.86104e-06	5.72208e-06	126.252
318.0495	8.484	5.65993092e-11	1.90736e-05	-4.48229e-05	4.76839e-05	-61.974
319.8835	8.488	5.66259944e-11	-6.67575e-06	-1.04905e-05	1.43052e-05	-140.526
321.4911	8.492	5.66526796e-11	-5.24523e-05	-5.72208e-06	5.53133e-05	-173.886
323.066	8.496	5.66793648e-11	-5.3406e-05	-7.62945e-06	5.14986e-05	-164.874
324.9068	8.5	5.670605e-11	-3.81473e-06	-1.04905e-05	1.52589e-05	-88.152
326.4648	8.504	5.6732735199999996e-11	1.71663e-05	-1.81199e-05	2.47956e-05	-36.57
328.0569	8.508	5.675942039999999e-11	1.90736e-05	2.00273e-05	2.28883e-05	88.362
329.6255	8.512	5.67861056e-11	-2.86104e-06	2.86103e-05	2.76567e-05	98.328
331.2066	8.516	5.68127908e-11	-1.71663e-05	-3.24252e-05	3.52862e-05	-115.146
333.0179	8.52	5.6839475999999996e-11	-1.81199e-05	-3.81473e-06	2.19346e-05	-175.362
334.5669	8.524	5.6866161199999994e-11	2.57493e-05	-4.00546e-05	4.38693e-05	-58.734
336.1147	8.528	5.68928464e-11	2.0981e-05	-1.14442e-05	2.28883e-05	-25.824
337.716	8.532	5.69195316e-11	6.67575e-06	-6.67575e-06	1.04905e-05	-107.652
339.3051	8.536	5.6946216799999995e-11	-1.52589e-05	3.81473e-06	1.33515e-05	142.596
340.8532	8.54	5.697290199999999e-11	-4.48229e-05	-2.9564e-05	4.86376e-05	-145.842
342.4009	8.544	5.69995872e-11	-1.43052e-05	-2.00273e-05	2.00273e-05	-126.468
344.2468	8.548	5.7026272399999996e-11	-9.5368e-06	-1.14442e-05	1.52589e-05	-152.448
345.7971	8.552	5.7052957599999994e-11	2.00273e-05	-1.33515e-05	2.00273e-05	-47.604
347.3571	8.556	5.707964279999999e-11	-3.14715e-05	2.0981e-05	3.91009e-05	135.0
348.9446	8.56	5.7106328000000004e-11	4.29156e-05	-1.04905e-05	4.38693e-05	-6.054
350.4978	8.564	5.7133013199999995e-11	0.0	-1.62126e-05	1.52589e-05	-82.566
352.3216	8.568	5.7159698399999994e-11	-2.28883e-05	0.0	2.47956e-05	-172.878
353.8683	8.572	5.718638359999999e-11	-9.53682e-07	-3.62399e-05	3.62399e-05	-82.998
355.4485	8.576	5.72130688e-11	-2.47956e-05	9.5368e-06	2.76567e-05	158.964
357.259	8.58	5.7239753999999995e-11	-2.00273e-05	-9.5368e-06	1.43052e-05	-139.764
358.808	8.584	5.726643919999999e-11	-2.0981e-05	8.58313e-06	2.00273e-05	148.392
360.3598	8.588	5.729312439999999e-11	1.04905e-05	3.81473e-06	1.23978e-05	10.782
361.9322	8.592	5.73198096e-11	-1.33515e-05	-2.00273e-05	2.19346e-05	-120.966
363.4827	8.596	5.73464948e-11	-3.81473e-06	-2.28883e-05	2.19346e-05	-105.252
365.3056	8.6	5.737317999999999e-11	-1.04905e-05	2.3842e-05	2.47956e-05	98.364
366.8514	8.604	5.739986519999999e-11	-4.7684e-06	-4.29156e-05	4.29156e-05	-104.874
368.404	8.608	5.74265504e-11	3.24252e-05	3.81473e-06	3.52862e-05	7.524
369.9541	8.612	5.74532356e-11	-9.53682e-07	1.62126e-05	1.71663e-05	102.528
371.5518	8.616	5.74799208e-11	-6.67575e-06	-4.7684e-06	1.04905e-05	-139.086
373.1073	8.62	5.750660599999999e-11	6.67575e-06	1.23978e-05	1.52589e-05	62.358
374.7034	8.624	5.75332912e-11	2.86104e-06	-7.62945e-06	9.5368e-06	-69.444
376.2522	8.628	5.75599764e-11	-1.52589e-05	0.0	1.62126e-05	-173.418
378.1322	8.632	5.75866616e-11	-3.71935e-05	-3.33788e-05	4.95913e-05	-140.49
379.7314	8.636	5.761334679999999e-11	-3.14715e-05	9.5368e-06	3.33788e-05	171.726
381.3068	8.64	5.7640032e-11	-8.58313e-06	-4.7684e-06	6.67575e-06	-144.462
382.8753	8.644	5.76667172e-11	1.52589e-05	2.28883e-05	2.57493e-05	75.966
384.7527	8.648	5.7693402399999996e-11	-9.53682e-07	1.90736e-06	9.53682e-07	-111.804
386.3161	8.652	5.7720087599999994e-11	1.71663e-05	-9.53682e-07	1.62126e-05	-21.372
387.9024	8.656	5.77467728e-11	4.67303e-05	1.62126e-05	4.86376e-05	16.698
389.7232	8.66	5.7773458e-11	3.81473e-06	-9.5368e-06	1.23978e-05	-92.724
391.291	8.664	5.7800143199999996e-11	1.71663e-05	2.19346e-05	3.24252e-05	52.032
392.8679	8.668	5.7826828399999994e-11	2.28883e-05	-3.81473e-06	2.3842e-05	-29.934
394.4529	8.672	5.78535136e-11	3.43325e-05	2.57493e-05	4.48229e-05	25.824
396.0347	8.676	5.7880198799999997e-11	9.5368e-06	-1.23978e-05	1.90736e-05	-63.438
397.8574	8.68	5.7906883999999995e-11	2.3842e-05	-3.52862e-05	4.38693e-05	-44.382
399.4435	8.684	5.793356919999999e-11	3.33788e-05	4.86376e-05	5.6267e-05	57.096
401.0073	8.688	5.7960254400000004e-11	3.62399e-05	2.3842e-05	4.57766e-05	30.828
402.5783	8.692	5.7986939599999996e-11	4.95913e-05	4.67303e-05	6.77113e-05	47.352
404.1256	8.696	5.8013624799999994e-11	1.90736e-06	1.81199e-05	2.00273e-05	94.902
405.7154	8.7	5.804030999999999e-11	8.77385e-05	3.52862e-05	8.77385e-05	23.784
407.2606	8.704	5.8066995200000003e-11	0.000110627	3.71935e-05	0.000120163	17.538
409.1038	8.708	5.8093680399999995e-11	7.91554e-05	9.5368e-06	8.29701e-05	3.63
410.6739	8.712	5.8120365599999993e-11	0.000116349	3.24252e-05	0.000122071	15.39
412.266	8.716	5.814705079999999e-11	8.77385e-05	5.43597e-05	0.000103951	28.374
413.8402	8.72	5.8173736e-11	5.72207e-05	1.90736e-06	6.00817e-05	-3.078
415.3991	8.724	5.82004212e-11	6.00817e-05	5.53133e-05	8.39238e-05	41.856
417.2104	8.728	5.82271064e-11	8.86922e-05	4.29156e-05	0.000100136	24.192
418.7592	8.732	5.82537916e-11	8.10628e-05	8.10628e-05	0.000112534	46.938
420.3307	8.736	5.82804768e-11	2.57493e-05	2.0981e-05	3.62399e-05	35.076
422.1555	8.74	5.8307162e-11	6.38966e-05	3.71935e-05	7.34334e-05	39.744
423.7177	8.744	5.833384719999999e-11	4.38693e-05	6.00817e-05	7.72481e-05	51.186
425.2824	8.748	5.836053239999999e-11	-6.67575e-06	6.00817e-05	5.9128e-05	90.0
426.853	8.752	5.83872176e-11	4.57766e-05	2.3842e-05	4.95913e-05	37.944
428.4392	8.756	5.84139028e-11	-1.14442e-05	3.71935e-05	3.91009e-05	113.574
430.0187	8.76	5.8440588e-11	-4.48229e-05	6.5804e-05	8.39238e-05	125.436
431.5883	8.764	5.84672732e-11	-2.76567e-05	-5.72208e-06	2.57493e-05	-169.284
433.1346	8.768	5.849395840000001e-11	-3.81472e-05	-2.86104e-06	4.19619e-05	175.794
434.7248	8.772	5.852064359999999e-11	-3.14715e-05	2.57493e-05	5.14986e-05	145.92
436.2889	8.776	5.854732879999999e-11	-7.34334e-05	-2.00273e-05	7.34334e-05	-167.976
437.884	8.78	5.857401399999999e-11	-4.57766e-05	-9.5368e-06	5.9128e-05	-165.402
439.4358	8.784	5.86006992e-11	-6.8665e-05	-2.3842e-05	7.24797e-05	-160.416
440.9924	8.788	5.86273844e-11	-2.76567e-05	-1.62126e-05	3.24252e-05	-151.86
442.8083	8.792	5.86540696e-11	-3.14715e-05	-2.28883e-05	3.62399e-05	-136.434
444.407	8.796	5.86807548e-11	-4.7684e-06	-3.91009e-05	4.19619e-05	-102.804
446.0058	8.8	5.870744e-11	-3.81472e-05	-5.3406e-05	6.48503e-05	-125.814
447.5965	8.804	5.87341252e-11	-3.43325e-05	-1.33515e-05	3.24252e-05	-146.634
449.4287	8.808	5.87608104e-11	-2.86103e-05	-4.57766e-05	5.6267e-05	-135.456
451.0289	8.812	5.878749559999999e-11	-2.57493e-05	-3.81472e-05	4.57766e-05	-125.724
452.5863	8.816	5.88141808e-11	1.23978e-05	-4.19619e-05	4.29156e-05	-78.516
454.1356	8.82	5.8840866e-11	-1.81199e-05	-1.14442e-05	2.57493e-05	-151.074
455.6975	8.824	5.88675512e-11	-3.62399e-05	-1.71663e-05	4.19619e-05	-151.878
457.507	8.828	5.889423639999999e-11	-2.3842e-05	-6.67575e-06	2.28883e-05	-168.024
459.0738	8.832	5.89209216e-11	-2.86103e-05	-7.62945e-06	2.76567e-05	-178.638
460.6391	8.836	5.89476068e-11	1.90736e-05	-3.62399e-05	3.91009e-05	-79.044
462.2122	8.84	5.8974292e-11	-1.04905e-05	-2.47956e-05	2.57493e-05	-114.102
463.7746	8.844	5.90009772e-11	-2.47956e-05	-4.48229e-05	5.53133e-05	-119.502
465.3447	8.848	5.90276624e-11	-2.86104e-06	3.81473e-06	8.58313e-06	42.51
466.9281	8.852	5.90543476e-11	-3.14715e-05	-7.62945e-06	2.86103e-05	-167.622
468.4788	8.856	5.908103279999999e-11	-3.43325e-05	-2.3842e-05	3.91009e-05	-147.678
470.0267	8.86	5.910771799999999e-11	2.86104e-06	-2.86103e-05	2.86103e-05	-57.426
471.6104	8.864	5.91344032e-11	3.81473e-06	3.81473e-06	8.58313e-06	21.036
473.1742	8.868	5.91610884e-11	1.04905e-05	-2.0981e-05	2.28883e-05	-85.362
475.0165	8.872	5.91877736e-11	1.33515e-05	1.90736e-06	1.52589e-05	8.13
476.605	8.876	5.92144588e-11	-2.86104e-06	3.81473e-06	5.72208e-06	161.568
478.1882	8.88	5.924114400000001e-11	1.90736e-05	-1.33515e-05	2.86103e-05	-18.432
479.7556	8.884	5.926782919999999e-11	-1.62126e-05	-3.71935e-05	3.91009e-05	-117.438
481.5696	8.888	5.929451439999999e-11	-1.33515e-05	8.58313e-06	1.62126e-05	161.568
483.1459	8.892	5.932119959999999e-11	1.23978e-05	1.90736e-05	2.57493e-05	69.906
484.7371	8.896	5.93478848e-11	-2.00273e-05	-7.62945e-06	2.19346e-05	-148.17
486.2951	8.9	5.937457e-11	-2.76567e-05	1.90736e-05	3.05178e-05	136.788
487.856	8.904	5.94012552e-11	-2.3842e-05	1.90736e-05	2.57493e-05	129.804
489.6862	8.908	5.94279404e-11	-4.7684e-06	-2.9564e-05	2.86103e-05	-97.308
491.2802	8.912	5.945462560000001e-11	8.58313e-06	-3.81473e-06	5.72208e-06	0.0
492.8335	8.916	5.94813108e-11	-9.53682e-07	-1.90736e-05	2.00273e-05	-86.634
494.6587	8.92	5.950799599999999e-11	6.67575e-06	2.57493e-05	2.57493e-05	65.43
496.2079	8.924	5.953468119999999e-11	-2.9564e-05	-4.7684e-06	2.86103e-05	178.668
497.7606	8.928	5.95613664e-11	0.0	1.23978e-05	1.52589e-05	87.954
499.304	8.932	5.95880516e-11	5.72208e-06	-2.9564e-05	3.24252e-05	-82.332
500.8878	8.936	5.96147368e-11	2.9564e-05	-4.38693e-05	4.86376e-05	-54.462
502.4461	8.94	5.9641422e-11	-2.28883e-05	1.04905e-05	2.86103e-05	159.588
504.0055	8.944	5.96681072e-11	-9.53682e-07	0.0	0.0	0.0
505.5954	8.948	5.96947924e-11	-9.53682e-07	-2.00273e-05	1.62126e-05	-72.474
507.3954	8.952	5.97214776e-11	5.53133e-05	-1.52589e-05	5.9128e-05	-13.572
508.9645	8.956	5.97481628e-11	-3.81473e-06	0.0	0.0	33.69
510.5157	8.96	5.9774848e-11	6.67575e-06	1.14442e-05	1.23978e-05	51.84
512.1212	8.964	5.98015332e-11	-4.29156e-05	-3.81473e-06	3.91009e-05	-168.69
513.9231	8.968	5.98282184e-11	-1.62126e-05	-6.67575e-06	1.14442e-05	-151.698
515.5094	8.972	5.985490359999999e-11	0.0	2.57493e-05	2.57493e-05	77.796
517.0612	8.976	5.98815888e-11	-1.81199e-05	-2.6703e-05	3.05178e-05	-113.202
518.6444	8.98	5.9908274e-11	-1.23978e-05	1.23978e-05	2.19346e-05	138.12
520.2085	8.984	5.99349592e-11	0.0	1.90736e-05	1.62126e-05	114.228
521.7547	8.988	5.99616444e-11	1.71663e-05	4.7684e-06	1.52589e-05	30.066
523.3097	8.992	5.99883296e-11	-5.72208e-06	-4.7684e-06	5.72208e-06	180.0
524.874	8.996	6.00150148e-11	-1.52589e-05	-3.62399e-05	4.00546e-05	-123.69
526.6832	9.0	6.004169999999999e-11	-5.3406e-05	-7.62945e-06	4.95913e-05	-170.274
528.2382	9.004	6.006838519999999e-11	2.57493e-05	-2.86104e-06	2.3842e-05	-8.13
529.7849	9.008	6.009507039999999e-11	-1.33515e-05	2.57493e-05	2.57493e-05	118.74
531.3741	9.012	6.01217556e-11	1.33515e-05	1.90736e-06	1.14442e-05	22.38
532.9331	9.016	6.01484408e-11	-2.86104e-06	-2.76567e-05	3.24252e-05	-114.18
534.7558	9.02	6.0175126e-11	1.71663e-05	-6.67575e-06	1.90736e-05	-9.78
536.3553	9.024	6.02018112e-11	2.9564e-05	-9.5368e-06	2.86103e-05	-25.974
537.926	9.028	6.02284964e-11	-1.71663e-05	-9.5368e-06	2.19346e-05	-149.622
539.506	9.032	6.025518159999999e-11	3.14715e-05	-3.14715e-05	3.71935e-05	-54.324
541.0964	9.036	6.028186679999999e-11	1.62126e-05	-6.67575e-06	2.6703e-05	-11.562
542.6451	9.04	6.030855199999999e-11	4.76839e-05	-2.86104e-06	4.67303e-05	-4.146
544.1943	9.044	6.03352372e-11	-1.23978e-05	-1.23978e-05	1.52589e-05	-133.152
545.7667	9.048	6.03619224e-11	3.24252e-05	-7.62945e-06	3.33788e-05	-17.748
547.329	9.052	6.03886076e-11	3.81473e-06	2.86104e-06	1.23978e-05	8.13
548.931	9.056	6.041529279999999e-11	-2.00273e-05	9.5368e-06	1.62126e-05	120.966
550.4973	9.06	6.0441978e-11	-1.14442e-05	-6.67575e-06	6.67575e-06	-95.196
552.0622	9.064	6.04686632e-11	3.81473e-06	2.86103e-05	2.9564e-05	99.66
553.9206	9.068	6.049534839999999e-11	-1.14442e-05	9.5368e-06	1.33515e-05	140.712
555.4703	9.072	6.052203359999999e-11	-1.23978e-05	-2.0981e-05	2.28883e-05	-112.992
557.0242	9.076	6.05487188e-11	2.3842e-05	-1.62126e-05	2.28883e-05	-46.272
558.8228	9.08	6.0575404e-11	1.43052e-05	-1.04905e-05	1.71663e-05	-25.644
560.4118	9.084	6.06020892e-11	3.05178e-05	-6.00817e-05	6.48503e-05	-66.096
561.965	9.088	6.062877439999999e-11	-1.14442e-05	2.28883e-05	2.57493e-05	107.1
563.5259	9.092	6.06554596e-11	2.28883e-05	1.90736e-06	2.3842e-05	4.512
565.0786	9.096	6.06821448e-11	6.67575e-06	9.5368e-06	1.33515e-05	25.344
566.9028	9.1	6.070883e-11	4.7684e-06	6.67575e-06	9.5368e-06	6.708
568.4725	9.104	6.07355152e-11	6.67575e-06	-2.6703e-05	2.6703e-05	-88.638
570.0316	9.108	6.07622004e-11	-2.0981e-05	-2.47956e-05	2.9564e-05	-126.87
571.64	9.112	6.07888856e-11	3.81473e-06	-1.23978e-05	9.5368e-06	-114.444
573.2059	9.116	6.081557079999999e-11	-1.33515e-05	0.0	5.72208e-06	-149.034
574.7712	9.12	6.084225599999999e-11	1.90736e-06	-1.52589e-05	8.58313e-06	-77.472
576.3232	9.124	6.08689412e-11	1.90736e-06	-1.33515e-05	1.43052e-05	-99.864
578.1259	9.128	6.08956264e-11	-7.62945e-06	0.0	3.81473e-06	180.0
579.7137	9.132	6.09223116e-11	3.81473e-06	5.24523e-05	5.0545e-05	87.678
581.2661	9.136	6.09489968e-11	-9.53682e-07	0.0	0.0	0.0
582.8256	9.14	6.0975682e-11	-2.28883e-05	-2.86104e-06	2.3842e-05	169.284
584.4164	9.144	6.100236719999999e-11	1.23978e-05	-1.23978e-05	1.62126e-05	-19.176
586.2785	9.148	6.102905239999999e-11	-3.81473e-06	-9.5368e-06	1.04905e-05	-58.572
587.8302	9.152	6.105573759999999e-11	1.71663e-05	4.7684e-06	1.62126e-05	4.572
589.4179	9.156	6.10824228e-11	-9.5368e-06	-1.23978e-05	1.23978e-05	-117.9
590.9893	9.16	6.1109108e-11	-1.33515e-05	1.43052e-05	1.90736e-05	106.698
592.568	9.164	6.11357932e-11	7.62945e-06	-7.62945e-06	6.67575e-06	-26.562
594.1323	9.168	6.11624784e-11	6.67575e-06	8.58313e-06	1.71663e-05	29.982
595.7014	9.172	6.11891636e-11	8.58313e-06	-4.86376e-05	4.76839e-05	-80.274
597.2528	9.176	6.12158488e-11	2.57493e-05	1.90736e-06	2.6703e-05	1.362
599.078	9.18	6.124253399999999e-11	6.67575e-06	-2.86104e-06	5.72208e-06	-79.692
600.626	9.184	6.126921919999999e-11	-1.14442e-05	1.33515e-05	1.81199e-05	143.532
602.196	9.188	6.12959044e-11	2.19346e-05	6.67575e-06	2.57493e-05	8.532
603.7591	9.192	6.13225896e-11	3.81473e-06	-2.86104e-06	3.81473e-06	-174.804
605.3307	9.196	6.13492748e-11	-9.53682e-07	-8.58313e-06	6.67575e-06	-54.462
606.9158	9.2	6.137595999999999e-11	2.86104e-06	-3.62399e-05	3.33788e-05	-94.572
608.4622	9.204	6.14026452e-11	-3.81473e-06	-4.7684e-06	6.67575e-06	-104.034
610.3026	9.208	6.14293304e-11	3.05178e-05	8.58313e-06	2.57493e-05	3.18
611.8859	9.212	6.14560156e-11	-1.81199e-05	1.90736e-06	1.81199e-05	-175.602
613.4552	9.216	6.148270079999999e-11	-2.86104e-06	1.23978e-05	1.52589e-05	87.708
615.0026	9.22	6.1509386e-11	-2.6703e-05	2.47956e-05	3.43325e-05	135.828
616.5684	9.224	6.15360712e-11	-4.86376e-05	-1.14442e-05	4.48229e-05	-167.772
618.3944	9.228	6.15627564e-11	5.72208e-06	-1.90736e-06	3.81473e-06	-96.342
619.9926	9.232	6.158944159999999e-11	-1.43052e-05	5.72208e-06	8.58313e-06	135.0
621.5621	9.236	6.16161268e-11	1.90736e-06	-4.00546e-05	3.62399e-05	-88.878
623.1114	9.24	6.1642812e-11	-2.28883e-05	9.53682e-07	2.3842e-05	165.618
624.6763	9.244	6.16694972e-11	1.33515e-05	-2.0981e-05	2.3842e-05	-65.556
626.2729	9.248	6.16961824e-11	5.53133e-05	-9.53682e-07	5.43597e-05	0.732
627.8414	9.252	6.17228676e-11	-1.14442e-05	-1.81199e-05	2.00273e-05	-127.236
629.4111	9.256	6.17495528e-11	9.5368e-06	-3.33788e-05	3.43325e-05	-61.476
631.2527	9.26	6.177623799999999e-11	-6.67575e-06	-2.86104e-06	1.23978e-05	-150.522
632.8378	9.264	6.180292319999999e-11	-3.91009e-05	-2.28883e-05	4.00546e-05	-140.856
634.3976	9.268	6.18296084e-11	3.81473e-06	-1.33515e-05	1.23978e-05	-67.164
635.9547	9.272	6.18562936e-11	9.53682e-07	1.71663e-05	1.71663e-05	92.388
637.5377	9.276	6.18829788e-11	-2.00273e-05	-5.72208e-06	1.62126e-05	-172.566
639.0975	9.28	6.1909664e-11	0.0	-1.14442e-05	1.33515e-05	-121.758
640.7046	9.284	6.193634920000001e-11	-2.9564e-05	1.90736e-05	3.52862e-05	148.242
642.5059	9.288	6.196303439999999e-11	-6.67575e-06	-1.14442e-05	1.52589e-05	-136.638
644.0917	9.292	6.198971959999999e-11	5.72208e-06	-4.7684e-06	1.04905e-05	-69.444
645.6763	9.296	6.201640479999999e-11	1.52589e-05	-4.95913e-05	5.14986e-05	-66.798
647.2225	9.3	6.204309e-11	5.72208e-06	3.14715e-05	3.33788e-05	86.7
648.812	9.304	6.20697752e-11	1.71663e-05	3.05178e-05	3.52862e-05	72.216
650.6292	9.308	6.20964604e-11	2.3842e-05	-1.62126e-05	2.47956e-05	-48.504
652.2188	9.312	6.21231456e-11	2.19346e-05	4.7684e-06	1.81199e-05	22.62
653.7683	9.316	6.21498308e-11	-1.33515e-05	1.52589e-05	1.71663e-05	125.538
655.3374	9.32	6.2176516e-11	-2.86104e-06	2.47956e-05	2.6703e-05	84.684
656.8779	9.324	6.22032012e-11	-3.81473e-06	2.0981e-05	2.3842e-05	87.066
658.694	9.328	6.222988639999999e-11	1.52589e-05	7.62945e-06	1.62126e-05	37.302
660.2552	9.332	6.22565716e-11	-3.14715e-05	-1.14442e-05	3.52862e-05	-161.568
661.8434	9.336	6.22832568e-11	-1.33515e-05	3.81473e-06	1.62126e-05	158.196
663.6668	9.34	6.2309942e-11	-3.81473e-06	1.71663e-05	1.71663e-05	73.494
665.2512	9.344	6.233662719999999e-11	-1.23978e-05	5.72207e-05	5.53133e-05	94.824
666.815	9.348	6.23633124e-11	-7.62945e-06	1.52589e-05	1.71663e-05	99.162
668.3866	9.352	6.23899976e-11	-4.57766e-05	-2.0981e-05	5.0545e-05	-158.064
669.9491	9.356	6.24166828e-11	-1.43052e-05	1.90736e-05	1.90736e-05	113.748
671.7574	9.36	6.2443368e-11	3.14715e-05	2.3842e-05	3.43325e-05	49.764
673.3397	9.364	6.24700532e-11	-3.81473e-06	0.0	4.7684e-06	-151.392
674.9079	9.368	6.24967384e-11	-2.86104e-06	8.58313e-06	8.58313e-06	40.236
676.4694	9.372	6.252342359999999e-11	1.90736e-05	-1.71663e-05	2.3842e-05	-46.122
678.0403	9.376	6.255010879999999e-11	-9.53682e-07	1.62126e-05	1.71663e-05	81.57
679.626	9.38	6.2576794e-11	4.38693e-05	2.19346e-05	5.0545e-05	25.89
681.193	9.384	6.26034792e-11	4.48229e-05	-9.5368e-06	4.38693e-05	0.0
683.0283	9.388	6.26301644e-11	0.0	-2.86104e-06	4.7684e-06	-131.988
684.5771	9.392	6.26568496e-11	-2.47956e-05	1.52589e-05	2.86103e-05	149.934
686.1433	9.396	6.268353480000001e-11	2.28883e-05	8.58313e-06	2.3842e-05	14.418
687.6956	9.4	6.271022e-11	2.57493e-05	3.24252e-05	4.19619e-05	45.642
689.2657	9.404	6.273690519999999e-11	1.14442e-05	8.58313e-06	1.23978e-05	61.698
691.0835	9.408	6.276359039999999e-11	3.52862e-05	-1.23978e-05	3.52862e-05	-18.432
692.659	9.412	6.27902756e-11	1.52589e-05	0.0	1.52589e-05	4.968
694.2088	9.416	6.28169608e-11	-1.81199e-05	2.00273e-05	2.28883e-05	136.398
696.0473	9.42	6.2843646e-11	2.3842e-05	1.04905e-05	3.05178e-05	13.17
697.5954	9.424	6.28703312e-11	2.9564e-05	2.6703e-05	3.91009e-05	43.638
699.185	9.428	6.289701640000001e-11	3.24252e-05	-7.62945e-06	3.71935e-05	-9.948
700.7348	9.432	6.29237016e-11	1.04905e-05	2.86104e-06	9.5368e-06	45.0
702.2955	9.436	6.295038679999999e-11	8.58313e-06	1.52589e-05	1.52589e-05	82.878
704.1065	9.44	6.297707199999999e-11	9.53682e-07	1.52589e-05	1.33515e-05	73.608
705.688	9.444	6.30037572e-11	1.90736e-06	9.53682e-07	2.86104e-06	-60.948
707.2368	9.448	6.30304424e-11	1.52589e-05	-1.14442e-05	2.0981e-05	-31.266
708.8043	9.452	6.30571276e-11	1.23978e-05	5.14986e-05	5.14986e-05	67.494
710.3719	9.456	6.30838128e-11	2.28883e-05	1.52589e-05	2.57493e-05	49.236
711.9386	9.46	6.3110498e-11	1.90736e-06	-1.71663e-05	1.81199e-05	-70.974
713.4904	9.464	6.31371832e-11	2.0981e-05	-1.14442e-05	2.3842e-05	-34.116
715.3335	9.468	6.31638684e-11	3.62399e-05	-9.53682e-07	3.52862e-05	-8.586
716.9	9.472	6.31905536e-11	-2.9564e-05	4.19619e-05	4.76839e-05	119.448
718.4683	9.476	6.32172388e-11	-1.43052e-05	-1.62126e-05	1.62126e-05	-87.798
720.0619	9.48	6.3243924e-11	8.58313e-06	-4.7684e-06	1.23978e-05	-40.914
721.6509	9.484	6.32706092e-11	-2.9564e-05	4.00546e-05	5.0545e-05	124.506
723.4537	9.488	6.329729439999999e-11	0.0	-2.86104e-06	1.90736e-06	-59.034
725.0215	9.492	6.33239796e-11	-2.9564e-05	1.23978e-05	2.86103e-05	155.322
726.6072	9.496	6.33506648e-11	0.0	5.72208e-06	8.58313e-06	72.648
728.1595	9.5	6.337735e-11	5.43597e-05	-3.14715e-05	6.19893e-05	-30.432
729.7234	9.504	6.34040352e-11	-5.53133e-05	2.3842e-05	5.81744e-05	155.832
731.2881	9.508	6.34307204e-11	-3.81473e-06	-3.71935e-05	3.33788e-05	-96.204
732.8752	9.512	6.34574056e-11	5.72208e-06	3.71935e-05	3.81472e-05	90.954
734.4361	9.516	6.348409079999999e-11	0.0	2.57493e-05	2.6703e-05	80.538
736.2612	9.52	6.351077599999999e-11	-2.86104e-06	2.19346e-05	2.3842e-05	106.992
737.835	9.524	6.353746119999999e-11	-2.00273e-05	1.23978e-05	2.28883e-05	154.176
739.3949	9.528	6.35641464e-11	-1.43052e-05	0.0	1.71663e-05	178.026
740.9624	9.532	6.35908316e-11	1.62126e-05	-1.43052e-05	2.0981e-05	-32.196
742.5342	9.536	6.36175168e-11	-2.86104e-06	2.86103e-05	2.86103e-05	96.342
744.0844	9.54	6.3644202e-11	5.72207e-05	1.33515e-05	6.00817e-05	14.646
745.6522	9.544	6.367088719999999e-11	1.90736e-05	-3.81473e-06	1.71663e-05	-18.432
747.2358	9.548	6.369757239999999e-11	2.86103e-05	-6.67575e-06	2.3842e-05	-14.034
748.7976	9.552	6.372425759999999e-11	-2.00273e-05	-2.86103e-05	3.24252e-05	-115.02
750.3886	9.556	6.375094279999999e-11	-1.04905e-05	-9.5368e-06	1.81199e-05	-140.442
751.9473	9.56	6.3777628e-11	-2.86104e-06	3.05178e-05	3.05178e-05	106.116
753.5186	9.564	6.38043132e-11	-2.47956e-05	0.0	2.3842e-05	175.236
755.3236	9.568	6.38309984e-11	-1.33515e-05	-2.9564e-05	2.9564e-05	-104.352
756.8742	9.572	6.38576836e-11	-4.7684e-06	-2.0981e-05	2.47956e-05	-126.324
758.4444	9.576	6.38843688e-11	2.19346e-05	-1.81199e-05	2.57493e-05	-48.942
760.2829	9.58	6.3911054e-11	-9.5368e-06	-2.28883e-05	2.00273e-05	-107.748
761.8451	9.584	6.393773919999999e-11	1.90736e-05	-1.90736e-06	2.19346e-05	-8.616
763.4363	9.588	6.396442439999999e-11	-4.7684e-06	-1.81199e-05	1.62126e-05	-97.764
765.0202	9.592	6.39911096e-11	-1.90736e-06	-2.9564e-05	2.6703e-05	-74.25
766.6037	9.596	6.40177948e-11	1.81199e-05	1.90736e-06	1.90736e-05	13.572
768.1792	9.6	6.404448e-11	-9.53682e-07	-1.71663e-05	1.81199e-05	-109.656
769.7298	9.604	6.407116519999999e-11	-2.0981e-05	9.5368e-06	1.90736e-05	148.242
771.301	9.608	6.40978504e-11	-2.28883e-05	-1.71663e-05	3.05178e-05	-143.364
772.8697	9.612	6.41245356e-11	1.90736e-05	-2.86104e-06	2.19346e-05	-8.616
774.4179	9.616	6.41512208e-11	4.29156e-05	2.0981e-05	4.57766e-05	29.538
775.9675	9.62	6.417790599999999e-11	3.52862e-05	1.52589e-05	3.71935e-05	37.878
777.5373	9.624	6.42045912e-11	1.04905e-05	1.04905e-05	1.90736e-05	27.348
779.3636	9.628	6.42312764e-11	-1.62126e-05	9.53682e-07	1.71663e-05	130.032
780.9297	9.632	6.425796159999999e-11	-2.86104e-06	-1.43052e-05	1.43052e-05	-113.202
782.5081	9.636	6.428464679999999e-11	2.86104e-06	-2.86104e-06	5.72208e-06	-71.568
784.0741	9.64	6.4311332e-11	-2.47956e-05	-3.33788e-05	4.19619e-05	-122.472
785.6647	9.644	6.43380172e-11	2.00273e-05	5.72208e-06	1.90736e-05	15.42
787.2293	9.648	6.43647024e-11	-4.57766e-05	-3.62399e-05	6.19893e-05	-148.926
788.7899	9.652	6.43913876e-11	5.72208e-06	1.23978e-05	1.33515e-05	49.086
790.3404	9.656	6.44180728e-11	1.52589e-05	-7.62945e-06	1.23978e-05	-30.966
792.1569	9.66	6.444475799999999e-11	0.0	4.7684e-06	4.7684e-06	66.798
793.7001	9.664	6.447144319999999e-11	1.23978e-05	-1.62126e-05	2.19346e-05	-43.83
795.2899	9.668	6.449812839999999e-11	-1.81199e-05	-9.53682e-07	2.3842e-05	-178.452
796.8502	9.672	6.45248136e-11	1.04905e-05	-5.72208e-06	1.52589e-05	-25.56
798.454	9.676	6.45514988e-11	-5.72208e-06	-3.33788e-05	2.9564e-05	-94.398
800.0181	9.68	6.4578184e-11	-1.71663e-05	1.71663e-05	2.28883e-05	155.856
801.608	9.684	6.46048692e-11	1.71663e-05	-3.81473e-06	1.23978e-05	-35.538
803.1524	9.688	6.46315544e-11	2.86103e-05	-1.81199e-05	3.24252e-05	-36.636
804.7357	9.692	6.465823959999999e-11	-2.3842e-05	1.04905e-05	2.0981e-05	136.398
806.284	9.696	6.468492479999999e-11	1.71663e-05	2.28883e-05	2.9564e-05	49.398
807.8363	9.7	6.471160999999999e-11	4.7684e-06	2.86104e-06	8.58313e-06	18.432
809.4047	9.704	6.47382952e-11	2.3842e-05	0.0	2.19346e-05	0.0
811.232	9.708	6.47649804e-11	1.90736e-06	3.81473e-06	3.81473e-06	74.052
812.7993	9.712	6.47916656e-11	1.90736e-06	2.86103e-05	2.86103e-05	100.08
814.3601	9.716	6.48183508e-11	0.0	-2.86104e-06	1.33515e-05	12.528
815.9142	9.72	6.4845036e-11	-1.14442e-05	-2.19346e-05	2.3842e-05	-115.908
817.4815	9.724	6.48717212e-11	1.52589e-05	1.23978e-05	1.71663e-05	25.344
819.309	9.728	6.48984064e-11	-1.62126e-05	-2.47956e-05	3.05178e-05	-131.73
820.8561	9.732	6.492509159999999e-11	1.52589e-05	-1.62126e-05	2.3842e-05	-35.706
822.4423	9.736	6.49517768e-11	5.72208e-06	-3.05178e-05	3.24252e-05	-75.426
824.2472	9.74	6.4978462e-11	-6.67575e-06	2.6703e-05	2.76567e-05	114.678
825.8258	9.744	6.50051472e-11	2.00273e-05	-4.7684e-06	2.3842e-05	-10.716
827.3784	9.748	6.503183239999999e-11	-4.7684e-06	2.3842e-05	2.3842e-05	97.908
828.9313	9.752	6.50585176e-11	1.04905e-05	-3.05178e-05	2.86103e-05	-77.004
830.4967	9.756	6.50852028e-11	-9.5368e-06	1.90736e-06	1.23978e-05	162.474
832.0947	9.76	6.5111888e-11	0.0	-3.81473e-06	9.53682e-07	-90.0
833.6622	9.764	6.51385732e-11	1.23978e-05	3.24252e-05	3.43325e-05	72.978
835.2158	9.768	6.51652584e-11	2.19346e-05	-9.53682e-07	2.00273e-05	7.35
836.7713	9.772	6.51919436e-11	2.6703e-05	2.86104e-06	3.24252e-05	3.24
838.3169	9.776	6.521862879999999e-11	1.90736e-05	-1.14442e-05	2.3842e-05	-18.432
839.8881	9.78	6.524531399999999e-11	3.62399e-05	-3.33788e-05	5.53133e-05	-43.152
841.4648	9.784	6.52719992e-11	2.3842e-05	-6.67575e-06	3.05178e-05	-20.694
843.2885	9.788	6.52986844e-11	2.57493e-05	-9.5368e-06	2.19346e-05	-31.608
844.8577	9.792	6.53253696e-11	5.0545e-05	2.3842e-05	5.43597e-05	25.614
846.4445	9.796	6.53520548e-11	4.48229e-05	1.04905e-05	3.33788e-05	32.658
848.0127	9.8	6.537874000000001e-11	1.33515e-05	-1.14442e-05	1.62126e-05	-51.708
849.5619	9.804	6.540542519999999e-11	4.10082e-05	1.14442e-05	4.10082e-05	10.92
851.1298	9.808	6.543211039999999e-11	-6.67575e-06	0.0	9.5368e-06	-169.992
852.7268	9.812	6.545879559999999e-11	2.19346e-05	-2.86104e-06	2.86103e-05	-11.31
854.2819	9.816	6.54854808e-11	-1.14442e-05	1.62126e-05	2.00273e-05	130.032
855.8632	9.82	6.5512166e-11	2.00273e-05	7.62945e-06	2.0981e-05	-10.62
857.4088	9.824	6.55388512e-11	4.7684e-06	1.71663e-05	1.71663e-05	60.522
859.2178	9.828	6.55655364e-11	1.23978e-05	-2.3842e-05	2.76567e-05	-61.608
860.769	9.832	6.55922216e-11	2.6703e-05	2.3842e-05	3.81472e-05	47.07
862.3571	9.836	6.56189068e-11	1.62126e-05	-9.5368e-06	2.00273e-05	-20.322
863.9348	9.84	6.564559199999999e-11	-3.43325e-05	3.24252e-05	4.38693e-05	133.698
865.505	9.844	6.567227719999999e-11	9.5368e-06	-1.81199e-05	2.19346e-05	-55.41
867.0697	9.848	6.56989624e-11	-3.33788e-05	4.7684e-06	2.9564e-05	178.638
868.636	9.852	6.57256476e-11	1.04905e-05	-1.14442e-05	1.90736e-05	-27.408
870.2055	9.856	6.57523328e-11	0.0	1.71663e-05	1.90736e-05	80.538
872.024	9.86	6.577901799999999e-11	-1.43052e-05	1.81199e-05	2.3842e-05	140.598
873.5928	9.864	6.58057032e-11	3.81473e-06	1.90736e-06	1.04905e-05	22.248
875.1603	9.868	6.58323884e-11	-2.76567e-05	-2.3842e-05	3.24252e-05	-140.04
876.7125	9.872	6.58590736e-11	2.86104e-06	2.6703e-05	2.57493e-05	82.692
878.2697	9.876	6.58857588e-11	-1.62126e-05	4.7684e-06	1.33515e-05	173.988
879.8599	9.88	6.5912444e-11	-2.3842e-05	1.04905e-05	2.6703e-05	165.648
881.446	9.884	6.59391292e-11	1.43052e-05	-3.05178e-05	3.33788e-05	-63.438
883.2535	9.888	6.59658144e-11	-5.72208e-06	2.6703e-05	2.86103e-05	112.518
884.8062	9.892	6.599249959999999e-11	-2.28883e-05	-2.9564e-05	3.33788e-05	-126.636
886.3592	9.896	6.60191848e-11	1.23978e-05	8.58313e-06	1.14442e-05	59.034
887.951	9.9	6.604587e-11	-4.57766e-05	0.0	4.38693e-05	-170.688
889.5211	9.904	6.60725552e-11	-3.24252e-05	0.0	3.62399e-05	177.09
891.3614	9.908	6.60992404e-11	-1.90736e-05	-1.33515e-05	2.3842e-05	-145.884
892.9312	9.912	6.61259256e-11	-1.33515e-05	-3.24252e-05	3.52862e-05	-121.89
894.4808	9.916	6.61526108e-11	-1.81199e-05	1.33515e-05	1.81199e-05	128.292
896.3139	9.92	6.617929599999999e-11	-1.14442e-05	-2.0981e-05	2.28883e-05	-128.928
897.8866	9.924	6.620598119999999e-11	1.04905e-05	-4.7684e-06	1.23978e-05	-30.966
899.4654	9.928	6.62326664e-11	-3.71935e-05	-1.81199e-05	4.10082e-05	-160.974
901.0338	9.932	6.62593516e-11	5.72208e-06	8.58313e-06	8.58313e-06	63.438
902.5842	9.936	6.62860368e-11	1.04905e-05	-2.28883e-05	2.3842e-05	-69.078
904.4241	9.94	6.6312722e-11	5.72208e-06	-9.5368e-06	1.90736e-05	-32.736
905.9747	9.944	6.633940720000001e-11	-1.14442e-05	-3.14715e-05	3.05178e-05	-116.004
907.527	9.948	6.63660924e-11	-1.43052e-05	9.5368e-06	1.71663e-05	155.376
909.0915	9.952	6.639277759999999e-11	-1.90736e-06	3.81473e-06	3.81473e-06	74.052
910.667	9.956	6.641946279999999e-11	-3.71935e-05	-4.7684e-06	3.43325e-05	177.756
912.2444	9.96	6.6446148e-11	3.24252e-05	-2.0981e-05	3.05178e-05	-30.696
913.7925	9.964	6.64728332e-11	2.86104e-06	2.00273e-05	2.00273e-05	80.22
915.6334	9.968	6.64995184e-11	1.62126e-05	-7.62945e-06	1.62126e-05	-31.758
917.1884	9.972	6.65262036e-11	1.04905e-05	3.81473e-06	1.23978e-05	11.886
918.7537	9.976	6.65528888e-11	2.57493e-05	-3.43325e-05	4.57766e-05	-46.698
920.3247	9.98	6.6579574e-11	1.90736e-06	1.90736e-06	3.81473e-06	-171.252
921.8882	9.984	6.66062592e-11	1.62126e-05	0.0	1.04905e-05	-29.052
923.7288	9.988	6.663294439999999e-11	1.90736e-06	1.33515e-05	1.52589e-05	100.884
925.275	9.992	6.66596296e-11	-1.14442e-05	1.33515e-05	2.00273e-05	124.158
926.8283	9.996	6.66863148e-11	-2.28883e-05	-5.72208e-06	2.57493e-05	-167.622
928.4112	10.0	6.6713e-11	4.48229e-05	2.28883e-05	5.24523e-05	37.404
929.9777	10.004	6.673968519999999e-11	1.33515e-05	-1.62126e-05	2.19346e-05	-27.3
931.5772	10.008	6.676637039999999e-11	3.81473e-06	8.58313e-06	8.58313e-06	-8.748
933.134	10.012	6.67930556e-11	-3.14715e-05	1.90736e-06	3.33788e-05	174.612
934.7124	10.016	6.68197408e-11	2.28883e-05	3.81473e-06	1.90736e-05	-2.046
936.5475	10.02	6.6846426e-11	1.90736e-05	-3.62399e-05	3.91009e-05	-52.548
938.1357	10.024	6.68731112e-11	-5.0545e-05	1.90736e-06	4.57766e-05	177.474
939.7167	10.028	6.68997964e-11	2.28883e-05	-1.04905e-05	1.52589e-05	0.0
941.2659	10.032	6.692648159999999e-11	2.9564e-05	1.23978e-05	3.33788e-05	25.56
942.8543	10.036	6.695316679999999e-11	4.7684e-06	1.90736e-06	1.90736e-06	104.034
944.3991	10.04	6.697985199999999e-11	2.19346e-05	3.81473e-06	2.57493e-05	11.04
945.9904	10.044	6.70065372e-11	9.5368e-06	1.52589e-05	1.43052e-05	60.948
947.8076	10.048	6.70332224e-11	-2.47956e-05	-6.67575e-06	2.76567e-05	-172.056
949.4074	10.052	6.70599076e-11	0.0	-2.86104e-06	6.67575e-06	49.764
951.0041	10.056	6.70865928e-11	4.7684e-06	-7.62945e-06	4.7684e-06	-168.69
952.5919	10.06	6.7113278e-11	-1.04905e-05	-2.9564e-05	3.05178e-05	-105.78
954.1551	10.064	6.713996319999999e-11	2.19346e-05	8.58313e-06	1.71663e-05	45.0
955.9777	10.068	6.716664839999999e-11	-2.00273e-05	1.90736e-06	1.90736e-05	-165.468
957.5335	10.072	6.719333359999999e-11	-2.00273e-05	-1.33515e-05	2.19346e-05	-141.072
959.1038	10.076	6.72200188e-11	1.52589e-05	-9.5368e-06	1.52589e-05	-13.392
960.6964	10.08	6.7246704e-11	1.90736e-06	8.58313e-06	3.81473e-06	104.034
962.2662	10.084	6.72733892e-11	1.43052e-05	-1.33515e-05	2.19346e-05	-23.202
963.851	10.088	6.73000744e-11	-4.7684e-06	-1.90736e-05	1.90736e-05	-112.17
965.4105	10.092	6.73267596e-11	-9.5368e-06	-3.14715e-05	3.52862e-05	-100.92
966.9994	10.096	6.73534448e-11	1.90736e-06	-2.47956e-05	2.3842e-05	-111.804
968.8365	10.1	6.738012999999999e-11	2.3842e-05	5.72208e-06	1.71663e-05	46.638
970.4037	10.104	6.740681519999999e-11	-1.62126e-05	3.05178e-05	3.71935e-05	124.506
971.9736	10.108	6.74335004e-11	2.3842e-05	-3.24252e-05	3.62399e-05	-50.334
973.5566	10.112	6.74601856e-11	2.6703e-05	-2.9564e-05	3.43325e-05	-58.626
975.1096	10.116	6.74868708e-11	-2.47956e-05	-1.90736e-05	2.9564e-05	-149.742
976.6878	10.12	6.751355599999999e-11	2.19346e-05	9.53682e-07	2.86103e-05	3.654
978.2362	10.124	6.75402412e-11	1.90736e-06	-2.3842e-05	2.00273e-05	-92.118
980.0607	10.128	6.75669264e-11	-2.00273e-05	1.33515e-05	2.3842e-05	144.09
981.6516	10.132	6.75936116e-11	-1.81199e-05	-2.86104e-06	1.23978e-05	-162.648
983.2123	10.136	6.762029679999999e-11	1.52589e-05	1.71663e-05	2.28883e-05	59.856
984.7623	10.14	6.7646982e-11	2.3842e-05	-1.43052e-05	2.6703e-05	-34.878
986.3649	10.144	6.76736672e-11	2.86104e-06	-9.5368e-06	8.58313e-06	-90.0
988.1856	10.148	6.770035239999999e-11	-2.0981e-05	9.53682e-07	2.0981e-05	171.12
989.7714	10.152	6.772703759999999e-11	2.0981e-05	-4.7684e-06	2.0981e-05	-15.42
991.3357	10.156	6.77537228e-11	2.57493e-05	1.90736e-06	2.57493e-05	11.886
993.1768	10.16	6.7780408e-11	3.81473e-06	-4.29156e-05	4.29156e-05	-90.0
994.7473	10.164	6.78070932e-11	0.0	-8.58313e-06	8.58313e-06	-93.18
996.314	10.168	6.78337784e-11	2.47956e-05	1.90736e-05	3.14715e-05	46.686
997.8589	10.172	6.78604636e-11	-1.23978e-05	6.67575e-06	1.71663e-05	145.788
999.4288	10.176	6.788714879999999e-11	1.90736e-05	-2.9564e-05	3.52862e-05	-56.31
1001.2519	10.18	6.791383399999999e-11	-1.14442e-05	-1.62126e-05	1.43052e-05	-101.31
1002.8148	10.184	6.794051919999999e-11	-9.53682e-07	2.19346e-05	2.19346e-05	112.11
1004.3832	10.188	6.79672044e-11	1.23978e-05	-1.71663e-05	2.0981e-05	-59.622
1005.9709	10.192	6.79938896e-11	1.33515e-05	1.33515e-05	2.28883e-05	26.562
1007.5547	10.196	6.80205748e-11	-2.86104e-06	6.67575e-06	1.04905e-05	41.82
1009.1033	10.2	6.804726e-11	-2.9564e-05	1.90736e-06	2.19346e-05	167.904
1010.6885	10.204	6.807394520000001e-11	-2.86104e-06	6.67575e-06	6.67575e-06	95.196
1012.5234	10.208	6.810063039999999e-11	-4.00546e-05	2.19346e-05	3.71935e-05	141.666
1014.0744	10.212	6.812731559999999e-11	-2.86104e-06	-1.14442e-05	1.14442e-05	-98.97
1015.6398	10.216	6.815400079999999e-11	1.62126e-05	-1.71663e-05	2.0981e-05	-62.652
1017.191	10.22	6.8180686e-11	2.86104e-06	1.52589e-05	1.62126e-05	64.44
1018.7757	10.224	6.82073712e-11	1.23978e-05	-1.62126e-05	2.3842e-05	-45.972
1020.5891	10.228	6.82340564e-11	1.71663e-05	3.81473e-06	1.71663e-05	11.766
1022.1537	10.232	6.82607416e-11	4.38693e-05	1.52589e-05	4.67303e-05	17.928
1023.7354	10.236	6.82874268e-11	5.72208e-06	-1.04905e-05	1.33515e-05	-83.16
1025.5614	10.24	6.8314112e-11	1.90736e-05	1.62126e-05	2.57493e-05	29.196
1027.146	10.244	6.83407972e-11	0.0	-3.43325e-05	3.14715e-05	-110.856
1028.6901	10.248	6.836748239999999e-11	-9.5368e-06	3.81473e-06	8.58313e-06	167.004
1030.2785	10.252	6.83941676e-11	-6.67575e-06	1.14442e-05	1.14442e-05	93.816
1031.8411	10.256	6.84208528e-11	0.0	-6.67575e-06	5.72208e-06	-108.432
1033.6831	10.26	6.8447538e-11	-4.7684e-06	-2.19346e-05	2.19346e-05	-65.43
1035.2493	10.264	6.847422319999999e-11	1.71663e-05	1.90736e-05	2.28883e-05	58.734
1036.8284	10.268	6.85009084e-11	-4.7684e-06	9.53682e-07	9.5368e-06	171.87
1038.4176	10.272	6.85275936e-11	1.62126e-05	4.10082e-05	4.10082e-05	67.62
1039.9789	10.276	6.85542788e-11	1.90736e-05	2.28883e-05	2.3842e-05	76.374
1041.5702	10.28	6.8580964e-11	3.52862e-05	-2.47956e-05	4.19619e-05	-35.958
1043.1285	10.284	6.86076492e-11	2.19346e-05	-4.7684e-06	2.0981e-05	-13.134
1044.9721	10.288	6.86343344e-11	-1.33515e-05	1.43052e-05	2.00273e-05	102.336
1046.5216	10.292	6.866101959999999e-11	2.3842e-05	-9.5368e-06	2.3842e-05	-21.504
1048.0909	10.296	6.868770479999999e-11	1.14442e-05	-1.43052e-05	1.62126e-05	-34.38
1049.6371	10.3	6.871439e-11	7.62945e-06	-2.0981e-05	2.28883e-05	-53.13
1051.2256	10.304	6.87410752e-11	-1.14442e-05	2.86104e-06	5.72208e-06	111.804
1053.0279	10.308	6.87677604e-11	9.53682e-07	-2.9564e-05	2.57493e-05	-86.904
1054.5962	10.312	6.87944456e-11	1.33515e-05	-2.47956e-05	2.57493e-05	-63.438
1056.1943	10.316	6.88211308e-11	1.90736e-06	-9.5368e-06	8.58313e-06	-75.966
1057.7762	10.32	6.884781599999999e-11	-6.67575e-06	1.71663e-05	1.71663e-05	95.904
1059.3586	10.324	6.887450119999999e-11	-2.76567e-05	3.81473e-06	2.6703e-05	-178.566
1061.1862	10.328	6.890118639999999e-11	2.6703e-05	3.81473e-06	2.86103e-05	6.204
1062.7533	10.332	6.89278716e-11	2.0981e-05	-1.81199e-05	2.86103e-05	-43.212
1064.3383	10.336	6.89545568e-11	-8.58313e-06	-2.86104e-06	1.04905e-05	-115.2
1066.1563	10.34	6.8981242e-11	-5.72208e-06	1.23978e-05	1.23978e-05	100.008
1067.7442	10.344	6.90079272e-11	1.90736e-06	-2.47956e-05	2.00273e-05	-81.57
1069.3082	10.348	6.90346124e-11	9.53682e-07	-2.19346e-05	2.19346e-05	-105.948
1070.8782	10.352	6.90612976e-11	2.9564e-05	-2.86104e-06	2.86103e-05	1.398
1072.4559	10.356	6.908798279999999e-11	8.58313e-06	-1.14442e-05	2.19346e-05	-25.866
1074.3015	10.36	6.911466799999999e-11	-4.7684e-06	1.52589e-05	1.52589e-05	100.782
1075.8491	10.364	6.91413532e-11	-1.33515e-05	2.86104e-06	1.33515e-05	165.966
1077.4123	10.368	6.91680384e-11	8.58313e-06	-4.7684e-06	5.72208e-06	-70.02
1078.9646	10.372	6.91947236e-11	-3.33788e-05	9.5368e-06	3.43325e-05	154.92
1080.5652	10.376	6.92214088e-11	3.62399e-05	-1.62126e-05	3.81472e-05	-27.03
1082.1556	10.38	6.9248094e-11	1.71663e-05	2.19346e-05	2.3842e-05	59.622
1083.7153	10.384	6.92747792e-11	-3.81473e-06	-2.00273e-05	2.00273e-05	-91.848
1085.5297	10.388	6.93014644e-11	-2.57493e-05	-3.62399e-05	4.19619e-05	-121.908
1087.095	10.392	6.932814959999999e-11	1.04905e-05	-3.05178e-05	2.86103e-05	-71.994
1088.679	10.396	6.93548348e-11	2.28883e-05	-2.0981e-05	3.33788e-05	-39.666
1090.2474	10.4	6.938152e-11	-1.14442e-05	-1.81199e-05	1.71663e-05	-118.812
1091.7923	10.404	6.94082052e-11	3.33788e-05	-1.62126e-05	3.05178e-05	-29.58
1093.6336	10.408	6.943489039999999e-11	3.33788e-05	-7.62945e-06	4.19619e-05	-8.004
1095.2288	10.412	6.94615756e-11	1.90736e-06	-1.90736e-06	1.23978e-05	-19.98
1096.7775	10.416	6.94882608e-11	-2.00273e-05	1.23978e-05	1.90736e-05	137.862
1098.6049	10.42	6.9514946e-11	2.86104e-06	-2.86104e-06	7.62945e-06	-71.568
1100.1724	10.424	6.95416312e-11	-1.90736e-06	-9.5368e-06	1.04905e-05	-73.074
1101.7426	10.428	6.95683164e-11	-1.71663e-05	8.58313e-06	2.3842e-05	165.648
1103.3059	10.432	6.95950016e-11	-2.57493e-05	1.71663e-05	3.05178e-05	142.122
1104.8726	10.436	6.962168679999999e-11	1.90736e-05	2.86104e-06	2.19346e-05	18.924
1106.6815	10.44	6.964837199999999e-11	-1.52589e-05	2.86104e-06	1.23978e-05	-170.538
1108.2822	10.444	6.96750572e-11	3.14715e-05	9.5368e-06	3.05178e-05	16.116
1109.851	10.448	6.97017424e-11	-5.14986e-05	-6.67575e-06	4.38693e-05	-169.044
1111.4334	10.452	6.97284276e-11	-4.7684e-06	9.53682e-07	8.58313e-06	-173.658
1112.9956	10.456	6.97551128e-11	0.0	-2.19346e-05	2.00273e-05	-86.31
1114.5653	10.46	6.978179800000001e-11	4.76839e-05	3.91009e-05	6.00817e-05	41.844
1116.1528	10.464	6.980848319999999e-11	9.5368e-06	3.81473e-06	1.04905e-05	58.572
1117.9883	10.468	6.983516839999999e-11	-5.72208e-06	3.33788e-05	3.33788e-05	91.122
1119.5424	10.472	6.986185359999999e-11	-4.7684e-06	-3.43325e-05	3.52862e-05	-91.044
1121.1226	10.476	6.98885388e-11	2.86103e-05	-2.47956e-05	4.00546e-05	-40.398
1122.6748	10.48	6.9915224e-11	-1.33515e-05	-7.62945e-06	1.71663e-05	-165.468
1124.2563	10.484	6.99419092e-11	-1.33515e-05	3.33788e-05	3.33788e-05	94.572
1126.0627	10.488	6.99685944e-11	3.81473e-06	1.14442e-05	1.23978e-05	45.0
1127.6341	10.492	6.99952796e-11	-1.33515e-05	-2.0981e-05	2.0981e-05	-112.932
1129.2252	10.496	7.00219648e-11	3.81472e-05	6.67575e-06	3.71935e-05	3.12
1131.0654	10.5	7.004865e-11	-2.76567e-05	-2.00273e-05	3.71935e-05	-149.382
1132.6194	10.504	7.007533519999999e-11	1.90736e-05	-2.28883e-05	3.05178e-05	-46.686
1134.1838	10.508	7.010202039999999e-11	3.81473e-06	1.23978e-05	1.33515e-05	58.572
1135.7339	10.512	7.01287056e-11	2.3842e-05	-3.81472e-05	4.57766e-05	-56.082
1137.3204	10.516	7.01553908e-11	-1.62126e-05	-1.71663e-05	2.19346e-05	-144.864
1139.1446	10.52	7.018207599999999e-11	-5.72208e-06	-2.6703e-05	2.57493e-05	-95.856
1140.7143	10.524	7.020876119999999e-11	1.33515e-05	9.53682e-07	8.58313e-06	26.562
1142.276	10.528	7.02354464e-11	0.0	-9.5368e-06	8.58313e-06	-72.9
1143.8448	10.532	7.02621316e-11	1.71663e-05	2.19346e-05	2.57493e-05	57.528
1145.4112	10.536	7.02888168e-11	-1.90736e-06	-2.00273e-05	2.3842e-05	-77.004
1146.9793	10.54	7.031550199999998e-11	-5.72208e-06	-3.81473e-06	3.81473e-06	-111.804
1148.5574	10.544	7.03421872e-11	1.33515e-05	2.3842e-05	2.86103e-05	49.686
1150.4003	10.548	7.03688724e-11	3.52862e-05	-4.00546e-05	5.53133e-05	-47.406
1151.9851	10.552	7.039555759999999e-11	3.81473e-06	5.72208e-06	4.7684e-06	101.31
1153.5705	10.556	7.042224279999999e-11	1.23978e-05	-2.6703e-05	2.86103e-05	-57.03
1155.1227	10.56	7.0448928e-11	4.19619e-05	2.19346e-05	4.57766e-05	23.532
1156.6807	10.564	7.04756132e-11	1.33515e-05	-2.47956e-05	3.05178e-05	-52.032
1158.4932	10.568	7.05022984e-11	1.23978e-05	1.71663e-05	1.90736e-05	67.068
1160.0732	10.572	7.05289836e-11	1.90736e-05	1.23978e-05	2.57493e-05	19.356
1161.6446	10.576	7.05556688e-11	5.14986e-05	1.90736e-06	4.10082e-05	5.016
1163.4641	10.58	7.058235399999999e-11	3.71935e-05	2.86104e-06	4.38693e-05	10.668
1165.0344	10.584	7.060903919999999e-11	1.71663e-05	5.72208e-06	1.90736e-05	12.336
1166.5977	10.588	7.063572439999999e-11	-4.7684e-06	-1.90736e-05	1.81199e-05	-102.996
1168.1504	10.592	7.06624096e-11	-2.6703e-05	-1.81199e-05	2.9564e-05	-131.31
1169.7056	10.596	7.06890948e-11	2.19346e-05	-3.14715e-05	3.91009e-05	-52.944
1171.2974	10.6	7.071578e-11	2.0981e-05	1.62126e-05	2.86103e-05	38.658
1172.8514	10.604	7.07424652e-11	-2.0981e-05	2.9564e-05	3.71935e-05	123.96
1174.4216	10.608	7.07691504e-11	-1.14442e-05	2.19346e-05	2.3842e-05	120.696
1176.2268	10.612	7.079583559999999e-11	-2.28883e-05	2.6703e-05	3.71935e-05	142.122
1177.8113	10.616	7.082252079999999e-11	1.71663e-05	5.72208e-06	2.19346e-05	25.116
1179.3749	10.62	7.084920599999999e-11	2.0981e-05	-1.62126e-05	2.3842e-05	-36.87
1180.9591	10.624	7.08758912e-11	-2.86104e-06	3.81473e-06	5.72208e-06	142.434
1182.8003	10.628	7.09025764e-11	6.38966e-05	-1.33515e-05	6.19893e-05	-7.122
1184.3935	10.632	7.09292616e-11	6.67575e-06	3.81473e-06	1.04905e-05	6.708
1185.9453	10.636	7.095594679999999e-11	-4.7684e-06	4.48229e-05	4.76839e-05	92.322
1187.5112	10.64	7.0982632e-11	-2.57493e-05	-3.33788e-05	4.67303e-05	-133.896
1189.0658	10.644	7.10093172e-11	5.72208e-06	-2.9564e-05	2.6703e-05	-84.144
1190.8734	10.648	7.10360024e-11	-3.14715e-05	-6.67575e-06	2.86103e-05	-173.046
1192.4453	10.652	7.106268759999999e-11	3.81473e-06	-6.67575e-06	8.58313e-06	-7.596
1194.0263	10.656	7.10893728e-11	-3.81473e-06	5.72208e-06	7.62945e-06	9.462
1195.8443	10.66	7.1116058e-11	-4.00546e-05	1.90736e-06	4.10082e-05	173.232
1197.4112	10.664	7.114274319999999e-11	9.5368e-06	-4.7684e-06	6.67575e-06	-60.948
1198.9812	10.668	7.116942839999999e-11	1.33515e-05	-2.00273e-05	2.3842e-05	-64.134
1200.5331	10.672	7.11961136e-11	3.14715e-05	5.53133e-05	5.9128e-05	67.692
1202.1188	10.676	7.12227988e-11	-1.04905e-05	-2.86104e-06	1.14442e-05	-170.538
1203.9557	10.68	7.1249484e-11	8.58313e-06	2.0981e-05	1.90736e-05	105.642
1205.504	10.684	7.12761692e-11	2.00273e-05	1.23978e-05	2.57493e-05	45.0
1207.1058	10.688	7.13028544e-11	-9.53682e-07	5.72208e-06	1.04905e-05	102.804
1208.6737	10.692	7.132953959999999e-11	-2.00273e-05	3.14715e-05	3.05178e-05	113.55
1210.258	10.696	7.135622479999999e-11	4.57766e-05	8.58313e-06	4.38693e-05	12.336
1211.8027	10.7	7.138290999999999e-11	7.62945e-06	-9.5368e-06	1.33515e-05	-33.69
1213.405	10.704	7.14095952e-11	6.67575e-06	1.90736e-06	5.72208e-06	124.698
1215.2277	10.708	7.14362804e-11	0.0	1.62126e-05	1.62126e-05	79.506
1216.7959	10.712	7.14629656e-11	-3.05178e-05	2.86104e-06	2.47956e-05	155.556
1218.3433	10.716	7.14896508e-11	-6.67575e-06	-1.33515e-05	1.14442e-05	-90.0
1219.9149	10.72	7.151633600000001e-11	1.62126e-05	1.04905e-05	2.3842e-05	47.118
1221.4975	10.724	7.154302119999999e-11	3.43325e-05	-4.57766e-05	5.72207e-05	-48.816
1223.3055	10.728	7.156970639999999e-11	9.5368e-06	1.52589e-05	2.0981e-05	45.0
1224.8511	10.732	7.159639159999999e-11	-3.81473e-06	1.33515e-05	1.52589e-05	119.748
1226.4252	10.736	7.16230768e-11	1.14442e-05	1.23978e-05	1.62126e-05	38.292
1228.2594	10.74	7.1649762e-11	1.23978e-05	1.04905e-05	9.5368e-06	90.0
1229.8262	10.744	7.16764472e-11	-9.53682e-07	2.3842e-05	2.3842e-05	88.41
1231.4115	10.748	7.17031324e-11	-3.81473e-06	-1.43052e-05	1.71663e-05	-66.57
1232.9908	10.752	7.17298176e-11	5.72208e-06	-1.23978e-05	1.23978e-05	-73.608
1234.5597	10.756	7.17565028e-11	1.90736e-05	-7.62945e-06	2.0981e-05	-17.88
1236.1295	10.76	7.178318799999999e-11	-1.90736e-06	3.24252e-05	3.05178e-05	88.752
1237.7159	10.764	7.180987319999999e-11	3.91009e-05	-3.52862e-05	5.0545e-05	-42.798
1239.2813	10.768	7.18365584e-11	-1.71663e-05	4.86376e-05	5.24523e-05	103.86
1240.8286	10.772	7.18632436e-11	2.86104e-06	-3.24252e-05	3.24252e-05	-76.506
1242.3963	10.776	7.18899288e-11	-2.47956e-05	1.71663e-05	2.6703e-05	144.636
1243.9448	10.78	7.191661399999999e-11	0.0	1.90736e-05	1.71663e-05	99.09
1245.5341	10.784	7.19432992e-11	-2.86103e-05	3.24252e-05	4.00546e-05	130.488
1247.3532	10.788	7.19699844e-11	-5.3406e-05	2.6703e-05	5.81744e-05	155.274
1248.9224	10.792	7.19966696e-11	-2.6703e-05	4.00546e-05	4.76839e-05	115.53
1250.5101	10.796	7.20233548e-11	-7.62945e-06	-2.86104e-06	2.86104e-06	-66.798
1252.0725	10.8	7.205004e-11	2.6703e-05	3.33788e-05	4.19619e-05	57.096
1253.6402	10.804	7.20767252e-11	5.6267e-05	-1.33515e-05	5.72207e-05	-13.044
1255.1875	10.808	7.210341039999999e-11	1.23978e-05	-4.7684e-06	1.52589e-05	-33.69
1256.7768	10.812	7.213009559999999e-11	2.86104e-06	-2.28883e-05	1.71663e-05	-115.02
1258.3572	10.816	7.21567808e-11	-2.86104e-06	3.81473e-06	2.86104e-06	45.0
1259.9355	10.82	7.2183466e-11	1.23978e-05	-2.86104e-06	1.04905e-05	3.816
1261.5105	10.824	7.22101512e-11	6.67575e-06	1.52589e-05	1.23978e-05	74.052
1263.3338	10.828	7.22368364e-11	3.33788e-05	-2.86104e-06	3.62399e-05	1.008
1264.9264	10.832	7.22635216e-11	-6.67575e-06	1.04905e-05	9.5368e-06	85.602
1266.4961	10.836	7.229020679999999e-11	5.14986e-05	-1.52589e-05	5.43597e-05	-20.472
1268.0629	10.84	7.231689199999999e-11	1.52589e-05	-9.53682e-07	1.71663e-05	2.118
1269.6511	10.844	7.234357719999999e-11	9.53682e-07	-5.72208e-06	8.58313e-06	-130.236
1271.2315	10.848	7.23702624e-11	1.04905e-05	-2.28883e-05	2.3842e-05	-49.572
1272.8139	10.852	7.23969476e-11	-3.24252e-05	-3.81472e-05	4.57766e-05	-116.19
1274.393	10.856	7.24236328e-11	-9.53682e-07	9.53682e-07	5.72208e-06	-10.62
1276.2188	10.86	7.2450318e-11	1.62126e-05	3.24252e-05	4.00546e-05	62.676
1277.8046	10.864	7.247700320000001e-11	1.90736e-06	-2.0981e-05	1.90736e-05	-104.034
1279.3678	10.868	7.25036884e-11	7.62945e-06	1.81199e-05	1.71663e-05	50.196
1280.9487	10.872	7.253037359999999e-11	3.24252e-05	-7.62945e-06	3.71935e-05	-15.252
1282.5223	10.876	7.255705879999999e-11	4.19619e-05	3.05178e-05	5.43597e-05	37.146
1284.0663	10.88	7.2583744e-11	-1.14442e-05	-2.57493e-05	2.6703e-05	-111.54
1285.6349	10.884	7.26104292e-11	3.24252e-05	-4.7684e-06	2.3842e-05	-8.364
1287.225	10.888	7.26371144e-11	1.62126e-05	5.14986e-05	5.3406e-05	83.58
1288.7884	10.892	7.26637996e-11	8.58313e-06	-2.57493e-05	2.57493e-05	-83.046
1290.3753	10.896	7.26904848e-11	3.81473e-06	-9.53682e-07	5.72208e-06	-6.342
1291.9411	10.9	7.271717e-11	-7.62945e-06	-2.19346e-05	1.90736e-05	-96.342
1293.4862	10.904	7.27438552e-11	-1.14442e-05	2.6703e-05	2.6703e-05	94.512
1295.3411	10.908	7.277054039999999e-11	-4.7684e-06	-7.62945e-06	1.04905e-05	-164.478
1296.9093	10.912	7.27972256e-11	6.67575e-06	-3.52862e-05	3.62399e-05	-91.008
1298.4626	10.916	7.28239108e-11	-4.7684e-06	2.28883e-05	2.57493e-05	105.018
1300.3018	10.92	7.2850596e-11	6.67575e-06	2.19346e-05	2.57493e-05	79.458
1301.8815	10.924	7.287728119999999e-11	8.58313e-06	-2.76567e-05	3.05178e-05	-76.266
1303.4564	10.928	7.29039664e-11	9.5368e-06	-6.67575e-06	1.04905e-05	-19.44
1305.0366	10.932	7.29306516e-11	2.86104e-06	2.9564e-05	2.86103e-05	79.284
1306.6164	10.936	7.29573368e-11	-1.90736e-05	1.62126e-05	2.28883e-05	133.83
1308.4253	10.94	7.2984022e-11	-1.33515e-05	-7.62945e-06	1.52589e-05	-146.976
1309.9744	10.944	7.30107072e-11	5.72208e-06	1.52589e-05	1.62126e-05	71.568
1311.5631	10.948	7.30373924e-11	-6.67575e-06	1.04905e-05	1.43052e-05	110.856
1313.124	10.952	7.306407759999999e-11	1.04905e-05	1.90736e-06	8.58313e-06	15.252
1314.725	10.956	7.309076279999999e-11	0.0	1.33515e-05	1.71663e-05	106.188
1316.2762	10.96	7.3117448e-11	2.0981e-05	-1.23978e-05	2.57493e-05	-27.18
1317.8582	10.964	7.31441332e-11	9.53682e-07	1.33515e-05	1.04905e-05	16.392
1319.6678	10.968	7.31708184e-11	2.3842e-05	0.0	2.3842e-05	6.168
1321.2461	10.972	7.31975036e-11	1.90736e-06	-6.67575e-06	4.7684e-06	-140.196
1322.8302	10.976	7.322418880000001e-11	5.72208e-06	1.90736e-06	6.67575e-06	-4.086
1324.3863	10.98	7.325087399999999e-11	-3.33788e-05	9.53682e-07	3.33788e-05	-172.476
1325.9707	10.984	7.327755919999999e-11	-1.14442e-05	-9.5368e-06	1.62126e-05	-143.13
1327.7788	10.988	7.330424439999999e-11	-1.71663e-05	2.19346e-05	2.28883e-05	117.408
1329.3535	10.992	7.33309296e-11	-1.04905e-05	1.90736e-05	1.81199e-05	101.766
1330.9096	10.996	7.33576148e-11	6.67575e-06	1.23978e-05	1.52589e-05	64.44
1332.4915	11.0	7.33843e-11	2.00273e-05	1.90736e-05	2.47956e-05	59.304
1334.0616	11.004	7.34109852e-11	3.24252e-05	0.0	3.52862e-05	3.18
1335.6209	11.008	7.343767039999999e-11	5.0545e-05	-2.3842e-05	5.6267e-05	-18.648
1337.1926	11.012	7.34643556e-11	1.33515e-05	1.90736e-06	2.00273e-05	3.27
1338.7733	11.016	7.34910408e-11	1.43052e-05	-1.43052e-05	2.19346e-05	-24.144
1340.6032	11.02	7.351772599999999e-11	1.71663e-05	-6.67575e-06	1.52589e-05	-2.49
1342.1612	11.024	7.354441119999999e-11	-2.3842e-05	-6.67575e-06	2.3842e-05	-168.366
1343.7335	11.028	7.35710964e-11	8.58313e-06	3.81473e-06	9.5368e-06	12.096
1345.3154	11.032	7.35977816e-11	1.90736e-05	-9.5368e-06	1.90736e-05	-47.862
1346.886	11.036	7.36244668e-11	-1.14442e-05	8.58313e-06	1.33515e-05	140.904
1348.4711	11.04	7.365115199999999e-11	8.58313e-06	-3.62399e-05	3.62399e-05	-97.986
1350.0313	11.044	7.36778372e-11	-1.33515e-05	-4.00546e-05	4.00546e-05	-105.678
1351.8542	11.048	7.37045224e-11	1.62126e-05	-1.23978e-05	2.47956e-05	-28.392
1353.4413	11.052	7.37312076e-11	-3.14715e-05	5.72208e-06	3.24252e-05	152.928
1354.9875	11.056	7.375789279999998e-11	-3.71935e-05	-2.47956e-05	4.19619e-05	-145.536
1356.5607	11.06	7.3784578e-11	1.71663e-05	4.86376e-05	5.14986e-05	77.232
1358.1054	11.064	7.38112632e-11	6.67575e-06	1.23978e-05	1.23978e-05	80.538
1359.9492	11.068	7.383794839999999e-11	1.90736e-05	1.52589e-05	2.19346e-05	52.764
1361.5161	11.072	7.386463359999999e-11	-4.00546e-05	9.5368e-06	4.29156e-05	171.996
1363.0807	11.076	7.38913188e-11	-9.5368e-06	1.43052e-05	1.71663e-05	122.004
1364.6296	11.08	7.3918004e-11	-2.86104e-06	2.57493e-05	2.57493e-05	91.434
1366.231	11.084	7.39446892e-11	3.52862e-05	2.3842e-05	4.19619e-05	44.358
1367.8012	11.088	7.39713744e-11	-3.81473e-06	-5.72208e-06	6.67575e-06	-158.964
1369.3873	11.092	7.39980596e-11	8.58313e-06	2.86104e-06	1.33515e-05	13.494
1370.9319	11.096	7.402474479999999e-11	-4.00546e-05	9.53682e-07	3.91009e-05	175.236
1372.7743	11.1	7.405142999999999e-11	5.72208e-06	-3.81472e-05	4.00546e-05	-74.178
1374.3288	11.104	7.407811519999999e-11	-3.81473e-06	2.00273e-05	2.0981e-05	101.31
1375.9205	11.108	7.41048004e-11	2.9564e-05	3.81473e-06	1.90736e-05	51.006
1377.4727	11.112	7.41314856e-11	3.24252e-05	1.52589e-05	3.52862e-05	32.802
1379.0598	11.116	7.41581708e-11	2.57493e-05	1.71663e-05	3.91009e-05	23.784
1380.6264	11.12	7.4184856e-11	3.52862e-05	1.62126e-05	3.24252e-05	36.324
1382.1937	11.124	7.42115412e-11	9.5368e-06	1.71663e-05	2.19346e-05	47.292
1384.0001	11.128	7.423822639999999e-11	2.57493e-05	-2.86104e-06	3.05178e-05	-5.712
1385.5861	11.132	7.426491159999999e-11	1.90736e-06	2.86104e-06	7.62945e-06	-3.366
1387.1485	11.136	7.429159679999999e-11	1.33515e-05	-1.90736e-06	1.04905e-05	-12.996
1388.7267	11.14	7.4318282e-11	-4.76839e-05	-1.90736e-06	4.57766e-05	-179.184
1390.2779	11.144	7.43449672e-11	-2.0981e-05	-1.33515e-05	1.90736e-05	-131.82
1392.1355	11.148	7.43716524e-11	3.81473e-06	-3.81473e-06	5.72208e-06	-40.602
1393.6936	11.152	7.439833759999999e-11	1.33515e-05	-3.52862e-05	3.52862e-05	-70.866
1395.2557	11.156	7.44250228e-11	-1.43052e-05	-9.5368e-06	1.04905e-05	-96.342
1396.825	11.16	7.4451708e-11	-1.81199e-05	5.72208e-06	2.0981e-05	171.384
1398.4071	11.164	7.447839319999999e-11	-2.28883e-05	-2.6703e-05	3.24252e-05	-134.148
1399.9756	11.168	7.450507839999999e-11	2.57493e-05	-2.28883e-05	2.86103e-05	-35.364
1401.5382	11.172	7.45317636e-11	-1.33515e-05	3.52862e-05	3.71935e-05	106.392
1403.1119	11.176	7.45584488e-11	9.53682e-07	-7.62945e-06	8.58313e-06	-19.656
1404.935	11.18	7.458513399999999e-11	4.19619e-05	1.71663e-05	4.57766e-05	15.252
1406.4777	11.184	7.461181919999999e-11	-2.00273e-05	-3.05178e-05	3.52862e-05	-125.79
1408.0536	11.188	7.46385044e-11	2.00273e-05	1.04905e-05	2.3842e-05	34.59
1409.5957	11.192	7.46651896e-11	3.81473e-06	3.24252e-05	3.24252e-05	69.72
1411.1786	11.196	7.46918748e-11	3.81473e-06	-9.53682e-07	1.90736e-06	-63.438
1412.7634	11.2	7.471856e-11	-4.7684e-06	-3.14715e-05	3.24252e-05	-109.884
1414.3459	11.204	7.47452452e-11	2.00273e-05	-3.33788e-05	4.00546e-05	-51.042
1415.937	11.208	7.47719304e-11	4.10082e-05	9.5368e-06	3.33788e-05	18.432
1417.4815	11.212	7.479861559999999e-11	1.71663e-05	9.5368e-06	2.19346e-05	25.824
1419.0526	11.216	7.482530079999999e-11	2.3842e-05	2.19346e-05	3.52862e-05	36.87
1420.6484	11.22	7.4851986e-11	-1.04905e-05	1.90736e-06	9.5368e-06	-175.602
1422.2155	11.224	7.48786712e-11	5.72208e-06	-3.81473e-06	1.04905e-05	-33.69
1423.7857	11.228	7.49053564e-11	-2.00273e-05	-2.6703e-05	3.14715e-05	-120.174
1425.3675	11.232	7.49320416e-11	-2.9564e-05	-2.19346e-05	3.62399e-05	-147.45
1426.9341	11.236	7.49587268e-11	-9.5368e-06	2.19346e-05	2.47956e-05	118.494
1428.762	11.24	7.498541199999999e-11	-1.62126e-05	8.58313e-06	1.23978e-05	119.358
1430.3292	11.244	7.501209719999999e-11	4.7684e-06	1.90736e-06	0.0	-149.034
1431.8943	11.248	7.503878239999999e-11	1.62126e-05	-1.33515e-05	2.0981e-05	-33.18
1433.4388	11.252	7.50654676e-11	-4.7684e-06	-2.6703e-05	2.86103e-05	-114.864
1435.0293	11.256	7.50921528e-11	-9.5368e-06	2.19346e-05	2.3842e-05	132.798
1436.851	11.26	7.5118838e-11	-4.7684e-06	2.86104e-06	7.62945e-06	138.012
1438.3969	11.264	7.51455232e-11	2.19346e-05	-3.05178e-05	3.91009e-05	-50.316
1439.9851	11.268	7.51722084e-11	1.71663e-05	1.90736e-05	2.86103e-05	51.708
1441.5323	11.272	7.51988936e-11	3.05178e-05	-1.52589e-05	3.52862e-05	-18.78
1443.1139	11.276	7.522557879999999e-11	7.62945e-06	1.90736e-05	2.00273e-05	54.246
1444.6831	11.28	7.525226399999999e-11	8.58313e-06	-1.62126e-05	1.71663e-05	-54.462
1446.2405	11.284	7.52789492e-11	-3.81473e-06	-1.81199e-05	1.71663e-05	-94.086
1447.8027	11.288	7.53056344e-11	-9.53682e-07	3.62399e-05	3.71935e-05	91.008
1449.3656	11.292	7.53323196e-11	9.53682e-07	1.81199e-05	1.90736e-05	84.096
1450.9376	11.296	7.535900479999999e-11	-3.81472e-05	-3.62399e-05	5.3406e-05	-146.112
1452.5048	11.3	7.538569e-11	-9.5368e-06	2.57493e-05	2.3842e-05	101.634
1454.0737	11.304	7.54123752e-11	3.81473e-06	3.52862e-05	3.43325e-05	79.158
1455.8793	11.308	7.54390604e-11	-1.71663e-05	2.19346e-05	2.86103e-05	121.188
1457.4497	11.312	7.546574559999999e-11	8.58313e-06	-9.5368e-06	1.62126e-05	-40.812
1459.0315	11.316	7.54924308e-11	-4.7684e-06	-1.90736e-05	1.81199e-05	-101.766
1460.598	11.32	7.5519116e-11	-7.62945e-06	2.3842e-05	2.3842e-05	106.188
1462.1835	11.324	7.554580119999999e-11	2.00273e-05	2.0981e-05	2.28883e-05	43.668
1464.0066	11.328	7.557248639999999e-11	3.24252e-05	3.52862e-05	4.57766e-05	50.646
1465.5881	11.332	7.55991716e-11	2.86104e-06	-4.7684e-06	3.81473e-06	-68.196
1467.1561	11.336	7.56258568e-11	1.71663e-05	-7.62945e-06	1.62126e-05	-40.104
1468.9908	11.34	7.5652542e-11	-1.33515e-05	-1.33515e-05	1.71663e-05	-125.538
1470.5775	11.344	7.56792272e-11	-2.28883e-05	-9.53682e-07	1.71663e-05	177.798
1472.1447	11.348	7.57059124e-11	3.81473e-06	1.04905e-05	1.14442e-05	57.996
1473.7129	11.352	7.57325976e-11	-4.7684e-06	3.81473e-06	4.7684e-06	45.0
1475.2745	11.356	7.575928279999999e-11	-3.71935e-05	-4.7684e-06	3.91009e-05	-177.228
1477.1156	11.36	7.578596799999999e-11	5.72208e-06	3.81473e-06	1.04905e-05	15.522
1478.6781	11.364	7.58126532e-11	-6.67575e-06	-2.9564e-05	2.9564e-05	-88.728
1480.2495	11.368	7.58393384e-11	3.43325e-05	2.3842e-05	4.10082e-05	39.804
1481.8191	11.372	7.58660236e-11	1.62126e-05	1.81199e-05	2.57493e-05	34.878
1483.4034	11.376	7.58927088e-11	-1.62126e-05	-6.67575e-06	8.58313e-06	-131.184
1484.9457	11.38	7.591939400000001e-11	0.0	6.67575e-06	7.62945e-06	59.034
1486.5503	11.384	7.594607919999999e-11	2.6703e-05	1.62126e-05	3.24252e-05	32.124
1488.3589	11.388	7.597276439999999e-11	2.9564e-05	-4.7684e-06	2.86103e-05	-2.79
1489.9214	11.392	7.599944959999999e-11	1.52589e-05	-1.14442e-05	1.81199e-05	-51.63
1491.4702	11.396	7.60261348e-11	4.38693e-05	-2.19346e-05	4.95913e-05	-26.22
1493.0546	11.4	7.605282e-11	-1.81199e-05	7.62945e-06	1.62126e-05	156.798
1494.6453	11.404	7.60795052e-11	-6.67575e-06	-8.58313e-06	1.23978e-05	-105.642
1496.2228	11.408	7.61061904e-11	-4.00546e-05	1.52589e-05	2.9564e-05	134.028
1497.7711	11.412	7.61328756e-11	-1.14442e-05	-2.28883e-05	2.47956e-05	-124.116
1499.3459	11.416	7.61595608e-11	9.5368e-06	2.3842e-05	2.57493e-05	62.1
1501.184	11.42	7.6186246e-11	3.33788e-05	-9.5368e-06	2.57493e-05	-14.826
1502.766	11.424	7.621293119999999e-11	-1.14442e-05	-7.62945e-06	8.58313e-06	-78.69
1504.3314	11.428	7.62396164e-11	-2.19346e-05	6.67575e-06	3.05178e-05	164.052
1505.9107	11.432	7.62663016e-11	-7.62945e-06	2.76567e-05	2.6703e-05	106.992
1507.5283	11.436	7.62929868e-11	4.7684e-06	1.04905e-05	1.04905e-05	64.98
1509.0857	11.44	7.631967199999999e-11	-8.58313e-06	3.24252e-05	3.33788e-05	106.584
1510.6608	11.444	7.63463572e-11	-3.24252e-05	-2.28883e-05	4.29156e-05	-153.06
1512.2421	11.448	7.63730424e-11	0.0	-7.62945e-06	9.5368e-06	-9.462
1513.8309	11.452	7.63997276e-11	-4.48229e-05	-4.7684e-06	4.19619e-05	-170.688
1515.3798	11.456	7.64264128e-11	1.90736e-06	-2.47956e-05	2.3842e-05	-82.092
1516.9773	11.46	7.6453098e-11	-3.71935e-05	-5.53133e-05	6.48503e-05	-129.036
1518.5346	11.464	7.64797832e-11	1.23978e-05	-8.58313e-06	1.33515e-05	-66.798
1520.3573	11.468	7.650646839999999e-11	4.00546e-05	1.62126e-05	3.91009e-05	31.8
1521.921	11.472	7.653315359999999e-11	2.86103e-05	-9.5368e-06	2.6703e-05	-22.068
1523.5012	11.476	7.65598388e-11	3.33788e-05	1.14442e-05	3.91009e-05	17.574
1525.0741	11.48	7.6586524e-11	-3.14715e-05	-3.62399e-05	4.38693e-05	-133.068
1526.6711	11.484	7.66132092e-11	-7.62945e-06	-7.62945e-06	1.04905e-05	-173.658
1528.4946	11.488	7.66398944e-11	8.58313e-06	6.67575e-06	1.23978e-05	46.974
1530.0587	11.492	7.666657960000001e-11	-1.33515e-05	1.33515e-05	2.00273e-05	150.948
1531.6415	11.496	7.669326479999999e-11	1.90736e-06	-1.14442e-05	9.5368e-06	-77.004
1533.2096	11.5	7.671994999999999e-11	-6.67575e-06	-2.57493e-05	2.57493e-05	-115.908
1534.7741	11.504	7.674663519999999e-11	1.90736e-05	-1.71663e-05	2.28883e-05	-47.49
1536.374	11.508	7.677332039999999e-11	-4.7684e-06	-9.53682e-07	5.72208e-06	-124.992
1537.9593	11.512	7.68000056e-11	-6.67575e-06	-1.90736e-05	1.81199e-05	-121.326
1539.5391	11.516	7.68266908e-11	-9.5368e-06	3.81473e-06	5.72208e-06	70.02
1541.3824	11.52	7.6853376e-11	-2.28883e-05	-1.04905e-05	3.52862e-05	-167.694
1542.9297	11.524	7.68800612e-11	7.62945e-06	-2.76567e-05	2.76567e-05	-74.982
1544.5215	11.528	7.69067464e-11	5.6267e-05	8.58313e-06	5.72207e-05	7.374
1546.0862	11.532	7.693343159999999e-11	5.72208e-06	1.23978e-05	1.14442e-05	113.628
1547.6464	11.536	7.696011679999999e-11	3.33788e-05	1.90736e-06	3.62399e-05	1.02
1549.2292	11.54	7.698680199999999e-11	-3.62399e-05	1.62126e-05	4.38693e-05	148.452
1550.8059	11.544	7.70134872e-11	6.67575e-06	-3.81473e-06	1.90736e-06	180.0
1552.6038	11.548	7.70401724e-11	2.86103e-05	2.86103e-05	3.71935e-05	43.494
1554.1961	11.552	7.70668576e-11	-2.9564e-05	-1.14442e-05	2.86103e-05	-153.438
1555.7756	11.556	7.709354279999999e-11	2.86104e-06	2.19346e-05	2.28883e-05	85.236
1557.3582	11.56	7.7120228e-11	-1.04905e-05	-2.86104e-06	1.62126e-05	-156.798
1558.9281	11.564	7.71469132e-11	5.72208e-06	-2.86104e-06	5.72208e-06	-15.252
1560.7363	11.568	7.71735984e-11	4.7684e-06	4.19619e-05	4.00546e-05	84.804
1562.2817	11.572	7.720028359999999e-11	-1.62126e-05	2.19346e-05	2.3842e-05	112.992
1563.8516	11.576	7.72269688e-11	4.10082e-05	-1.62126e-05	4.86376e-05	-20.982
1565.7052	11.58	7.7253654e-11	-7.62945e-06	9.5368e-06	1.04905e-05	175.602
1567.2546	11.584	7.728033919999999e-11	9.5368e-06	8.58313e-06	1.52589e-05	34.38
1568.8554	11.588	7.730702439999999e-11	1.23978e-05	9.5368e-06	1.04905e-05	14.034
1570.4238	11.592	7.73337096e-11	-9.53682e-07	8.58313e-06	7.62945e-06	102.996
1572.0093	11.596	7.73603948e-11	6.67575e-06	-4.7684e-06	8.58313e-06	-50.712
1573.5537	11.6	7.738708e-11	-6.67575e-06	-1.71663e-05	1.52589e-05	-92.49
1575.1361	11.604	7.74137652e-11	-1.90736e-06	-2.86104e-06	4.7684e-06	5.196
1576.7113	11.608	7.74404504e-11	5.72208e-06	1.04905e-05	1.23978e-05	98.13
1578.2541	11.612	7.746713559999999e-11	-1.43052e-05	9.5368e-06	1.62126e-05	131.988
1579.8387	11.616	7.749382079999999e-11	1.23978e-05	2.00273e-05	2.28883e-05	38.928
1581.4081	11.62	7.752050599999999e-11	-6.67575e-06	6.67575e-06	1.04905e-05	163.608
1582.9882	11.624	7.75471912e-11	-1.81199e-05	7.62945e-06	2.19346e-05	144.09
1584.7979	11.628	7.75738764e-11	2.6703e-05	-2.6703e-05	3.81472e-05	-35.076
1586.3957	11.632	7.76005616e-11	6.67575e-06	-1.33515e-05	1.90736e-05	-53.472
1587.9448	11.636	7.76272468e-11	0.0	-6.67575e-06	3.81473e-06	-101.31
1589.5161	11.64	7.7653932e-11	1.23978e-05	3.62399e-05	3.91009e-05	69.444
1591.1014	11.644	7.768061719999999e-11	-2.0981e-05	-9.5368e-06	2.3842e-05	-173.478
1592.9239	11.648	7.770730239999999e-11	3.81473e-06	9.53682e-07	1.90736e-06	-63.438
1594.4912	11.652	7.773398759999999e-11	-7.62945e-06	4.10082e-05	4.38693e-05	96.81
1596.0741	11.656	7.77606728e-11	2.19346e-05	-8.58313e-06	2.76567e-05	-4.086
1597.9242	11.66	7.7787358e-11	9.53682e-07	-8.58313e-06	9.5368e-06	-136.848
1599.4742	11.664	7.78140432e-11	-1.52589e-05	6.67575e-06	1.52589e-05	160.71
1601.0659	11.668	7.784072839999999e-11	-1.81199e-05	-9.5368e-06	1.71663e-05	-129.804
1602.6142	11.672	7.78674136e-11	8.58313e-06	2.57493e-05	2.57493e-05	60.642
1604.2164	11.676	7.78940988e-11	-4.7684e-06	1.90736e-06	1.04905e-05	126.384
1605.78	11.68	7.792078399999999e-11	-6.67575e-06	-2.86104e-06	8.58313e-06	165.258
1607.3472	11.684	7.794746919999999e-11	5.72208e-06	1.90736e-06	9.5368e-06	0.0
1608.9096	11.688	7.79741544e-11	-1.62126e-05	5.72208e-06	2.0981e-05	164.292
1610.4792	11.692	7.80008396e-11	2.6703e-05	0.0	1.90736e-05	-9.462
1612.0618	11.696	7.80275248e-11	-6.67575e-06	-6.67575e-06	1.71663e-05	-149.034
1613.6504	11.7	7.805420999999999e-11	-2.86104e-06	1.90736e-06	5.72208e-06	160.344