Time (s) 	 Position (mm) 	 Delay (s) 	 X 	 Y 	 R 	 theta 
#Without Preamplifier,searching for the GaP signal, ZnTe detector angle 40deg, Chopper 230Hz, time constant=0.1s 24dB, waiting time= 1.0s, sensitivity=20mV
1.5205	7.7	5.1369009999999997e-11	3.14715e-05	-1.71663e-05	3.05178e-05	-28.392
3.0925	7.704	5.1395695199999995e-11	-1.62126e-05	2.6703e-05	2.86103e-05	107.592
4.659	7.708	5.14223804e-11	-1.23978e-05	-2.9564e-05	3.05178e-05	-118.302
6.2238	7.712	5.14490656e-11	1.90736e-05	3.62399e-05	4.29156e-05	64.206
7.7717	7.716	5.1475750799999996e-11	-3.62399e-05	-8.58313e-06	4.10082e-05	-171.996
9.3271	7.72	5.1502435999999994e-11	6.67575e-06	1.81199e-05	1.90736e-05	70.2
10.8766	7.724	5.15291212e-11	-1.62126e-05	-3.81473e-06	1.71663e-05	-169.506
12.4455	7.728	5.15558064e-11	-2.3842e-05	2.3842e-05	3.33788e-05	120.414
13.9916	7.732	5.15824916e-11	3.24252e-05	-6.67575e-06	3.24252e-05	-18.432
15.5426	7.736	5.1609176799999993e-11	-2.00273e-05	1.04905e-05	2.3842e-05	149.304
17.1148	7.74	5.1635862e-11	-1.71663e-05	1.62126e-05	1.90736e-05	128.994
18.6613	7.744	5.1662547199999996e-11	8.58313e-06	3.81473e-06	6.67575e-06	59.034
20.2138	7.748	5.16892324e-11	1.62126e-05	5.72208e-06	1.33515e-05	48.576
21.7641	7.752	5.17159176e-11	-3.81473e-06	-1.14442e-05	1.14442e-05	-106.392
23.3159	7.756	5.17426028e-11	-9.5368e-06	1.04905e-05	1.14442e-05	99.462
25.1062	7.76	5.1769287999999995e-11	-8.58313e-06	3.05178e-05	3.24252e-05	107.7
26.6576	7.764	5.17959732e-11	-2.00273e-05	5.72208e-06	2.3842e-05	147.096
28.4684	7.768	5.18226584e-11	-2.86104e-06	3.62399e-05	3.62399e-05	94.158
30.0168	7.772	5.1849343599999997e-11	1.04905e-05	3.71935e-05	4.19619e-05	72.12
31.5665	7.776	5.1876028799999995e-11	-9.5368e-06	1.33515e-05	1.71663e-05	133.362
33.1569	7.78	5.1902714e-11	-4.95913e-05	1.90736e-06	4.57766e-05	171.384
34.7208	7.784	5.19293992e-11	1.52589e-05	-2.0981e-05	2.47956e-05	-57.996
36.2695	7.788	5.19560844e-11	-1.52589e-05	1.62126e-05	2.0981e-05	132.396
38.0614	7.792	5.1982769599999994e-11	-2.86104e-06	9.5368e-06	1.14442e-05	105.522
39.6002	7.796	5.20094548e-11	0.0	3.05178e-05	2.9564e-05	96.63
41.4075	7.8	5.203614e-11	2.3842e-05	2.19346e-05	2.9564e-05	50.358
42.9721	7.804	5.20628252e-11	1.71663e-05	-4.67303e-05	4.86376e-05	-64.134
44.7994	7.808	5.208951039999999e-11	3.05178e-05	-2.86104e-06	3.52862e-05	0.0
46.3424	7.812	5.21161956e-11	2.28883e-05	8.58313e-06	2.6703e-05	15.75
47.8936	7.816	5.2142880799999996e-11	-1.81199e-05	-1.62126e-05	1.90736e-05	-125.31
49.705	7.82	5.2169566e-11	1.71663e-05	-6.67575e-06	1.71663e-05	-13.494
51.2714	7.824	5.21962512e-11	3.43325e-05	-6.67575e-06	3.52862e-05	-5.292
53.0893	7.828	5.22229364e-11	-2.86104e-06	9.5368e-06	9.5368e-06	47.49
54.6417	7.832	5.2249621599999995e-11	-3.81473e-06	4.7684e-06	5.72208e-06	114.444
56.1832	7.836	5.22763068e-11	-1.33515e-05	2.00273e-05	2.3842e-05	119.538
57.7283	7.84	5.2302992e-11	-2.28883e-05	1.43052e-05	3.05178e-05	156.642
59.2791	7.844	5.2329677199999996e-11	2.86104e-06	2.19346e-05	2.0981e-05	80.838
60.8544	7.848	5.2356362399999995e-11	-1.14442e-05	3.33788e-05	3.33788e-05	109.98
62.3972	7.852	5.23830476e-11	-2.76567e-05	1.90736e-06	2.76567e-05	178.668
63.9487	7.856	5.24097328e-11	-2.76567e-05	2.6703e-05	3.52862e-05	138.27
65.4996	7.86	5.2436418e-11	1.33515e-05	1.33515e-05	2.19346e-05	51.582
67.0516	7.864	5.2463103199999994e-11	4.19619e-05	-9.5368e-06	4.57766e-05	-15.396
68.6224	7.868	5.24897884e-11	-2.86103e-05	-1.14442e-05	2.57493e-05	-155.43
70.1608	7.872	5.2516473599999997e-11	-3.05178e-05	0.0	3.24252e-05	162.978
71.7071	7.876	5.25431588e-11	1.23978e-05	-9.5368e-06	1.23978e-05	-29.358
73.2564	7.88	5.2569844e-11	1.90736e-06	1.52589e-05	1.62126e-05	96.342
74.8117	7.884	5.25965292e-11	-2.00273e-05	8.58313e-06	1.90736e-05	136.332
76.3586	7.888	5.2623214399999996e-11	-9.5368e-06	6.67575e-06	1.04905e-05	180.0
77.9143	7.892	5.26498996e-11	-9.5368e-06	-6.67575e-06	5.72208e-06	-99.462
79.4625	7.896	5.26765848e-11	-2.6703e-05	1.90736e-06	2.6703e-05	173.046
81.0324	7.9	5.270327e-11	-5.14986e-05	1.81199e-05	4.86376e-05	157.128
82.5998	7.904	5.2729955199999995e-11	1.90736e-06	-2.00273e-05	1.90736e-05	-85.764
84.1462	7.908	5.27566404e-11	3.81473e-06	2.28883e-05	2.3842e-05	81.87
85.7029	7.912	5.27833256e-11	0.0	-2.28883e-05	2.19346e-05	-98.13
87.248	7.916	5.28100108e-11	-1.90736e-06	-7.62945e-06	1.04905e-05	-57.096
88.8013	7.92	5.2836695999999994e-11	-6.67575e-06	-9.53682e-07	0.0	36.87
90.3509	7.924	5.28633812e-11	2.9564e-05	-4.7684e-06	3.14715e-05	-13.17
91.9022	7.928	5.28900664e-11	2.86104e-06	2.76567e-05	2.57493e-05	72.072
93.4529	7.932	5.29167516e-11	5.72208e-06	8.58313e-06	5.72208e-06	81.87
95.004	7.936	5.2943436799999994e-11	1.81199e-05	-3.62399e-05	4.19619e-05	-55.08
96.5592	7.94	5.2970122e-11	8.58313e-06	-1.14442e-05	1.33515e-05	-55.494
98.1067	7.944	5.2996807199999997e-11	-9.53682e-07	3.81473e-06	3.81473e-06	59.034
99.6778	7.948	5.30234924e-11	-2.00273e-05	1.52589e-05	2.57493e-05	138.012
101.2477	7.952	5.30501776e-11	3.43325e-05	1.90736e-06	2.9564e-05	-4.086
102.7824	7.956	5.30768628e-11	-2.3842e-05	1.52589e-05	2.3842e-05	135.0
104.3289	7.96	5.3103547999999996e-11	-1.81199e-05	-6.67575e-06	1.81199e-05	-150.75
105.8952	7.964	5.31302332e-11	-1.33515e-05	8.58313e-06	1.04905e-05	118.302
107.4462	7.968	5.31569184e-11	-1.90736e-05	-1.90736e-06	1.43052e-05	-165.966
108.9968	7.972	5.31836036e-11	-9.53682e-07	8.58313e-06	7.62945e-06	84.804
110.548	7.976	5.3210288799999995e-11	-2.28883e-05	1.90736e-06	2.19346e-05	174.804
112.1192	7.98	5.3236974e-11	2.9564e-05	1.81199e-05	3.33788e-05	21.804
113.6667	7.984	5.32636592e-11	-7.62945e-06	1.23978e-05	1.23978e-05	79.992
115.2398	7.988	5.32903444e-11	1.23978e-05	3.81473e-06	1.43052e-05	10.782
116.7846	7.992	5.3317029599999994e-11	-3.43325e-05	-7.62945e-06	2.9564e-05	-162.804
118.3557	7.996	5.33437148e-11	3.05178e-05	-6.67575e-06	3.14715e-05	-9.66
120.1626	8.0	5.33704e-11	-9.5368e-06	-6.67575e-06	5.72208e-06	-135.0
121.7297	8.004	5.3397085199999995e-11	1.90736e-06	2.86104e-06	3.81473e-06	139.398
123.2788	8.008	5.3423770399999994e-11	-5.72208e-06	-2.76567e-05	3.05178e-05	-86.568
124.8344	8.012	5.34504556e-11	1.90736e-06	1.90736e-06	5.72208e-06	37.878
126.649	8.016	5.3477140799999996e-11	-1.81199e-05	-9.5368e-06	2.00273e-05	-169.044
128.2022	8.02	5.3503825999999995e-11	1.71663e-05	-1.04905e-05	2.3842e-05	-27.258
129.7545	8.024	5.353051119999999e-11	9.5368e-06	9.5368e-06	1.23978e-05	32.736
131.305	8.028	5.35571964e-11	-2.6703e-05	-1.14442e-05	2.9564e-05	-154.59
133.1187	8.032	5.3583881599999996e-11	2.86103e-05	-1.14442e-05	3.33788e-05	-17.418
134.6823	8.036	5.3610566799999994e-11	-3.81472e-05	3.81473e-06	3.33788e-05	171.348
136.2362	8.04	5.363725199999999e-11	2.9564e-05	-1.33515e-05	3.24252e-05	-21.372
137.8015	8.044	5.3663937200000003e-11	7.62945e-06	1.62126e-05	1.90736e-05	61.56
139.6092	8.048	5.3690622399999995e-11	-1.43052e-05	1.52589e-05	2.3842e-05	142.254
141.1567	8.052	5.371730759999999e-11	-9.53682e-07	-1.62126e-05	1.62126e-05	-103.494
142.7266	8.056	5.374399279999999e-11	8.58313e-06	1.23978e-05	1.33515e-05	63.438
144.2736	8.06	5.3770678e-11	2.47956e-05	-4.29156e-05	4.86376e-05	-54.09
145.8268	8.064	5.37973632e-11	-1.90736e-05	4.57766e-05	5.3406e-05	104.844
147.3773	8.068	5.382404839999999e-11	3.62399e-05	-6.67575e-06	3.52862e-05	-7.968
148.9472	8.072	5.385073359999999e-11	-3.24252e-05	3.33788e-05	4.86376e-05	136.608
150.4973	8.076	5.38774188e-11	-2.76567e-05	3.91009e-05	4.95913e-05	120.582
152.3055	8.08	5.3904104e-11	-2.3842e-05	-2.86104e-06	2.00273e-05	-176.058
153.8722	8.084	5.393078919999999e-11	-1.14442e-05	3.43325e-05	3.52862e-05	113.052
155.4176	8.088	5.395747439999999e-11	2.00273e-05	-3.81473e-06	1.62126e-05	-10.308
156.9719	8.092	5.39841596e-11	1.90736e-05	-9.5368e-06	2.3842e-05	-17.448
158.5218	8.096	5.40108448e-11	-1.90736e-05	-1.23978e-05	2.57493e-05	-161.568
160.0755	8.1	5.403753e-11	-1.14442e-05	1.90736e-06	1.14442e-05	164.478
161.6751	8.104	5.406421519999999e-11	2.86103e-05	-3.81473e-06	2.9564e-05	-3.816
163.2378	8.108	5.40909004e-11	5.72208e-06	-1.81199e-05	2.0981e-05	-61.116
165.0463	8.112	5.41175856e-11	8.58313e-06	2.86103e-05	2.86103e-05	74.622
166.5966	8.116	5.4144270799999997e-11	0.0	1.90736e-05	1.81199e-05	83.658
168.187	8.12	5.4170955999999995e-11	-1.23978e-05	-4.00546e-05	3.91009e-05	-98.676
169.7488	8.124	5.41976412e-11	6.67575e-06	-3.81473e-06	2.86104e-06	-128.658
171.5578	8.128	5.42243264e-11	1.90736e-06	-2.86104e-06	7.62945e-06	-10.62
173.1057	8.132	5.4251011599999996e-11	-9.5368e-06	-1.62126e-05	1.43052e-05	-87.276
174.6762	8.136	5.4277696799999994e-11	-2.28883e-05	4.48229e-05	4.86376e-05	118.812
176.2239	8.14	5.4304382e-11	9.53682e-07	1.81199e-05	1.43052e-05	82.404
177.7767	8.144	5.43310672e-11	3.52862e-05	-1.90736e-06	2.9564e-05	-6.792
179.3258	8.148	5.4357752399999995e-11	-1.43052e-05	1.62126e-05	2.28883e-05	142.818
180.877	8.152	5.4384437599999993e-11	1.52589e-05	-4.7684e-06	1.23978e-05	-21.804
182.4288	8.156	5.44111228e-11	-7.62945e-06	1.52589e-05	1.71663e-05	128.292
184.2504	8.16	5.4437807999999996e-11	-3.14715e-05	9.53682e-07	3.91009e-05	-179.076
185.8177	8.164	5.4464493199999994e-11	-9.5368e-06	1.90736e-06	5.72208e-06	119.748
187.3595	8.168	5.449117839999999e-11	-1.04905e-05	-2.00273e-05	2.3842e-05	-124.59
188.9251	8.172	5.4517863600000004e-11	-3.62399e-05	1.33515e-05	3.71935e-05	154.32
190.4711	8.176	5.4544548799999996e-11	-2.86104e-06	-9.5368e-06	1.14442e-05	-140.904
192.0423	8.18	5.4571233999999994e-11	-7.62945e-06	-1.43052e-05	1.81199e-05	-117.408
193.6078	8.184	5.459791919999999e-11	-2.9564e-05	1.52589e-05	3.52862e-05	157.62
195.1763	8.188	5.46246044e-11	-3.81473e-06	6.67575e-06	5.72208e-06	99.462
196.9847	8.192	5.46512896e-11	0.0	3.81473e-06	8.58313e-06	116.562
198.5506	8.196	5.467797479999999e-11	-1.33515e-05	1.62126e-05	1.90736e-05	117.474
200.0995	8.2	5.470465999999999e-11	-1.62126e-05	0.0	1.90736e-05	171.12
201.64	8.204	5.47313452e-11	-3.91009e-05	-1.71663e-05	4.10082e-05	-151.764
203.4561	8.208	5.47580304e-11	-9.5368e-06	-1.71663e-05	2.00273e-05	-123.18
205.0073	8.212	5.478471559999999e-11	7.62945e-06	6.67575e-06	1.90736e-05	19.536
206.5586	8.216	5.481140079999999e-11	1.71663e-05	-2.9564e-05	2.86103e-05	-67.38
208.13	8.22	5.4838086e-11	-1.90736e-05	-2.57493e-05	3.05178e-05	-133.212
209.6972	8.224	5.48647712e-11	-2.86104e-06	3.81473e-06	2.86104e-06	11.31
211.2443	8.228	5.48914564e-11	9.5368e-06	-3.81473e-06	8.58313e-06	4.086
212.8153	8.232	5.491814159999999e-11	2.86103e-05	1.23978e-05	3.05178e-05	29.43
214.3628	8.236	5.49448268e-11	-9.53682e-07	-2.28883e-05	2.3842e-05	-88.494
216.1877	8.24	5.4971512e-11	3.71935e-05	5.72208e-06	3.52862e-05	12.756
217.7387	8.244	5.49981972e-11	-4.00546e-05	2.86104e-06	4.00546e-05	171.468
219.2881	8.248	5.5024882399999995e-11	-1.90736e-06	9.5368e-06	8.58313e-06	94.398
220.8407	8.252	5.50515676e-11	-2.0981e-05	9.5368e-06	1.90736e-05	131.184
222.3901	8.256	5.50782528e-11	-4.7684e-06	-2.6703e-05	2.6703e-05	-108.432
224.2173	8.26	5.5104937999999996e-11	-1.04905e-05	-9.5368e-06	1.23978e-05	-143.748
225.7824	8.264	5.5131623199999995e-11	-2.9564e-05	1.62126e-05	3.71935e-05	149.886
227.3527	8.268	5.51583084e-11	-2.86103e-05	1.23978e-05	2.86103e-05	149.034
228.8983	8.272	5.51849936e-11	-1.71663e-05	-9.5368e-06	1.71663e-05	-149.742
230.4531	8.276	5.5211678799999996e-11	-1.62126e-05	-4.7684e-06	2.0981e-05	-176.73
232.0011	8.28	5.5238363999999994e-11	5.72208e-06	8.58313e-06	1.23978e-05	27.9
233.5529	8.284	5.52650492e-11	-1.90736e-06	6.67575e-06	1.04905e-05	143.13
235.104	8.288	5.52917344e-11	1.90736e-06	-1.62126e-05	1.71663e-05	-78.69
236.9243	8.292	5.5318419599999995e-11	-1.43052e-05	-2.6703e-05	2.86103e-05	-117.15
238.4775	8.296	5.534510479999999e-11	-3.81473e-06	0.0	3.81473e-06	-5.196
240.0343	8.3	5.5371790000000004e-11	-3.33788e-05	-7.62945e-06	3.05178e-05	-168.18
241.5994	8.304	5.5398475199999996e-11	-2.86103e-05	-1.14442e-05	3.14715e-05	-161.568
243.4165	8.308	5.5425160399999994e-11	2.00273e-05	-3.81473e-06	1.33515e-05	-39.804
244.9893	8.312	5.545184559999999e-11	8.58313e-06	-4.7684e-06	7.62945e-06	-35.538
246.5369	8.316	5.5478530800000004e-11	1.04905e-05	-1.62126e-05	1.43052e-05	-64.98
248.0884	8.32	5.5505216e-11	2.86103e-05	-3.81473e-06	3.24252e-05	-1.104
249.6396	8.324	5.5531901199999994e-11	-4.57766e-05	1.33515e-05	4.57766e-05	169.02
251.204	8.328	5.555858639999999e-11	-1.81199e-05	-3.14715e-05	3.52862e-05	-125.79
252.7579	8.332	5.55852716e-11	-9.5368e-06	-3.14715e-05	3.24252e-05	-107.352
254.3067	8.336	5.56119568e-11	2.28883e-05	6.67575e-06	2.86103e-05	24.942
256.0999	8.34	5.5638642e-11	-9.5368e-06	-2.9564e-05	2.86103e-05	-105.378
257.6712	8.344	5.566532719999999e-11	-1.43052e-05	-2.00273e-05	2.19346e-05	-115.116
259.2195	8.348	5.56920124e-11	-7.62945e-06	0.0	1.81199e-05	-178.266
260.7708	8.352	5.57186976e-11	1.04905e-05	-1.62126e-05	1.43052e-05	-86.82
262.3099	8.356	5.57453828e-11	-1.62126e-05	1.71663e-05	3.05178e-05	147.198
264.1185	8.36	5.577206799999999e-11	-1.23978e-05	1.23978e-05	1.81199e-05	129.288
265.6648	8.364	5.57987532e-11	-3.81473e-06	3.81473e-06	5.72208e-06	99.462
267.2343	8.368	5.58254384e-11	3.33788e-05	0.0	3.05178e-05	-1.218
268.7806	8.372	5.58521236e-11	8.58313e-06	9.5368e-06	1.23978e-05	38.658
270.3323	8.376	5.5878808799999996e-11	-2.3842e-05	-3.14715e-05	4.00546e-05	-134.34
271.8846	8.38	5.5905494e-11	-1.14442e-05	-5.14986e-05	5.24523e-05	-95.004
273.4543	8.384	5.59321792e-11	8.58313e-06	-1.81199e-05	1.62126e-05	-85.032
275.0026	8.388	5.59588644e-11	-2.47956e-05	-2.28883e-05	3.43325e-05	-140.334
276.8444	8.392	5.5985549599999995e-11	-2.3842e-05	1.90736e-05	3.24252e-05	146.61
278.4112	8.396	5.60122348e-11	-2.00273e-05	1.33515e-05	2.28883e-05	138.504
279.9602	8.4	5.603892e-11	1.62126e-05	1.71663e-05	2.3842e-05	53.43
281.5101	8.404	5.6065605199999996e-11	-2.0981e-05	-2.00273e-05	3.24252e-05	-131.988
283.3335	8.408	5.6092290399999994e-11	1.90736e-06	8.58313e-06	6.67575e-06	108.432
284.8875	8.412	5.6118975600000006e-11	-4.7684e-06	1.43052e-05	1.52589e-05	74.358
286.4363	8.416	5.61456608e-11	6.67575e-06	-1.14442e-05	1.23978e-05	-74.478
288.2762	8.42	5.6172345999999996e-11	-1.90736e-05	6.67575e-06	1.81199e-05	147.996
289.8251	8.424	5.6199031199999994e-11	9.5368e-06	-3.14715e-05	3.52862e-05	-56.592
291.3965	8.428	5.6225716400000005e-11	3.05178e-05	-1.43052e-05	3.05178e-05	-24.864
292.9442	8.432	5.6252401599999997e-11	-1.43052e-05	1.62126e-05	2.6703e-05	143.88
294.513	8.436	5.6279086799999995e-11	-7.62945e-06	-4.00546e-05	3.71935e-05	-97.818
296.3167	8.44	5.630577199999999e-11	8.58313e-06	2.0981e-05	2.57493e-05	46.908
297.886	8.444	5.6332457200000004e-11	-1.71663e-05	-2.9564e-05	3.33788e-05	-112.62
299.4429	8.448	5.63591424e-11	-2.86104e-06	1.90736e-05	1.90736e-05	93.69
301.0052	8.452	5.6385827599999994e-11	-3.71935e-05	-9.5368e-06	3.81472e-05	-164.748
302.5912	8.456	5.641251279999999e-11	-2.86104e-06	1.23978e-05	1.43052e-05	119.478
304.1512	8.46	5.6439198000000003e-11	2.19346e-05	-6.67575e-06	2.19346e-05	-12.726
305.724	8.464	5.64658832e-11	1.04905e-05	-3.62399e-05	3.52862e-05	-82.746
307.5313	8.468	5.64925684e-11	-8.58313e-06	5.72208e-06	7.62945e-06	138.816
309.0931	8.472	5.651925359999999e-11	-4.95913e-05	2.86103e-05	4.76839e-05	140.646
310.6636	8.476	5.65459388e-11	-5.6267e-05	-4.00546e-05	6.5804e-05	-143.748
312.2125	8.48	5.6572624e-11	8.58313e-06	2.6703e-05	2.57493e-05	92.934
313.7648	8.484	5.65993092e-11	-2.0981e-05	1.90736e-05	2.86103e-05	128.454
315.5763	8.488	5.66259944e-11	-1.81199e-05	-2.47956e-05	3.14715e-05	-127.566
317.1231	8.492	5.66526796e-11	-5.9128e-05	3.43325e-05	6.8665e-05	153.924
318.6905	8.496	5.66793648e-11	9.5368e-06	9.53682e-07	1.23978e-05	21.804
320.4954	8.5	5.670605e-11	-4.48229e-05	-1.23978e-05	3.71935e-05	-154.854
322.0712	8.504	5.6732735199999996e-11	-4.48229e-05	-2.86104e-06	5.3406e-05	180.0
323.6505	8.508	5.675942039999999e-11	-2.3842e-05	9.53682e-07	2.47956e-05	174.144
325.2144	8.512	5.67861056e-11	-1.14442e-05	-4.7684e-06	1.71663e-05	-156.252
326.768	8.516	5.68127908e-11	-4.00546e-05	4.57766e-05	6.00817e-05	134.544
328.5717	8.52	5.6839475999999996e-11	-4.29156e-05	-2.47956e-05	4.67303e-05	-149.742
330.1254	8.524	5.6866161199999994e-11	-5.81744e-05	2.19346e-05	5.9128e-05	156.882
331.66	8.528	5.68928464e-11	-1.33515e-05	-5.72208e-06	1.33515e-05	-142.596
333.2081	8.532	5.69195316e-11	0.0	-1.52589e-05	1.71663e-05	-97.854
334.7736	8.536	5.6946216799999995e-11	-2.00273e-05	4.7684e-06	2.0981e-05	168.69
336.3287	8.54	5.697290199999999e-11	-2.6703e-05	-1.14442e-05	3.05178e-05	-156.036
337.8804	8.544	5.69995872e-11	-2.6703e-05	2.3842e-05	3.43325e-05	136.59
339.7028	8.548	5.7026272399999996e-11	-2.86103e-05	-2.28883e-05	3.43325e-05	-143.13
341.2611	8.552	5.7052957599999994e-11	1.14442e-05	-1.43052e-05	1.90736e-05	-46.272
342.8273	8.556	5.707964279999999e-11	-2.86104e-06	8.58313e-06	1.23978e-05	117.642
344.405	8.56	5.7106328000000004e-11	-5.14986e-05	-1.14442e-05	5.24523e-05	-170.772
345.9922	8.564	5.7133013199999995e-11	7.62945e-06	2.00273e-05	2.3842e-05	53.13
347.7925	8.568	5.7159698399999994e-11	1.71663e-05	-4.48229e-05	4.38693e-05	-74.898
349.361	8.572	5.718638359999999e-11	-7.62945e-06	-2.28883e-05	2.19346e-05	-84.804
350.9108	8.576	5.72130688e-11	3.24252e-05	-3.05178e-05	4.10082e-05	-44.292
352.4857	8.58	5.7239753999999995e-11	-1.33515e-05	2.19346e-05	2.47956e-05	119.358
354.0511	8.584	5.726643919999999e-11	-1.43052e-05	-4.48229e-05	4.95913e-05	-117.9
355.6152	8.588	5.729312439999999e-11	1.90736e-05	-4.00546e-05	4.29156e-05	-71.844
357.1699	8.592	5.73198096e-11	9.5368e-06	-2.9564e-05	2.86103e-05	-77.904
358.7164	8.596	5.73464948e-11	-2.76567e-05	-6.2943e-05	6.77113e-05	-115.536
360.5599	8.6	5.737317999999999e-11	-8.58313e-06	-1.23978e-05	9.5368e-06	-104.034
362.1078	8.604	5.739986519999999e-11	-5.72208e-06	-3.14715e-05	3.05178e-05	-99.042
363.692	8.608	5.74265504e-11	-4.48229e-05	-1.90736e-05	4.57766e-05	-155.772
365.242	8.612	5.74532356e-11	-1.62126e-05	-2.00273e-05	2.57493e-05	-117.18
366.8063	8.616	5.74799208e-11	9.5368e-06	-2.86104e-06	5.72208e-06	-90.0
368.4041	8.62	5.750660599999999e-11	-9.5368e-06	-7.24797e-05	6.96187e-05	-108.072
369.9625	8.624	5.75332912e-11	3.52862e-05	-1.62126e-05	3.33788e-05	-23.838
371.53	8.628	5.75599764e-11	1.14442e-05	1.23978e-05	1.90736e-05	52.122
373.3526	8.632	5.75866616e-11	4.86376e-05	-3.81472e-05	5.9128e-05	-33.51
374.915	8.636	5.761334679999999e-11	5.72208e-06	-1.23978e-05	1.62126e-05	-84.474
376.4723	8.64	5.7640032e-11	-8.58313e-06	1.90736e-06	3.81473e-06	168.69
378.0378	8.644	5.76667172e-11	3.62399e-05	-9.53682e-07	4.57766e-05	-2.352
379.8399	8.648	5.7693402399999996e-11	3.24252e-05	-2.28883e-05	3.81472e-05	-40.812
381.4412	8.652	5.7720087599999994e-11	-9.53682e-07	-9.5368e-06	1.04905e-05	-72.348
383.0127	8.656	5.77467728e-11	1.71663e-05	2.57493e-05	3.14715e-05	59.658
384.5778	8.66	5.7773458e-11	6.67577e-05	-3.62399e-05	6.77113e-05	-31.878
386.1469	8.664	5.7800143199999996e-11	6.10356e-05	3.24252e-05	7.05724e-05	26.094
387.6972	8.668	5.7826828399999994e-11	3.05178e-05	2.19346e-05	3.52862e-05	36.654
389.2439	8.672	5.78535136e-11	6.5804e-05	1.71663e-05	6.77113e-05	13.206
390.8149	8.676	5.7880198799999997e-11	0.00011921	4.10082e-05	0.000130654	17.982
392.649	8.68	5.7906883999999995e-11	0.000134469	8.58313e-06	0.000139237	2.148
394.2189	8.684	5.793356919999999e-11	0.000132562	6.10356e-05	0.000145913	24.36
395.8027	8.688	5.7960254400000004e-11	0.000181199	4.29156e-05	0.000188828	15.396
397.3554	8.692	5.7986939599999996e-11	0.000179292	6.19893e-05	0.000187875	19.08
398.9245	8.696	5.8013624799999994e-11	0.000209809	2.86103e-05	0.000217439	7.836
400.4672	8.7	5.804030999999999e-11	0.000231744	4.76839e-05	0.00023842	11.652
402.0575	8.7045	5.8070330849999995e-11	0.000237466	6.77113e-05	0.000247957	16.584
403.6405	8.7085	5.809701605e-11	0.000231744	8.48775e-05	0.00025654	19.908
405.2058	8.7125	5.812370125e-11	0.000229836	9.05995e-05	0.000253679	21.528
406.7712	8.7165	5.8150386449999996e-11	0.000231744	0.000115395	0.000253679	26.844
408.6109	8.7205	5.8177071649999994e-11	0.000181199	0.000123979	0.000225068	30.534
410.1965	8.7245	5.8203756850000005e-11	0.000205041	0.000123979	0.00023079	30.246
411.7612	8.7285	5.823044205e-11	0.000166894	0.000114441	0.000207902	32.988
413.3272	8.7325	5.825712725e-11	0.00013733	0.000145913	0.000203134	45.132
415.147	8.7365	5.828381245e-11	7.43871e-05	9.05995e-05	0.000122071	47.604
416.7034	8.7405	5.831049765e-11	3.14715e-05	8.48775e-05	8.96459e-05	70.344
418.2491	8.7445	5.833718285e-11	-1.71663e-05	8.39238e-05	8.48775e-05	99.018
419.8225	8.7485	5.836386805e-11	-1.81199e-05	9.05995e-05	9.25069e-05	103.734
421.6463	8.7525	5.839055324999999e-11	-3.71935e-05	6.48503e-05	7.72481e-05	122.214
423.2136	8.7565	5.841723845e-11	-4.57766e-05	6.96187e-05	8.86922e-05	122.886
424.7659	8.7605	5.844392365e-11	-6.96187e-05	3.43325e-05	7.53407e-05	156.192
426.3566	8.7645	5.847060885e-11	-0.000106812	-1.04905e-05	0.000107766	-176.088
428.2155	8.7685	5.849729405e-11	-8.67848e-05	2.57493e-05	9.72752e-05	157.44
429.7684	8.7725	5.852397925e-11	-7.53407e-05	-5.72207e-05	9.72752e-05	-143.436
431.3659	8.7765	5.855066445e-11	-5.3406e-05	5.72208e-06	5.72207e-05	171.594
433.1897	8.7805	5.857734964999999e-11	-6.8665e-05	-5.6267e-05	9.25069e-05	-147.312
434.7559	8.7845	5.860403484999999e-11	-5.9128e-05	-4.00546e-05	6.77113e-05	-146.784
436.3274	8.7885	5.863072005e-11	-4.67303e-05	-5.53133e-05	6.77113e-05	-133.362
437.906	8.7925	5.865740525e-11	-4.48229e-05	-6.00817e-05	8.10628e-05	-133.38
439.4723	8.7965	5.868409045e-11	-2.9564e-05	-3.33788e-05	4.38693e-05	-132.564
441.2758	8.8005	5.871077565e-11	-5.3406e-05	-8.67848e-05	9.72752e-05	-118.326
442.85	8.8045	5.873746085000001e-11	-5.53133e-05	-2.6703e-05	6.38966e-05	-155.748
444.4493	8.8085	5.876414604999999e-11	-8.20165e-05	-4.95913e-05	9.44142e-05	-145.866
445.9964	8.8125	5.879083124999999e-11	-5.0545e-05	-3.81472e-05	5.9128e-05	-137.328
447.5661	8.8165	5.881751644999999e-11	-2.00273e-05	3.81473e-06	1.71663e-05	180.0
449.1477	8.8205	5.884420164999999e-11	-2.47956e-05	-1.90736e-05	3.05178e-05	-137.49
450.7099	8.8245	5.887088685e-11	-4.38693e-05	-4.19619e-05	5.72207e-05	-130.236
452.2997	8.8285	5.889757205e-11	1.90736e-06	-3.62399e-05	3.33788e-05	-91.17
454.1223	8.8325	5.892425725e-11	-6.67577e-05	-1.81199e-05	6.77113e-05	-167.592
455.6926	8.8365	5.895094245e-11	-1.90736e-05	-2.9564e-05	3.33788e-05	-117.048
457.2363	8.8405	5.897762765e-11	3.81473e-06	1.90736e-05	2.19346e-05	78.024
458.8264	8.8445	5.900431285e-11	9.5368e-06	2.19346e-05	2.47956e-05	45.0
460.6466	8.8485	5.903099804999999e-11	-3.05178e-05	5.72208e-06	2.9564e-05	159.906
462.2485	8.8525	5.905768324999999e-11	-9.53682e-07	0.0	9.53682e-07	123.69
463.8128	8.8565	5.908436845e-11	-1.43052e-05	-3.33788e-05	3.52862e-05	-125.79
465.3801	8.8605	5.911105365e-11	-3.62399e-05	-1.14442e-05	2.9564e-05	-146.688
466.9637	8.8645	5.913773885e-11	-2.86104e-06	3.81473e-06	5.72208e-06	28.608
468.5417	8.8685	5.916442404999999e-11	1.90736e-06	1.04905e-05	1.04905e-05	47.118
470.1305	8.8725	5.919110925e-11	3.81473e-06	9.53682e-07	1.04905e-05	19.29
471.7141	8.8765	5.921779445e-11	7.62945e-06	0.0	1.04905e-05	-45.0
473.5296	8.8805	5.924447965e-11	3.81473e-06	9.5368e-06	1.23978e-05	42.882
475.102	8.8845	5.927116484999999e-11	-6.67575e-06	-1.04905e-05	9.5368e-06	-102.096
476.6685	8.8885	5.929785005e-11	-1.62126e-05	-6.67575e-06	1.62126e-05	-154.44
478.2349	8.8925	5.932453525e-11	-3.81472e-05	-3.71935e-05	4.95913e-05	-131.7
479.8024	8.8965	5.935122044999999e-11	-2.86104e-06	-4.7684e-06	5.72208e-06	-83.658
481.3737	8.9005	5.937790564999999e-11	-3.71935e-05	-3.62399e-05	4.86376e-05	-126.714
482.9161	8.9045	5.940459085e-11	6.67575e-06	-2.19346e-05	2.3842e-05	-85.71
484.5035	8.9085	5.943127605e-11	1.62126e-05	1.04905e-05	1.23978e-05	42.276
486.3219	8.9125	5.945796125e-11	-7.62945e-06	-5.72208e-06	1.52589e-05	-158.196
487.892	8.9165	5.948464645e-11	3.81473e-06	-1.14442e-05	1.14442e-05	-71.568
489.4613	8.9205	5.951133165e-11	1.04905e-05	-9.53682e-07	5.72208e-06	23.202
491.01	8.9245	5.953801684999999e-11	3.81473e-06	-2.47956e-05	2.57493e-05	-84.288
492.8392	8.9285	5.956470204999999e-11	-5.3406e-05	-2.9564e-05	5.72207e-05	-151.014
494.3907	8.9325	5.959138724999999e-11	1.23978e-05	-7.62945e-06	1.23978e-05	-40.236
495.971	8.9365	5.961807245e-11	6.67575e-06	3.81472e-05	3.71935e-05	80.178
497.5347	8.9405	5.964475765e-11	-5.14986e-05	2.3842e-05	5.53133e-05	157.806
499.1021	8.9445	5.967144285e-11	-2.0981e-05	5.72208e-06	2.00273e-05	159.228
500.6694	8.9485	5.969812805e-11	-1.71663e-05	0.0	8.58313e-06	171.87
502.2362	8.9525	5.972481325e-11	-3.62399e-05	1.52589e-05	3.81472e-05	158.748
503.7892	8.9565	5.975149844999999e-11	-2.28883e-05	9.53682e-07	2.28883e-05	176.904
505.3598	8.9605	5.977818364999999e-11	-1.43052e-05	5.72208e-06	1.23978e-05	115.344
506.9383	8.9645	5.980486884999999e-11	-2.6703e-05	2.86104e-06	2.3842e-05	180.0
508.5075	8.9685	5.983155405e-11	-6.67575e-06	2.86103e-05	2.9564e-05	101.562
510.0933	8.9725	5.985823925e-11	9.5368e-06	1.81199e-05	1.71663e-05	57.726
511.6359	8.9765	5.988492445e-11	1.71663e-05	-1.81199e-05	2.57493e-05	-64.656
513.2081	8.9805	5.991160965e-11	-2.6703e-05	-2.57493e-05	3.91009e-05	-140.316
514.773	8.9845	5.993829485e-11	-3.33788e-05	-2.76567e-05	4.38693e-05	-143.844
516.355	8.9885	5.996498005e-11	-5.14986e-05	1.90736e-06	4.76839e-05	-169.332
517.9129	8.9925	5.999166525e-11	-2.6703e-05	2.86104e-06	2.57493e-05	168.96
519.5248	8.9965	6.001835044999999e-11	-1.33515e-05	6.67575e-06	8.58313e-06	144.462
521.0912	9.0005	6.004503565e-11	3.81473e-06	-7.62945e-06	9.5368e-06	-10.62
522.686	9.0045	6.007172085e-11	-2.28883e-05	-9.53682e-07	1.81199e-05	173.658
524.5321	9.0085	6.009840605e-11	1.71663e-05	8.58313e-06	1.90736e-05	39.558
526.0825	9.0125	6.012509124999999e-11	-2.86104e-06	1.52589e-05	1.71663e-05	91.974
527.659	9.0165	6.015177645e-11	2.0981e-05	-2.28883e-05	3.14715e-05	-43.314
529.2277	9.0205	6.017846165e-11	1.71663e-05	1.90736e-05	2.3842e-05	46.17
530.7841	9.0245	6.020514685e-11	5.6267e-05	5.72208e-06	5.53133e-05	2.046
532.347	9.0285	6.023183205e-11	5.72208e-06	8.58313e-06	1.62126e-05	19.026
533.9106	9.0325	6.025851725e-11	-7.62945e-06	1.23978e-05	1.23978e-05	116.562
535.4833	9.0365	6.028520245e-11	-8.58313e-06	2.57493e-05	2.86103e-05	126.12
537.3244	9.0405	6.031188764999999e-11	-8.58313e-06	1.62126e-05	1.71663e-05	111.804
538.8683	9.0445	6.033857284999999e-11	-1.62126e-05	9.53682e-07	2.0981e-05	175.098
540.4412	9.0485	6.036525805e-11	3.81473e-06	2.3842e-05	2.28883e-05	84.804
542.0262	9.0525	6.039194325e-11	-4.7684e-06	-1.90736e-06	9.53682e-07	81.87
543.5911	9.0565	6.041862845e-11	-4.00546e-05	-3.81473e-06	3.33788e-05	-171.528
545.3981	9.0605	6.044531365e-11	-2.3842e-05	-4.7684e-06	2.57493e-05	-158.964
546.9473	9.0645	6.047199885000001e-11	-4.57766e-05	1.90736e-05	4.76839e-05	157.752
548.5476	9.0685	6.049868404999999e-11	-5.0545e-05	8.58313e-06	5.81744e-05	167.196
550.1186	9.0725	6.052536924999999e-11	-3.62399e-05	-2.6703e-05	4.38693e-05	-149.184
551.6984	9.0765	6.055205444999999e-11	1.90736e-05	-1.62126e-05	2.6703e-05	-39.288
553.2336	9.0805	6.057873965e-11	1.52589e-05	-2.86104e-06	1.43052e-05	-14.742
554.8115	9.0845	6.060542485e-11	-7.62945e-06	-6.67575e-06	1.43052e-05	-114.624
556.6211	9.0885	6.063211005e-11	-1.90736e-06	-3.62399e-05	3.62399e-05	-85.914
558.1925	9.0925	6.065879525e-11	3.05178e-05	-1.04905e-05	3.33788e-05	-8.748
559.7605	9.0965	6.068548045e-11	-1.90736e-06	-7.62945e-06	1.04905e-05	-149.034
561.34	9.1005	6.071216565e-11	1.90736e-06	5.72208e-06	8.58313e-06	28.074
562.8932	9.1045	6.073885084999999e-11	8.58313e-06	4.76839e-05	4.86376e-05	71.568
564.7174	9.1085	6.076553604999999e-11	0.0	-3.24252e-05	3.33788e-05	-88.92
566.266	9.1125	6.079222125e-11	-3.05178e-05	2.00273e-05	3.43325e-05	147.618
567.8325	9.1165	6.081890645e-11	-3.33788e-05	-1.14442e-05	3.52862e-05	-157.62
569.6241	9.1205	6.084559165e-11	-1.90736e-05	-4.48229e-05	4.76839e-05	-114.444
571.1921	9.1245	6.087227684999999e-11	-2.28883e-05	1.04905e-05	2.47956e-05	153.438
572.7412	9.1285	6.089896205e-11	-9.53682e-07	6.67575e-06	7.62945e-06	57.528
574.3048	9.1325	6.092564725e-11	9.5368e-06	-1.81199e-05	2.0981e-05	-45.0
575.8874	9.1365	6.095233245e-11	-2.19346e-05	-3.81473e-06	1.81199e-05	-173.418
577.4707	9.1405	6.097901765e-11	-6.2943e-05	-1.14442e-05	5.6267e-05	-169.38
579.0278	9.1445	6.100570285e-11	5.72208e-06	-3.43325e-05	3.24252e-05	-87.456
580.5904	9.1485	6.103238805e-11	9.5368e-06	-2.47956e-05	2.57493e-05	-79.824
582.1443	9.1525	6.105907325e-11	1.90736e-06	5.72208e-06	8.58313e-06	61.698
583.7159	9.1565	6.108575844999999e-11	2.76567e-05	-2.47956e-05	3.71935e-05	-40.71
585.2571	9.1605	6.111244365e-11	-3.71935e-05	2.57493e-05	4.38693e-05	150.69
586.8093	9.1645	6.113912885e-11	-1.81199e-05	1.52589e-05	2.28883e-05	133.782
588.6398	9.1685	6.116581405e-11	1.04905e-05	-1.81199e-05	1.81199e-05	-69.678
590.2022	9.1725	6.119249925e-11	2.00273e-05	5.72208e-06	2.19346e-05	14.034
591.7506	9.1765	6.121918445e-11	1.04905e-05	3.05178e-05	3.52862e-05	78.69
593.3029	9.1805	6.124586965e-11	2.86104e-06	2.57493e-05	2.3842e-05	88.41
594.8854	9.1845	6.127255484999999e-11	-3.33788e-05	9.5368e-06	3.24252e-05	157.962
596.4519	9.1885	6.129924004999999e-11	9.5368e-06	1.23978e-05	1.52589e-05	34.38
598.019	9.1925	6.132592525e-11	3.24252e-05	-1.14442e-05	3.24252e-05	-14.322
599.5944	9.1965	6.135261045e-11	-1.43052e-05	2.00273e-05	2.47956e-05	140.388
601.3977	9.2005	6.137929565e-11	5.72208e-06	-1.14442e-05	8.58313e-06	-100.308
602.9612	9.2045	6.140598085e-11	1.90736e-06	-1.33515e-05	1.62126e-05	-62.526
604.5356	9.2085	6.143266605000001e-11	-4.7684e-06	1.04905e-05	1.23978e-05	90.0
606.0955	9.2125	6.145935125e-11	9.5368e-06	1.90736e-06	2.00273e-05	17.448
607.6626	9.2165	6.148603644999999e-11	-9.5368e-06	1.90736e-05	2.57493e-05	142.854
609.2283	9.2205	6.151272164999999e-11	9.5368e-06	-3.24252e-05	3.24252e-05	-71.568
610.8118	9.2245	6.153940685e-11	3.24252e-05	-1.33515e-05	3.52862e-05	-32.226
612.3628	9.2285	6.156609205e-11	-2.0981e-05	1.90736e-05	2.76567e-05	141.768
614.1919	9.2325	6.159277725e-11	-4.10082e-05	-1.90736e-05	3.71935e-05	-151.86
615.7734	9.2365	6.161946245e-11	-3.81473e-06	-2.00273e-05	1.90736e-05	-93.816
617.3424	9.2405	6.164614765e-11	2.57493e-05	1.23978e-05	2.76567e-05	33.312
618.9085	9.2445	6.167283285e-11	5.72208e-06	-1.14442e-05	1.14442e-05	-86.988
620.7261	9.2485	6.169951805e-11	-4.7684e-06	5.72208e-06	6.67575e-06	131.184
622.299	9.2525	6.172620324999999e-11	8.58313e-06	1.23978e-05	1.71663e-05	54.462
623.8493	9.2565	6.175288845e-11	-1.62126e-05	-1.90736e-05	2.57493e-05	-122.472
625.4166	9.2605	6.177957365e-11	1.04905e-05	8.58313e-06	1.52589e-05	41.424
626.9871	9.2645	6.180625885e-11	-1.62126e-05	7.62945e-06	2.19346e-05	154.884
628.8026	9.2685	6.183294404999999e-11	-3.62399e-05	-3.33788e-05	4.48229e-05	-143.652
630.3772	9.2725	6.185962925e-11	-1.33515e-05	9.5368e-06	1.90736e-05	144.246
631.9287	9.2765	6.188631445e-11	1.04905e-05	-1.43052e-05	1.81199e-05	-51.006
633.7455	9.2805	6.191299965e-11	-1.90736e-06	-4.10082e-05	3.71935e-05	-79.314
635.2922	9.2845	6.193968485e-11	3.91009e-05	-1.90736e-06	4.57766e-05	-2.352
636.8674	9.2885	6.196637005e-11	4.7684e-06	1.23978e-05	1.81199e-05	50.442
638.4342	9.2925	6.199305525e-11	6.67575e-06	-2.28883e-05	2.28883e-05	-71.568
640.0167	9.2965	6.201974044999999e-11	4.38693e-05	-1.23978e-05	3.91009e-05	-15.678
641.8416	9.3005	6.204642564999999e-11	1.62126e-05	-6.67575e-06	1.52589e-05	-25.344
643.4226	9.3045	6.207311085e-11	4.86376e-05	-1.04905e-05	5.24523e-05	-12.294
644.9717	9.3085	6.209979605e-11	1.90736e-06	2.76567e-05	2.86103e-05	78.18
646.5577	9.3125	6.212648125e-11	4.19619e-05	-6.67575e-06	3.52862e-05	-11.31
648.142	9.3165	6.215316645e-11	1.04905e-05	2.76567e-05	3.24252e-05	52.908
649.9476	9.3205	6.217985165e-11	-3.81473e-06	1.33515e-05	1.52589e-05	110.322
651.5254	9.3245	6.220653685e-11	1.62126e-05	-2.86104e-06	2.3842e-05	-10.176
653.109	9.3285	6.223322204999999e-11	-1.71663e-05	3.14715e-05	3.71935e-05	131.466
654.6778	9.3325	6.225990724999999e-11	1.52589e-05	2.19346e-05	2.57493e-05	49.236
656.2673	9.3365	6.228659244999999e-11	-2.28883e-05	-6.67575e-06	2.28883e-05	-155.556
657.829	9.3405	6.231327765e-11	-8.58313e-06	3.81473e-06	8.58313e-06	153.438
659.414	9.3445	6.233996285e-11	-1.52589e-05	2.19346e-05	1.90736e-05	94.764
661.2228	9.3485	6.236664805e-11	2.28883e-05	-1.43052e-05	2.9564e-05	-21.57
662.8023	9.3525	6.239333325e-11	2.86104e-06	3.81473e-06	7.62945e-06	29.748
664.3694	9.3565	6.242001845e-11	-4.7684e-06	-1.33515e-05	1.33515e-05	-87.51
665.9404	9.3605	6.244670365e-11	-1.04905e-05	1.71663e-05	2.19346e-05	117.3
667.493	9.3645	6.247338884999999e-11	3.05178e-05	3.81473e-06	2.86103e-05	5.316
669.3107	9.3685	6.250007404999999e-11	4.7684e-06	-1.81199e-05	1.71663e-05	-79.506
670.8609	9.3725	6.252675925e-11	-2.76567e-05	-3.14715e-05	4.29156e-05	-135.606
672.4333	9.3765	6.255344445e-11	1.90736e-06	-3.62399e-05	3.62399e-05	-88.98
673.9994	9.3805	6.258012965e-11	-5.3406e-05	-1.62126e-05	5.3406e-05	-162.474
675.5514	9.3845	6.260681484999999e-11	-6.67575e-06	-9.5368e-06	1.23978e-05	-142.596
677.1315	9.3885	6.263350005e-11	2.86103e-05	-1.33515e-05	3.52862e-05	-20.43
678.7287	9.3925	6.266018525e-11	8.58313e-06	6.67575e-06	2.0981e-05	29.748
680.2823	9.3965	6.268687045e-11	-3.81473e-06	-1.33515e-05	1.33515e-05	-72.348
682.1009	9.4005	6.271355564999999e-11	3.05178e-05	-2.3842e-05	3.71935e-05	-36.468
683.6743	9.4045	6.274024085e-11	-6.67575e-06	1.23978e-05	1.71663e-05	138.99
685.2431	9.4085	6.276692605e-11	2.3842e-05	9.5368e-06	2.3842e-05	24.444
686.7864	9.4125	6.279361124999999e-11	1.33515e-05	9.5368e-06	2.0981e-05	25.824
688.3859	9.4165	6.282029644999999e-11	-2.0981e-05	-5.72208e-06	2.6703e-05	-161.568
689.9694	9.4205	6.284698165e-11	1.52589e-05	8.58313e-06	8.58313e-06	0.0
691.5384	9.4245	6.287366685e-11	1.90736e-06	1.90736e-06	2.86104e-06	11.31
693.3667	9.4285	6.290035205e-11	-1.71663e-05	2.86103e-05	3.14715e-05	121.866
694.9256	9.4325	6.292703725e-11	-7.62945e-06	4.19619e-05	4.38693e-05	97.542
696.5009	9.4365	6.295372245e-11	1.33515e-05	3.52862e-05	4.19619e-05	63.81
698.0428	9.4405	6.298040764999999e-11	2.6703e-05	3.52862e-05	4.10082e-05	60.378
699.6314	9.4445	6.300709284999999e-11	-9.5368e-06	-1.81199e-05	1.90736e-05	-128.994
701.4518	9.4485	6.303377804999999e-11	-6.67575e-06	2.28883e-05	2.19346e-05	117.408
703.0415	9.4525	6.306046325e-11	2.3842e-05	-5.53133e-05	5.72207e-05	-67.164
704.5884	9.4565	6.308714845e-11	-1.33515e-05	1.04905e-05	1.33515e-05	135.0
706.4272	9.4605	6.311383365e-11	-2.86104e-06	5.72208e-06	6.67575e-06	151.392
707.9948	9.4645	6.314051885e-11	1.71663e-05	-2.86104e-06	1.71663e-05	-10.122
709.581	9.4685	6.316720405e-11	-1.81199e-05	-3.81473e-06	1.52589e-05	-151.392
711.1238	9.4725	6.319388924999999e-11	-2.47956e-05	5.72208e-06	2.47956e-05	159.276
712.7262	9.4765	6.322057444999999e-11	1.90736e-06	-8.58313e-06	7.62945e-06	-71.568
714.5651	9.4805	6.324725964999999e-11	8.58313e-06	-3.81473e-06	1.52589e-05	-11.766
716.1542	9.4845	6.327394485e-11	2.0981e-05	-2.86104e-06	1.90736e-05	5.904
717.7178	9.4885	6.330063005e-11	1.23978e-05	-1.52589e-05	1.52589e-05	-35.22
719.3036	9.4925	6.332731525e-11	2.86103e-05	-2.86104e-06	2.6703e-05	-1.362
720.8534	9.4965	6.335400045e-11	3.62399e-05	0.0	3.71935e-05	2.01
722.4359	9.5005	6.338068565e-11	-1.62126e-05	-1.43052e-05	2.47956e-05	-147.096
723.9867	9.5045	6.340737085e-11	1.52589e-05	5.9128e-05	6.10356e-05	74.58
725.8028	9.5085	6.343405605e-11	-1.33515e-05	-4.7684e-06	1.04905e-05	-175.602
727.3753	9.5125	6.346074124999999e-11	-8.58313e-06	-1.33515e-05	1.52589e-05	-169.692
728.9406	9.5165	6.348742645e-11	-9.53682e-07	-4.00546e-05	3.91009e-05	-99.618
730.5113	9.5205	6.351411165e-11	1.52589e-05	3.43325e-05	4.00546e-05	63.84
732.1046	9.5245	6.354079685e-11	-1.43052e-05	5.72208e-06	1.33515e-05	127.404
733.9292	9.5285	6.356748204999999e-11	2.86104e-06	-2.0981e-05	1.90736e-05	-74.934
735.514	9.5325	6.359416725e-11	-9.5368e-06	-7.62945e-06	1.62126e-05	-136.332
737.0984	9.5365	6.362085245e-11	-1.90736e-05	-1.62126e-05	2.6703e-05	-142.35
738.9174	9.5405	6.364753765e-11	-4.7684e-06	1.90736e-06	2.86104e-06	146.31
740.4837	9.5445	6.367422285e-11	-2.86104e-06	-2.9564e-05	2.9564e-05	-92.544
742.0557	9.5485	6.370090805e-11	1.23978e-05	-1.43052e-05	2.0981e-05	-27.348
743.6216	9.5525	6.372759325e-11	-6.67575e-06	-6.67575e-06	6.67575e-06	-127.878
745.203	9.5565	6.375427844999999e-11	0.0	-2.86104e-06	1.90736e-06	-139.398
747.0086	9.5605	6.378096364999999e-11	-3.43325e-05	1.52589e-05	3.14715e-05	152.85
748.5577	9.5645	6.380764885e-11	-9.5368e-06	-4.7684e-06	7.62945e-06	-169.692
750.1259	9.5685	6.383433405e-11	-6.67575e-06	1.90736e-06	1.90736e-06	78.69
751.6985	9.5725	6.386101925e-11	-6.67575e-06	1.14442e-05	1.23978e-05	112.836
753.281	9.5765	6.388770445e-11	2.19346e-05	1.90736e-05	2.3842e-05	53.13
754.8256	9.5805	6.391438965e-11	5.72208e-06	9.53682e-07	4.7684e-06	23.202
756.3955	9.5845	6.394107484999999e-11	-9.5368e-06	2.28883e-05	2.86103e-05	126.636
758.2413	9.5885	6.396776004999999e-11	-1.90736e-05	-1.14442e-05	1.52589e-05	-137.292
759.8234	9.5925	6.399444524999999e-11	-2.86104e-06	1.90736e-06	5.72208e-06	93.816
761.3863	9.5965	6.402113045e-11	4.29156e-05	-4.7684e-06	4.48229e-05	-6.522
762.9348	9.6005	6.404781565e-11	-2.28883e-05	3.81473e-06	1.71663e-05	173.16
764.5075	9.6045	6.407450085e-11	-9.5368e-06	-2.76567e-05	3.05178e-05	-120.528
766.3281	9.6085	6.410118605e-11	3.81473e-06	-1.43052e-05	1.71663e-05	-73.494
767.9262	9.6125	6.412787125e-11	0.0	6.67575e-06	3.81473e-06	45.0
769.4758	9.6165	6.415455645e-11	-2.3842e-05	3.52862e-05	4.38693e-05	124.38
771.2906	9.6205	6.418124164999999e-11	6.67575e-06	-1.14442e-05	1.43052e-05	-63.438
772.8725	9.6245	6.420792684999999e-11	-1.14442e-05	-6.67575e-06	1.04905e-05	-127.878
774.4543	9.6285	6.423461205e-11	-8.58313e-06	2.86104e-06	1.04905e-05	176.988
776.018	9.6325	6.426129725e-11	-2.3842e-05	1.52589e-05	2.28883e-05	131.184
777.583	9.6365	6.428798245e-11	-1.04905e-05	-1.43052e-05	1.52589e-05	-116.562
779.4041	9.6405	6.431466765e-11	-3.33788e-05	-3.81473e-06	2.86103e-05	-169.56
780.9762	9.6445	6.434135285e-11	1.04905e-05	-2.76567e-05	3.24252e-05	-63.948
782.541	9.6485	6.436803805e-11	-2.00273e-05	-4.00546e-05	4.57766e-05	-113.718
784.1244	9.6525	6.439472325e-11	2.00273e-05	-1.04905e-05	2.86103e-05	-35.94
785.7066	9.6565	6.442140844999999e-11	-5.6267e-05	-1.62126e-05	6.00817e-05	-170.838
787.2733	9.6605	6.444809365e-11	-1.90736e-06	2.19346e-05	2.47956e-05	88.668
788.876	9.6645	6.447477885e-11	1.04905e-05	1.90736e-06	1.52589e-05	-27.552
790.4407	9.6685	6.450146405e-11	-3.81472e-05	4.7684e-06	3.81472e-05	179.01
792.0453	9.6725	6.452814924999999e-11	1.90736e-06	-2.47956e-05	2.86103e-05	-88.854
793.6118	9.6765	6.455483445e-11	-4.29156e-05	1.04905e-05	4.29156e-05	157.38
795.196	9.6805	6.458151965e-11	-1.62126e-05	-6.67575e-06	1.43052e-05	-155.772
796.7411	9.6845	6.460820485e-11	1.52589e-05	-1.62126e-05	2.19346e-05	-48.654
798.5661	9.6885	6.463489005e-11	-5.14986e-05	-2.47956e-05	5.24523e-05	-151.8
800.1331	9.6925	6.466157525e-11	1.04905e-05	-9.5368e-06	1.52589e-05	-31.758
801.7125	9.6965	6.468826045e-11	-6.67575e-06	3.05178e-05	3.43325e-05	100.884
803.5404	9.7005	6.471494564999999e-11	-2.9564e-05	-5.3406e-05	6.38966e-05	-124.008
805.1081	9.7045	6.474163084999999e-11	-9.5368e-06	-1.71663e-05	1.71663e-05	-105.642
806.673	9.7085	6.476831605e-11	-9.53682e-07	2.86103e-05	2.86103e-05	91.272
808.2388	9.7125	6.479500125e-11	1.23978e-05	3.81473e-06	1.43052e-05	18.432
809.81	9.7165	6.482168645e-11	-1.14442e-05	-2.76567e-05	2.86103e-05	-106.818
811.6484	9.7205	6.484837165e-11	2.28883e-05	3.62399e-05	4.19619e-05	72.96
813.2467	9.7245	6.487505685000001e-11	3.33788e-05	2.19346e-05	4.48229e-05	32.592
814.7916	9.7285	6.490174204999999e-11	-2.47956e-05	2.9564e-05	3.62399e-05	118.008
816.3512	9.7325	6.492842724999999e-11	1.33515e-05	-2.86104e-06	1.52589e-05	-4.572
817.9332	9.7365	6.495511244999999e-11	1.23978e-05	1.62126e-05	2.0981e-05	51.342
819.4959	9.7405	6.498179765e-11	9.53682e-07	1.04905e-05	7.62945e-06	119.052
821.0968	9.7445	6.500848285e-11	0.0	-1.33515e-05	1.62126e-05	-87.882
822.9342	9.7485	6.503516805e-11	3.05178e-05	-1.33515e-05	3.05178e-05	-18.822
824.502	9.7525	6.506185325e-11	2.6703e-05	3.52862e-05	4.57766e-05	56.31
826.0575	9.7565	6.508853845e-11	2.00273e-05	1.62126e-05	2.57493e-05	41.76
827.607	9.7605	6.511522365e-11	2.6703e-05	2.19346e-05	3.52862e-05	46.506
829.1551	9.7645	6.514190885e-11	5.24523e-05	1.62126e-05	5.0545e-05	22.794
830.9987	9.7685	6.516859404999999e-11	3.81473e-06	1.04905e-05	1.14442e-05	45.0
832.5817	9.7725	6.519527925e-11	1.52589e-05	2.19346e-05	2.86103e-05	45.0
834.1266	9.7765	6.522196445e-11	3.62399e-05	-1.33515e-05	4.10082e-05	-24.966
835.7267	9.7805	6.524864965e-11	2.86104e-06	5.72208e-06	8.58313e-06	51.84
837.309	9.7845	6.527533484999999e-11	-4.7684e-06	1.04905e-05	1.23978e-05	148.572
838.8969	9.7885	6.530202005e-11	1.71663e-05	-3.81472e-05	3.91009e-05	-70.278
840.4608	9.7925	6.532870525e-11	-1.04905e-05	-5.72208e-06	1.04905e-05	-147.528
842.0317	9.7965	6.535539045e-11	5.72208e-06	8.58313e-06	1.04905e-05	47.292
843.8545	9.8005	6.538207565e-11	5.72208e-06	1.33515e-05	1.52589e-05	62.358
845.4229	9.8045	6.540876085e-11	3.81473e-06	-9.5368e-06	1.04905e-05	-66.798
846.9867	9.8085	6.543544605e-11	1.04905e-05	1.33515e-05	1.90736e-05	47.604
848.5539	9.8125	6.546213125e-11	-1.71663e-05	-2.86104e-06	1.62126e-05	-168.69
850.121	9.8165	6.548881644999999e-11	1.71663e-05	3.05178e-05	3.43325e-05	57.264
851.9331	9.8205	6.551550164999999e-11	-3.81473e-06	1.90736e-05	1.81199e-05	122.472
853.4914	9.8245	6.554218685e-11	-4.7684e-06	0.0	0.0	-36.87
855.0608	9.8285	6.556887205e-11	8.58313e-06	1.23978e-05	1.52589e-05	45.0
856.6117	9.8325	6.559555725e-11	1.71663e-05	-3.81473e-06	1.90736e-05	3.69
858.1782	9.8365	6.562224245e-11	2.19346e-05	5.0545e-05	5.43597e-05	76.8
859.7319	9.8405	6.564892765e-11	1.23978e-05	1.90736e-06	1.14442e-05	10.008
861.3026	9.8445	6.567561284999999e-11	-6.67575e-06	2.19346e-05	2.00273e-05	94.236
863.1023	9.8485	6.570229804999999e-11	-1.04905e-05	2.3842e-05	2.47956e-05	110.922
864.6777	9.8525	6.572898324999999e-11	-6.67575e-06	2.19346e-05	2.28883e-05	104.826
866.2256	9.8565	6.575566845e-11	-9.53682e-07	2.57493e-05	2.57493e-05	93.18
867.7881	9.8605	6.578235365e-11	1.62126e-05	2.57493e-05	2.76567e-05	67.38
869.3422	9.8645	6.580903885e-11	5.72208e-06	1.23978e-05	1.33515e-05	57.096
872.446	9.8685	6.583572405e-11	-2.00273e-05	-6.67575e-06	2.57493e-05	-156.45
874.0292	9.8725	6.586240925e-11	8.58313e-06	5.72208e-06	2.19346e-05	3.012
875.5924	9.8765	6.588909444999999e-11	9.5368e-06	4.10082e-05	4.29156e-05	71.004
877.4292	9.8805	6.591577964999999e-11	-6.67575e-06	-1.23978e-05	1.14442e-05	-132.882
878.9817	9.8845	6.594246484999999e-11	-1.81199e-05	1.62126e-05	2.3842e-05	135.0
880.538	9.8885	6.596915005e-11	-2.19346e-05	-2.0981e-05	3.24252e-05	-136.59
882.0865	9.8925	6.599583525e-11	-3.14715e-05	2.19346e-05	4.19619e-05	147.996
883.6658	9.8965	6.602252045e-11	-1.04905e-05	1.04905e-05	1.04905e-05	108.432
885.5097	9.9005	6.604920564999999e-11	6.67575e-06	-2.86104e-06	2.86104e-06	-130.602
887.0567	9.9045	6.607589085e-11	2.28883e-05	-1.71663e-05	2.9564e-05	-31.608
888.6247	9.9085	6.610257605e-11	2.57493e-05	-1.14442e-05	2.6703e-05	-36.024
890.1929	9.9125	6.612926125e-11	3.81473e-06	-1.04905e-05	1.04905e-05	-42.51
891.7568	9.9165	6.615594644999999e-11	-1.62126e-05	-2.6703e-05	2.9564e-05	-114.864
893.3295	9.9205	6.618263165e-11	4.19619e-05	-3.33788e-05	5.14986e-05	-41.82
894.9128	9.9245	6.620931685e-11	9.53682e-07	2.86104e-06	1.90736e-06	-159.444
896.7125	9.9285	6.623600204999999e-11	-1.62126e-05	-1.71663e-05	2.3842e-05	-139.572
898.2857	9.9325	6.626268724999999e-11	5.72207e-05	-2.47956e-05	6.10356e-05	-22.518
899.8709	9.9365	6.628937245e-11	-5.72208e-06	-7.62945e-06	1.33515e-05	-154.656
901.4326	9.9405	6.631605765e-11	5.72208e-06	2.57493e-05	2.47956e-05	102.876
903.0055	9.9445	6.634274285e-11	-3.81472e-05	1.90736e-06	3.71935e-05	176.88
904.5847	9.9485	6.636942805e-11	-9.5368e-06	2.47956e-05	2.86103e-05	100.842
906.1501	9.9525	6.639611325e-11	3.91009e-05	9.53682e-07	3.91009e-05	-7.596
907.7141	9.9565	6.642279844999999e-11	-1.52589e-05	-1.14442e-05	1.71663e-05	-141.708
909.3048	9.9605	6.644948364999999e-11	2.86104e-06	-1.04905e-05	1.23978e-05	-81.468
910.8579	9.9645	6.647616884999999e-11	-7.62945e-06	1.04905e-05	1.14442e-05	105.522
912.4513	9.9685	6.650285405e-11	-4.57766e-05	1.52589e-05	4.67303e-05	153.438
914.0205	9.9725	6.652953925e-11	6.67575e-06	5.72208e-06	5.72208e-06	98.13
915.5882	9.9765	6.655622445e-11	-9.5368e-06	1.04905e-05	1.14442e-05	113.628
917.1556	9.9805	6.658290965e-11	-1.71663e-05	3.81473e-06	1.04905e-05	145.008
918.7405	9.9845	6.660959485000001e-11	1.04905e-05	1.23978e-05	1.71663e-05	64.356
920.3065	9.9885	6.663628004999999e-11	6.67575e-06	-9.5368e-06	8.58313e-06	0.0
922.1257	9.9925	6.666296524999999e-11	3.05178e-05	-4.7684e-06	3.52862e-05	-4.086
923.6811	9.9965	6.668965044999999e-11	1.04905e-05	2.00273e-05	2.19346e-05	56.31
925.2621	10.0005	6.671633565e-11	1.62126e-05	1.81199e-05	2.19346e-05	37.236
926.8104	10.0045	6.674302085e-11	1.90736e-06	-2.0981e-05	1.90736e-05	-85.914
928.6495	10.0085	6.676970605e-11	-2.86104e-06	1.04905e-05	1.23978e-05	87.138
930.2171	10.0125	6.679639125e-11	1.33515e-05	-2.28883e-05	2.86103e-05	-55.008
931.782	10.0165	6.682307645e-11	3.33788e-05	1.33515e-05	3.62399e-05	32.322
933.3528	10.0205	6.684976165e-11	1.90736e-05	6.67575e-06	2.19346e-05	5.046
934.9386	10.0245	6.687644684999999e-11	-4.19619e-05	1.90736e-06	4.19619e-05	-175.392
936.4979	10.0285	6.690313204999999e-11	-1.52589e-05	-8.58313e-06	1.62126e-05	-163.74
938.0742	10.0325	6.692981725e-11	-1.62126e-05	7.62945e-06	1.43052e-05	149.532
939.6175	10.0365	6.695650245e-11	-1.43052e-05	1.52589e-05	2.3842e-05	145.122
941.4601	10.0405	6.698318765e-11	1.14442e-05	1.90736e-06	9.5368e-06	0.0
943.0232	10.0445	6.700987284999999e-11	-2.57493e-05	-1.81199e-05	2.6703e-05	-131.988
944.5902	10.0485	6.703655805e-11	5.72208e-06	-1.81199e-05	1.71663e-05	-76.506
946.1453	10.0525	6.706324325e-11	-9.53682e-07	0.0	0.0	-123.69
947.7126	10.0565	6.708992845e-11	-3.14715e-05	2.19346e-05	3.91009e-05	135.66
949.5172	10.0605	6.711661365e-11	-1.81199e-05	-4.7684e-06	1.62126e-05	-154.536
951.0897	10.0645	6.714329885e-11	-1.62126e-05	1.90736e-06	1.52589e-05	173.16
952.6651	10.0685	6.716998405e-11	-4.10082e-05	-2.28883e-05	4.57766e-05	-159.144
954.217	10.0725	6.719666924999999e-11	-9.5368e-06	-1.43052e-05	1.71663e-05	-113.202
955.8226	10.0765	6.722335444999999e-11	-2.00273e-05	3.33788e-05	3.52862e-05	95.712
957.3704	10.0805	6.725003965e-11	-3.24252e-05	-2.47956e-05	3.62399e-05	-142.032
958.9579	10.0845	6.727672485e-11	-1.43052e-05	-3.43325e-05	3.24252e-05	-102.012
960.7734	10.0885	6.730341005e-11	-3.05178e-05	3.81473e-06	2.6703e-05	177.21
962.3602	10.0925	6.733009525e-11	-6.67575e-06	-1.04905e-05	6.67575e-06	-96.342
963.9385	10.0965	6.735678045e-11	-2.57493e-05	2.57493e-05	3.43325e-05	130.236
965.5405	10.1005	6.738346564999999e-11	-3.43325e-05	-4.95913e-05	5.9128e-05	-116.562
967.0893	10.1045	6.741015084999999e-11	-2.00273e-05	-1.43052e-05	2.28883e-05	-149.034
968.7044	10.1085	6.743683604999999e-11	0.0	-9.5368e-06	8.58313e-06	-100.308
970.2965	10.1125	6.746352125e-11	1.90736e-06	-6.67575e-06	1.52589e-05	-15.642
971.8389	10.1165	6.749020645e-11	1.43052e-05	-9.5368e-06	1.52589e-05	-32.904
973.6847	10.1205	6.751689165e-11	1.43052e-05	-1.71663e-05	2.19346e-05	-35.754
975.2307	10.1245	6.754357685e-11	1.71663e-05	-1.14442e-05	2.28883e-05	-35.91
976.8207	10.1285	6.757026205000001e-11	1.14442e-05	-4.48229e-05	4.19619e-05	-77.574
978.3618	10.1325	6.759694725e-11	8.58313e-06	1.33515e-05	1.52589e-05	61.188
979.9619	10.1365	6.762363244999999e-11	-1.71663e-05	3.81473e-06	9.5368e-06	174.804
981.5521	10.1405	6.765031764999999e-11	6.67575e-06	-2.86104e-06	1.90736e-06	0.0
983.1129	10.1445	6.767700285e-11	2.86103e-05	-3.33788e-05	4.10082e-05	-57.894
984.7004	10.1485	6.770368805e-11	-1.14442e-05	3.05178e-05	3.43325e-05	97.986
986.2699	10.1525	6.773037325e-11	7.62945e-06	3.33788e-05	3.24252e-05	78.93
987.8364	10.1565	6.775705845e-11	1.62126e-05	1.90736e-05	2.3842e-05	54.09
989.3833	10.1605	6.778374365e-11	-2.57493e-05	3.81473e-06	2.0981e-05	166.428
990.9708	10.1645	6.781042885e-11	-2.00273e-05	7.62945e-06	2.0981e-05	142.434
992.7887	10.1685	6.783711405e-11	-7.62945e-06	1.52589e-05	2.19346e-05	123.69
994.3593	10.1725	6.786379924999999e-11	0.0	-1.33515e-05	1.04905e-05	-86.184
995.9057	10.1765	6.789048445e-11	-1.90736e-05	3.05178e-05	3.71935e-05	129.936
997.4972	10.1805	6.791716965e-11	1.90736e-06	-4.10082e-05	4.00546e-05	-94.764
999.0409	10.1845	6.794385485e-11	1.04905e-05	-1.62126e-05	1.90736e-05	-47.862
1000.6299	10.1885	6.797054004999999e-11	2.19346e-05	0.0	2.28883e-05	6.522
1002.174	10.1925	6.799722525e-11	-1.33515e-05	2.6703e-05	3.05178e-05	117.12
1003.7432	10.1965	6.802391045e-11	-2.6703e-05	2.28883e-05	3.05178e-05	135.972
1005.5652	10.2005	6.805059565e-11	2.3842e-05	1.62126e-05	3.24252e-05	32.124
1007.1659	10.2045	6.807728085e-11	-7.62945e-06	-2.6703e-05	2.86103e-05	-111.57
1008.7386	10.2085	6.810396605e-11	1.62126e-05	1.33515e-05	2.00273e-05	21.036
1010.282	10.2125	6.813065125e-11	2.00273e-05	8.58313e-06	1.71663e-05	40.362
1011.8665	10.2165	6.815733644999999e-11	-1.90736e-05	-3.62399e-05	3.91009e-05	-110.226
1013.4385	10.2205	6.818402164999999e-11	-1.90736e-06	3.81473e-06	6.67575e-06	138.012
1015.0215	10.2245	6.821070685e-11	1.33515e-05	-2.3842e-05	3.05178e-05	-49.896
1016.6012	10.2285	6.823739205e-11	-4.00546e-05	-7.62945e-06	4.00546e-05	-167.772
1018.4133	10.2325	6.826407725e-11	-1.90736e-05	1.90736e-06	1.62126e-05	164.748
1019.9736	10.2365	6.829076245e-11	1.90736e-05	-2.00273e-05	2.86103e-05	-47.724
1021.5448	10.2405	6.831744765000001e-11	-4.29156e-05	-6.67575e-06	4.29156e-05	-170.394
1023.1105	10.2445	6.834413284999999e-11	-3.62399e-05	2.47956e-05	4.95913e-05	146.916
1024.9172	10.2485	6.837081804999999e-11	-1.90736e-05	-2.0981e-05	2.76567e-05	-133.998
1026.5197	10.2525	6.839750324999999e-11	-2.6703e-05	8.58313e-06	2.57493e-05	163.14
1028.0832	10.2565	6.842418845e-11	2.19346e-05	-2.0981e-05	3.24252e-05	-29.166
1029.6305	10.2605	6.845087365e-11	-2.19346e-05	-1.14442e-05	1.52589e-05	-137.49
1031.2142	10.2645	6.847755885e-11	-2.28883e-05	-5.53133e-05	5.9128e-05	-116.562
1033.0286	10.2685	6.850424405e-11	-1.62126e-05	1.23978e-05	1.62126e-05	133.266
1034.591	10.2725	6.853092925e-11	2.86104e-06	1.23978e-05	1.33515e-05	71.568
1036.1404	10.2765	6.855761445e-11	3.05178e-05	1.23978e-05	3.33788e-05	26.076
1038.0005	10.2805	6.858429965e-11	8.58313e-06	5.72208e-06	1.04905e-05	34.698
1039.5649	10.2845	6.861098484999999e-11	2.00273e-05	-1.43052e-05	2.57493e-05	-33.69
1041.1153	10.2885	6.863767005e-11	-2.86104e-06	9.5368e-06	1.04905e-05	139.764
1042.6975	10.2925	6.866435525e-11	-1.81199e-05	3.81473e-06	1.71663e-05	160.2
1044.2656	10.2965	6.869104045e-11	-4.29156e-05	2.86104e-06	4.67303e-05	176.028
1046.0933	10.3005	6.871772565e-11	5.72208e-06	-3.05178e-05	3.24252e-05	-67.794
1047.6682	10.3045	6.874441085e-11	5.72208e-06	-2.28883e-05	1.71663e-05	-92.724
1049.2687	10.3085	6.877109605e-11	1.52589e-05	-2.28883e-05	1.90736e-05	-51.84
1050.8234	10.3125	6.879778125e-11	-2.00273e-05	8.58313e-06	1.81199e-05	166.506
1052.4015	10.3165	6.882446645e-11	-1.62126e-05	-1.71663e-05	2.47956e-05	-128.886
1054.2103	10.3205	6.885115164999998e-11	-1.90736e-06	-4.00546e-05	4.00546e-05	-95.712
1055.7667	10.3245	6.887783685e-11	1.90736e-06	2.3842e-05	2.3842e-05	85.362
1057.3606	10.3285	6.890452205e-11	1.23978e-05	-4.95913e-05	5.0545e-05	-73.302
1058.918	10.3325	6.893120724999999e-11	0.0	2.86103e-05	2.86103e-05	88.728
1060.4938	10.3365	6.895789244999999e-11	-9.5368e-06	-2.86104e-06	8.58313e-06	-165.066
1062.065	10.3405	6.898457765e-11	-9.53682e-07	1.04905e-05	1.14442e-05	98.97
1063.6605	10.3445	6.901126285e-11	-4.29156e-05	3.81473e-06	4.38693e-05	168.366
1065.5022	10.3485	6.903794805e-11	-5.24523e-05	-2.9564e-05	4.86376e-05	-149.742
1067.0884	10.3525	6.906463325e-11	-1.81199e-05	-2.28883e-05	2.9564e-05	-119.292
1068.6698	10.3565	6.909131845e-11	-3.14715e-05	-2.47956e-05	3.91009e-05	-132.21
1070.2171	10.3605	6.911800364999999e-11	1.14442e-05	-2.0981e-05	2.57493e-05	-50.016
1071.7897	10.3645	6.914468884999999e-11	5.72208e-06	-2.3842e-05	2.47956e-05	-64.8
1073.626	10.3685	6.917137404999999e-11	-4.00546e-05	-6.67575e-06	3.52862e-05	-166.236
1075.193	10.3725	6.919805925e-11	-4.10082e-05	-9.53682e-07	4.10082e-05	179.076
1076.7599	10.3765	6.922474445e-11	-4.57766e-05	-9.53682e-07	4.19619e-05	175.314
1078.3309	10.3805	6.925142965e-11	3.52862e-05	-2.76567e-05	4.57766e-05	-39.804
1079.8952	10.3845	6.927811485e-11	1.90736e-05	-1.14442e-05	1.71663e-05	-41.184
1081.4593	10.3885	6.930480005e-11	-2.9564e-05	-4.7684e-06	2.9564e-05	-176.184
1083.0395	10.3925	6.933148524999999e-11	-2.6703e-05	-6.67575e-06	2.57493e-05	-163.446
1084.6093	10.3965	6.935817044999999e-11	-2.47956e-05	1.90736e-05	3.24252e-05	149.418
1086.4551	10.4005	6.938485564999999e-11	1.81199e-05	-2.0981e-05	2.86103e-05	-47.64
1088.019	10.4045	6.941154085e-11	-1.81199e-05	2.9564e-05	3.62399e-05	133.566
1089.5723	10.4085	6.943822605e-11	2.3842e-05	8.58313e-06	2.28883e-05	18.972
1091.1553	10.4125	6.946491125e-11	3.33788e-05	-9.5368e-06	3.62399e-05	-13.296
1092.7157	10.4165	6.949159644999999e-11	1.90736e-06	1.62126e-05	1.71663e-05	83.886
1094.2871	10.4205	6.951828165e-11	-4.00546e-05	-1.23978e-05	3.62399e-05	-153.906
1095.8536	10.4245	6.954496685e-11	2.6703e-05	-6.67575e-06	2.57493e-05	-10.44
1097.6747	10.4285	6.957165204999999e-11	4.57766e-05	-1.43052e-05	5.3406e-05	-16.572
1099.26	10.4325	6.959833724999999e-11	2.86103e-05	1.23978e-05	3.14715e-05	18.06
1100.808	10.4365	6.962502245e-11	2.3842e-05	2.19346e-05	2.86103e-05	50.016
1102.3725	10.4405	6.965170765e-11	-2.86104e-06	1.52589e-05	1.52589e-05	87.612
1103.9643	10.4445	6.967839284999999e-11	1.14442e-05	4.10082e-05	4.19619e-05	63.006
1105.7824	10.4485	6.970507804999999e-11	3.33788e-05	3.05178e-05	4.38693e-05	45.0
1107.3543	10.4525	6.973176325e-11	-1.71663e-05	1.71663e-05	2.57493e-05	141.114
1108.9162	10.4565	6.975844845e-11	4.67303e-05	-2.0981e-05	4.57766e-05	-27.72
1110.7278	10.4605	6.978513365e-11	2.57493e-05	2.9564e-05	3.62399e-05	57.528
1112.2947	10.4645	6.981181885e-11	-4.7684e-06	-2.00273e-05	2.00273e-05	-116.562
1113.8746	10.4685	6.983850405e-11	1.90736e-05	1.23978e-05	2.0981e-05	20.136
1115.4298	10.4725	6.986518925e-11	6.67575e-06	-1.62126e-05	1.90736e-05	-60.018
1116.9942	10.4765	6.989187444999999e-11	-1.14442e-05	1.33515e-05	1.62126e-05	123.024
1118.8131	10.4805	6.991855964999999e-11	-4.7684e-06	1.81199e-05	1.90736e-05	88.092
1120.3861	10.4845	6.994524485e-11	2.19346e-05	1.62126e-05	2.3842e-05	45.0
1121.9845	10.4885	6.997193005e-11	0.0	-1.04905e-05	9.5368e-06	-108.432
1123.5496	10.4925	6.999861525e-11	-7.62945e-06	-1.04905e-05	1.52589e-05	-126.87
1125.1483	10.4965	7.002530045e-11	7.62945e-06	3.81473e-06	5.72208e-06	8.13
1126.7125	10.5005	7.005198565e-11	-1.23978e-05	2.0981e-05	2.3842e-05	123.234
1128.286	10.5045	7.007867084999999e-11	-7.62945e-06	-2.86104e-06	5.72208e-06	163.302
1130.1062	10.5085	7.010535604999999e-11	-1.62126e-05	1.90736e-05	2.47956e-05	88.806
1131.6735	10.5125	7.013204124999999e-11	8.58313e-06	5.72208e-06	1.04905e-05	61.698
1133.2726	10.5165	7.015872645e-11	-2.00273e-05	-2.3842e-05	3.05178e-05	-142.65
1134.8233	10.5205	7.018541165e-11	-1.33515e-05	1.14442e-05	1.71663e-05	132.138
1136.4075	10.5245	7.021209685e-11	-4.7684e-06	3.81473e-06	1.71663e-05	157.89
1138.2316	10.5285	7.023878205e-11	-9.5368e-06	-5.72208e-06	1.90736e-05	-169.044
1139.8143	10.5325	7.026546725e-11	3.24252e-05	3.81473e-06	3.24252e-05	14.622
1141.3817	10.5365	7.029215245e-11	1.81199e-05	9.5368e-06	1.90736e-05	7.854
1143.1983	10.5405	7.031883764999999e-11	-1.81199e-05	-4.7684e-06	2.76567e-05	-168.438
1144.7519	10.5445	7.034552284999999e-11	-3.43325e-05	1.52589e-05	3.91009e-05	149.196
1146.3224	10.5485	7.037220805e-11	-2.19346e-05	1.90736e-05	2.3842e-05	121.506
1147.8886	10.5525	7.039889325e-11	1.52589e-05	-1.71663e-05	1.90736e-05	-48.18
1149.4347	10.5565	7.042557845e-11	8.58313e-06	1.33515e-05	1.62126e-05	71.568
1151.2603	10.5605	7.045226364999999e-11	-9.5368e-06	1.23978e-05	1.43052e-05	122.904
1152.8584	10.5645	7.047894885e-11	-8.58313e-06	-1.90736e-06	1.23978e-05	-120.066
1154.4396	10.5685	7.050563405e-11	3.81473e-06	0.0	1.04905e-05	18.432
1156.0262	10.5725	7.053231925e-11	1.52589e-05	3.81473e-06	1.43052e-05	30.066
1157.5971	10.5765	7.055900444999999e-11	4.38693e-05	-9.5368e-06	4.57766e-05	-9.186
1159.1787	10.5805	7.058568965e-11	-4.7684e-06	1.90736e-06	1.14442e-05	-157.164
1160.733	10.5845	7.061237485e-11	1.52589e-05	2.86104e-06	1.62126e-05	6.84
1162.2947	10.5885	7.063906004999999e-11	3.14715e-05	-2.0981e-05	3.71935e-05	-33.978
1163.8586	10.5925	7.066574524999999e-11	1.52589e-05	8.58313e-06	1.81199e-05	22.932
1165.4465	10.5965	7.069243045e-11	-4.67303e-05	-5.72208e-06	4.86376e-05	-171.87
1167.0069	10.6005	7.071911565e-11	-1.04905e-05	1.90736e-05	2.19346e-05	115.824
1168.5841	10.6045	7.074580085e-11	-1.90736e-06	1.52589e-05	1.52589e-05	102.804
1170.4188	10.6085	7.077248605e-11	-2.86103e-05	2.19346e-05	3.71935e-05	138.45
1171.9902	10.6125	7.079917125e-11	-6.67575e-06	2.57493e-05	2.57493e-05	106.992
1173.5413	10.6165	7.082585645e-11	-2.3842e-05	-1.81199e-05	3.71935e-05	-153.006
1175.1205	10.6205	7.085254164999999e-11	1.90736e-06	1.90736e-06	8.58313e-06	10.008
1176.6696	10.6245	7.087922684999999e-11	-1.43052e-05	-3.24252e-05	3.52862e-05	-107.178
1178.271	10.6285	7.090591205e-11	-1.14442e-05	3.24252e-05	3.52862e-05	112.782
1179.8201	10.6325	7.093259725e-11	1.23978e-05	8.58313e-06	2.00273e-05	22.752
1181.4004	10.6365	7.095928245e-11	-4.29156e-05	-1.62126e-05	4.48229e-05	-170.538
1183.2477	10.6405	7.098596765e-11	-5.72208e-06	-1.23978e-05	1.23978e-05	-120.966
1184.8244	10.6445	7.101265285000001e-11	-4.7684e-06	1.90736e-06	2.86104e-06	-108.432
1186.3913	10.6485	7.103933804999999e-11	-1.14442e-05	3.81473e-06	1.04905e-05	155.226
1187.9605	10.6525	7.106602324999999e-11	1.90736e-06	-2.86104e-06	2.86104e-06	-71.568
1189.5317	10.6565	7.109270844999999e-11	1.62126e-05	3.81473e-06	2.19346e-05	16.86
1191.0791	10.6605	7.111939365e-11	-4.7684e-06	-2.0981e-05	2.00273e-05	-90.0
1192.6487	10.6645	7.114607885e-11	-3.81473e-06	-1.04905e-05	1.14442e-05	-106.392
1194.2128	10.6685	7.117276405e-11	-1.62126e-05	-1.43052e-05	1.81199e-05	-131.82
1196.0353	10.6725	7.119944925e-11	1.14442e-05	-8.58313e-06	1.04905e-05	-37.878
1197.6157	10.6765	7.122613445e-11	-2.86104e-06	-1.04905e-05	5.72208e-06	-113.202
1199.1691	10.6805	7.125281965e-11	2.19346e-05	-7.62945e-06	2.28883e-05	-20.556
1200.7331	10.6845	7.127950485e-11	1.04905e-05	2.3842e-05	2.57493e-05	73.446
1202.5929	10.6885	7.130619004999999e-11	1.90736e-06	6.67575e-06	1.90736e-06	-66.798
1204.1481	10.6925	7.133287525e-11	-1.23978e-05	1.23978e-05	1.14442e-05	98.13
1205.7101	10.6965	7.135956045e-11	5.3406e-05	5.72208e-06	4.95913e-05	2.388
1207.5337	10.7005	7.138624565e-11	4.29156e-05	2.00273e-05	4.76839e-05	20.748
1209.0977	10.705	7.14162665e-11	-2.00273e-05	-2.86104e-06	2.19346e-05	-178.266
1210.9107	10.709	7.14429517e-11	-3.14715e-05	-3.81473e-06	3.62399e-05	-169.08
1212.4945	10.713	7.14696369e-11	1.04905e-05	-1.62126e-05	2.0981e-05	-81.528
1214.0466	10.717	7.14963221e-11	-2.9564e-05	2.47956e-05	3.71935e-05	136.434
1215.8701	10.721	7.15230073e-11	3.62399e-05	-1.14442e-05	3.43325e-05	-18.798
1217.4201	10.725	7.154969249999999e-11	-1.43052e-05	-2.47956e-05	2.57493e-05	-100.716
1218.9811	10.729	7.157637769999999e-11	-3.81473e-06	-4.95913e-05	4.76839e-05	-90.816
1220.5552	10.733	7.16030629e-11	-5.0545e-05	3.91009e-05	6.19893e-05	139.872
1222.3932	10.737	7.16297481e-11	3.52862e-05	-1.90736e-06	3.62399e-05	-2.046
1223.9358	10.741	7.16564333e-11	-3.62399e-05	4.7684e-06	3.52862e-05	174.402
1225.538	10.745	7.168311849999999e-11	1.71663e-05	-4.7684e-06	1.33515e-05	-25.02
1227.0907	10.749	7.17098037e-11	0.0	-4.7684e-06	6.67575e-06	-82.404
1228.659	10.753	7.17364889e-11	1.71663e-05	-2.00273e-05	3.05178e-05	-45.828
1230.2253	10.757	7.17631741e-11	-1.14442e-05	8.58313e-06	1.14442e-05	125.538
1231.8095	10.761	7.178985929999999e-11	-6.67575e-06	-1.23978e-05	1.43052e-05	-146.976
1233.3801	10.765	7.18165445e-11	5.72208e-06	-2.0981e-05	2.3842e-05	-64.092
1235.2287	10.769	7.18432297e-11	1.04905e-05	4.38693e-05	4.48229e-05	96.708
1236.7756	10.773	7.186991489999999e-11	-7.62945e-06	-1.33515e-05	1.52589e-05	-99.09
1238.3683	10.777	7.189660009999999e-11	-9.53682e-07	2.86104e-06	5.72208e-06	79.992
1239.9505	10.781	7.19232853e-11	-2.00273e-05	-2.86104e-06	3.05178e-05	-171.084
1241.5184	10.785	7.19499705e-11	-5.72208e-06	-3.14715e-05	3.14715e-05	-100.842
1243.0683	10.789	7.19766557e-11	0.0	3.81473e-06	3.81473e-06	113.202
1244.6506	10.793	7.20033409e-11	-2.86104e-06	5.72208e-06	8.58313e-06	158.196
1246.2134	10.797	7.20300261e-11	2.86104e-06	-7.62945e-06	8.58313e-06	-65.226
1248.0439	10.801	7.205671129999999e-11	-3.62399e-05	2.00273e-05	3.71935e-05	150.126
1249.6062	10.805	7.208339649999999e-11	2.86104e-06	2.9564e-05	2.86103e-05	92.664
1251.1766	10.809	7.211008169999999e-11	-2.86104e-06	-1.43052e-05	1.23978e-05	-96.708
1252.7403	10.813	7.21367669e-11	4.38693e-05	8.58313e-06	5.3406e-05	8.694
1254.5656	10.817	7.21634521e-11	3.62399e-05	5.72208e-06	4.00546e-05	8.676
1256.1112	10.821	7.21901373e-11	5.72208e-06	2.47956e-05	2.6703e-05	77.904
1257.6842	10.825	7.22168225e-11	1.33515e-05	2.28883e-05	2.47956e-05	70.02
1259.2284	10.829	7.22435077e-11	-4.7684e-06	1.62126e-05	1.71663e-05	113.748
1260.8161	10.833	7.227019289999999e-11	1.23978e-05	1.23978e-05	1.90736e-05	21.036
1262.3848	10.837	7.229687809999999e-11	1.52589e-05	1.52589e-05	2.47956e-05	33.69
1263.9641	10.841	7.232356329999999e-11	-2.86104e-06	2.00273e-05	2.0981e-05	96.912
1265.5143	10.845	7.23502485e-11	-1.14442e-05	-4.7684e-06	1.43052e-05	-160.02
1267.344	10.849	7.23769337e-11	4.48229e-05	3.81473e-06	4.67303e-05	6.426
1268.8889	10.853	7.24036189e-11	-4.7684e-06	-1.71663e-05	1.52589e-05	-94.764
1270.4903	10.857	7.24303041e-11	3.62399e-05	-2.19346e-05	4.00546e-05	-40.914
1272.0586	10.861	7.24569893e-11	-9.5368e-06	-1.14442e-05	1.23978e-05	-110.556
1273.6287	10.865	7.24836745e-11	6.67575e-06	-6.67575e-06	1.04905e-05	-59.934
1275.1912	10.869	7.25103597e-11	-9.5368e-06	-1.81199e-05	1.81199e-05	-101.688
1276.7397	10.873	7.253704489999999e-11	-1.52589e-05	2.3842e-05	3.05178e-05	124.626
1278.3133	10.877	7.25637301e-11	-2.86104e-06	5.72208e-06	3.81473e-06	90.0
1280.1367	10.881	7.25904153e-11	1.52589e-05	2.86104e-06	1.52589e-05	-2.604
1281.7011	10.885	7.26171005e-11	-6.67575e-06	-9.5368e-06	1.14442e-05	-104.742
1283.27	10.889	7.264378569999999e-11	1.23978e-05	-2.9564e-05	3.14715e-05	-75.066
1284.8201	10.893	7.26704709e-11	5.72208e-06	-5.9128e-05	5.81744e-05	-85.452
1286.6604	10.897	7.26971561e-11	8.58313e-06	1.04905e-05	1.04905e-05	95.196
1288.2274	10.901	7.27238413e-11	1.71663e-05	8.58313e-06	2.00273e-05	23.202
1289.7897	10.905	7.27505265e-11	-2.9564e-05	-4.7684e-06	2.57493e-05	-172.092
1291.3605	10.909	7.27772117e-11	-8.58313e-06	2.86104e-06	6.67575e-06	97.596
1292.9425	10.913	7.28038969e-11	-1.43052e-05	5.72208e-06	2.57493e-05	161.568
1294.5058	10.917	7.283058209999999e-11	9.5368e-06	-8.58313e-06	1.04905e-05	-45.0
1296.0702	10.921	7.285726729999999e-11	4.57766e-05	-2.86104e-06	4.57766e-05	-3.318
1297.6251	10.925	7.28839525e-11	6.67575e-06	-4.7684e-06	6.67575e-06	-33.69
1299.4318	10.929	7.29106377e-11	1.33515e-05	2.86103e-05	3.14715e-05	63.438
1301.0208	10.933	7.29373229e-11	-2.86104e-06	-7.62945e-06	1.43052e-05	-105.642
1302.826	10.937	7.29640081e-11	9.53682e-07	-1.14442e-05	1.62126e-05	-64.356
1304.3892	10.941	7.299069330000001e-11	9.5368e-06	-2.47956e-05	2.6703e-05	-74.25
1305.9568	10.945	7.301737849999999e-11	4.19619e-05	9.5368e-06	4.19619e-05	26.562
1307.5269	10.949	7.304406369999999e-11	-2.3842e-05	-2.00273e-05	3.24252e-05	-138.918
1309.1129	10.953	7.307074889999999e-11	2.57493e-05	2.57493e-05	3.52862e-05	49.764
1310.6637	10.957	7.30974341e-11	3.81473e-06	-1.81199e-05	1.62126e-05	-90.0
1312.224	10.961	7.31241193e-11	2.28883e-05	-1.14442e-05	2.47956e-05	-24.57
1313.7988	10.965	7.31508045e-11	-6.67575e-06	1.23978e-05	1.43052e-05	117.642
1315.5976	10.969	7.31774897e-11	0.0	0.0	9.53682e-07	0.0
1317.1723	10.973	7.32041749e-11	-4.7684e-06	-3.91009e-05	4.10082e-05	-90.858
1318.7378	10.977	7.32308601e-11	1.14442e-05	-9.5368e-06	1.23978e-05	-21.252
1320.3014	10.981	7.325754529999999e-11	-9.5368e-06	3.71935e-05	4.10082e-05	110.136
1321.8515	10.985	7.328423049999999e-11	0.0	-9.53682e-07	5.72208e-06	-15.252
1323.4237	10.989	7.33109157e-11	2.6703e-05	-1.14442e-05	3.05178e-05	-14.034
1324.968	10.993	7.33376009e-11	1.43052e-05	4.7684e-06	1.23978e-05	23.628
1326.5658	10.997	7.33642861e-11	-1.33515e-05	-1.33515e-05	1.90736e-05	-128.37
1328.1392	11.001	7.339097129999999e-11	2.86104e-06	2.19346e-05	2.19346e-05	76.866
1329.7056	11.005	7.34176565e-11	-2.0981e-05	1.23978e-05	2.47956e-05	157.38
1331.2735	11.009	7.34443417e-11	1.71663e-05	-3.14715e-05	3.91009e-05	-65.094
1332.8421	11.013	7.34710269e-11	3.81473e-06	5.72208e-06	9.5368e-06	40.236
1334.6581	11.017	7.34977121e-11	0.0	9.53682e-07	1.90736e-06	26.562
1336.2283	11.021	7.35243973e-11	3.52862e-05	5.6267e-05	6.48503e-05	60.252
1337.7818	11.025	7.35510825e-11	-3.81473e-06	2.86103e-05	2.86103e-05	82.236
1339.3643	11.029	7.35777677e-11	-2.86104e-06	-8.58313e-06	3.81473e-06	-63.438
1340.9294	11.033	7.360445289999999e-11	-1.04905e-05	1.23978e-05	2.19346e-05	138.366
1342.5107	11.037	7.36311381e-11	2.86104e-06	-4.19619e-05	3.91009e-05	-101.31
1344.0644	11.041	7.36578233e-11	2.57493e-05	-2.86104e-06	3.05178e-05	-1.17
1345.6116	11.045	7.36845085e-11	-1.71663e-05	2.6703e-05	2.86103e-05	123.312
1347.4264	11.049	7.37111937e-11	5.72208e-06	-5.24523e-05	5.24523e-05	-78.834
1348.9742	11.053	7.37378789e-11	0.0	-8.58313e-06	8.58313e-06	-86.184
1350.5211	11.057	7.37645641e-11	6.67575e-06	-1.62126e-05	1.52589e-05	-92.49
1352.0965	11.061	7.379124929999999e-11	-1.71663e-05	2.86104e-06	1.90736e-05	166.428
1353.6585	11.065	7.381793449999999e-11	6.67575e-06	2.9564e-05	2.6703e-05	90.0
1355.2265	11.069	7.38446197e-11	1.04905e-05	-9.53682e-07	1.04905e-05	9.462
1356.7766	11.073	7.38713049e-11	3.24252e-05	-2.28883e-05	3.91009e-05	-32.322
1358.3494	11.077	7.38979901e-11	2.86104e-06	-3.52862e-05	3.52862e-05	-69.93
1360.1812	11.081	7.39246753e-11	-6.67575e-06	4.7684e-06	6.67575e-06	-164.748
1361.7717	11.085	7.395136050000001e-11	5.0545e-05	2.86103e-05	5.53133e-05	24.036
1363.3332	11.089	7.397804569999999e-11	-4.00546e-05	6.67575e-06	3.71935e-05	170.538
1364.8972	11.093	7.400473089999999e-11	2.86103e-05	2.3842e-05	4.00546e-05	41.784
1366.481	11.097	7.403141609999999e-11	7.62945e-06	-5.72208e-06	7.62945e-06	-15.252
1368.0562	11.101	7.40581013e-11	-1.33515e-05	-1.14442e-05	1.71663e-05	-150.252
1369.5989	11.105	7.40847865e-11	2.57493e-05	-3.52862e-05	4.00546e-05	-58.704
1371.1658	11.109	7.41114717e-11	-3.05178e-05	-5.72208e-06	2.86103e-05	-165.324
1372.7352	11.113	7.41381569e-11	3.81473e-06	3.14715e-05	3.24252e-05	96.708
1374.3245	11.117	7.41648421e-11	1.52589e-05	-1.43052e-05	2.9564e-05	-11.946
1375.8682	11.121	7.41915273e-11	-7.62945e-06	-7.62945e-06	8.58313e-06	-143.976
1377.4537	11.125	7.42182125e-11	-1.33515e-05	-3.05178e-05	3.43325e-05	-110.07
1379.2759	11.129	7.424489769999999e-11	-4.76839e-05	1.23978e-05	5.0545e-05	160.854
1380.8403	11.133	7.427158289999999e-11	-4.7684e-06	1.14442e-05	1.23978e-05	115.464
1382.3957	11.137	7.42982681e-11	-1.43052e-05	-1.90736e-05	2.28883e-05	-127.878
1383.9461	11.141	7.43249533e-11	2.86104e-06	-7.62945e-06	7.62945e-06	-77.004
1385.532	11.145	7.435163849999999e-11	-3.81473e-06	-1.04905e-05	1.14442e-05	-110.226
1387.1008	11.149	7.437832369999999e-11	-1.71663e-05	-6.67575e-06	1.23978e-05	-132.51
1388.6752	11.153	7.44050089e-11	-3.33788e-05	-7.62945e-06	3.05178e-05	-157.752
1390.2273	11.157	7.44316941e-11	-7.62945e-06	-2.6703e-05	2.3842e-05	-100.308
1392.0704	11.161	7.44583793e-11	1.90736e-05	1.90736e-06	1.52589e-05	-8.13
1393.6391	11.165	7.448506449999998e-11	-7.62945e-06	-7.62945e-06	9.5368e-06	-118.302
1395.2404	11.169	7.45117497e-11	-3.81473e-06	6.67575e-06	7.62945e-06	108.432
1396.7881	11.173	7.453843489999999e-11	2.19346e-05	2.86104e-06	1.90736e-05	10.494
1398.398	11.177	7.456512009999999e-11	1.71663e-05	5.72208e-06	1.71663e-05	14.622
1399.9811	11.181	7.459180529999999e-11	8.58313e-06	-3.71935e-05	4.00546e-05	-56.31
1401.5735	11.185	7.46184905e-11	-6.67575e-06	8.58313e-06	1.52589e-05	115.644
1403.1356	11.189	7.46451757e-11	1.62126e-05	2.9564e-05	3.62399e-05	59.886
1404.7156	11.193	7.46718609e-11	3.91009e-05	-2.00273e-05	4.76839e-05	-27.936
1406.2694	11.197	7.46985461e-11	-2.76567e-05	3.33788e-05	4.57766e-05	130.956
1407.85	11.201	7.47252313e-11	4.7684e-06	2.19346e-05	2.57493e-05	72.804
1409.4363	11.205	7.475191649999999e-11	2.3842e-05	8.58313e-06	2.0981e-05	14.532
1411.2441	11.209	7.477860169999999e-11	-9.53682e-07	2.57493e-05	2.6703e-05	92.664
1412.8411	11.213	7.480528689999999e-11	2.6703e-05	-2.28883e-05	5.3406e-05	-28.812
1414.4293	11.217	7.48319721e-11	-1.62126e-05	-1.33515e-05	2.19346e-05	-145.008
1415.9794	11.221	7.48586573e-11	1.43052e-05	9.5368e-06	1.62126e-05	43.362
1417.5409	11.225	7.48853425e-11	3.43325e-05	-6.67575e-06	3.91009e-05	-18.432
1419.1282	11.229	7.49120277e-11	5.43597e-05	-1.04905e-05	5.9128e-05	-4.446
1420.6959	11.233	7.49387129e-11	-4.7684e-06	-4.7684e-06	7.62945e-06	-135.0
1422.2901	11.237	7.496539809999999e-11	-5.3406e-05	8.58313e-06	5.43597e-05	166.842
1424.1028	11.241	7.499208329999999e-11	1.04905e-05	5.72208e-06	1.33515e-05	41.424
1425.698	11.245	7.501876849999999e-11	-3.05178e-05	-7.62945e-06	3.14715e-05	-168.18
1427.2524	11.249	7.50454537e-11	4.76839e-05	-9.53682e-07	4.48229e-05	-0.858
1428.8352	11.253	7.50721389e-11	-1.43052e-05	-3.24252e-05	3.24252e-05	-106.584
1430.3963	11.257	7.50988241e-11	-2.00273e-05	-2.86104e-06	2.00273e-05	169.38
1431.9803	11.261	7.512550929999999e-11	-9.53682e-07	1.04905e-05	1.52589e-05	61.824
1433.563	11.265	7.51521945e-11	-1.14442e-05	2.19346e-05	2.19346e-05	118.44
1435.1546	11.269	7.51788797e-11	-3.81473e-06	2.86104e-06	0.0	-135.0
1436.699	11.273	7.52055649e-11	-1.62126e-05	-3.62399e-05	3.91009e-05	-121.122
1438.2703	11.277	7.523225009999999e-11	-2.9564e-05	0.0	3.24252e-05	176.76
1439.8213	11.281	7.52589353e-11	-2.19346e-05	9.5368e-06	2.0981e-05	137.604
1441.384	11.285	7.52856205e-11	-1.04905e-05	-4.7684e-06	1.04905e-05	-135.0
1443.2082	11.289	7.531230569999999e-11	1.90736e-06	2.47956e-05	2.3842e-05	81.636
1444.7774	11.293	7.533899089999999e-11	-2.86104e-06	6.67575e-06	8.58313e-06	79.992
1446.3621	11.297	7.53656761e-11	-2.57493e-05	-9.5368e-06	2.3842e-05	-178.452
1448.2111	11.301	7.53923613e-11	9.5368e-06	-2.86104e-06	5.72208e-06	-21.804
1449.7665	11.305	7.54190465e-11	-3.81472e-05	-2.00273e-05	4.19619e-05	-149.49
1451.3359	11.309	7.54457317e-11	-2.3842e-05	-1.14442e-05	2.57493e-05	-157.38
1452.8989	11.313	7.54724169e-11	-3.81473e-06	-8.58313e-06	8.58313e-06	-47.118
1454.4876	11.317	7.549910209999999e-11	-2.0981e-05	1.43052e-05	2.57493e-05	143.43
1456.2899	11.321	7.552578729999999e-11	-1.14442e-05	-9.5368e-06	1.62126e-05	-169.506
1457.8896	11.325	7.555247249999999e-11	1.81199e-05	8.58313e-06	1.71663e-05	13.392
1459.4596	11.329	7.55791577e-11	-2.0981e-05	-4.7684e-06	2.47956e-05	-172.878
1461.0554	11.333	7.56058429e-11	2.57493e-05	-2.19346e-05	3.14715e-05	-46.734
1462.6087	11.337	7.56325281e-11	1.90736e-06	-1.33515e-05	1.52589e-05	-62.526
1464.2043	11.341	7.56592133e-11	1.33515e-05	-8.58313e-06	2.00273e-05	-5.358
1465.7858	11.345	7.56858985e-11	-6.67575e-06	3.81473e-06	9.5368e-06	108.432
1467.6097	11.349	7.571258369999999e-11	3.24252e-05	3.05178e-05	4.57766e-05	44.418
1469.191	11.353	7.573926889999999e-11	-1.14442e-05	1.04905e-05	1.23978e-05	151.698
1470.7747	11.357	7.576595409999999e-11	2.86104e-06	2.86104e-06	3.81473e-06	38.658
1472.3597	11.361	7.57926393e-11	-2.86104e-06	8.58313e-06	7.62945e-06	164.748
1473.9404	11.365	7.58193245e-11	3.52862e-05	-2.86104e-06	3.52862e-05	-5.49
1475.7673	11.369	7.58460097e-11	1.23978e-05	4.57766e-05	4.76839e-05	81.072
1477.3201	11.373	7.58726949e-11	2.00273e-05	1.33515e-05	2.19346e-05	45.0
1478.8869	11.377	7.58993801e-11	8.58313e-06	1.81199e-05	1.90736e-05	79.878
1480.4317	11.381	7.59260653e-11	-1.81199e-05	2.57493e-05	3.05178e-05	122.97
1482.005	11.385	7.595275049999999e-11	2.3842e-05	-1.23978e-05	3.05178e-05	-32.382
1483.5887	11.389	7.597943569999999e-11	9.5368e-06	-1.23978e-05	1.43052e-05	-71.568
1485.1741	11.393	7.60061209e-11	2.28883e-05	1.90736e-06	2.3842e-05	6.522
1486.7405	11.397	7.60328061e-11	8.58313e-06	1.90736e-06	1.33515e-05	-14.622
1488.5787	11.401	7.60594913e-11	-2.76567e-05	8.58313e-06	2.86103e-05	161.568
1490.1446	11.405	7.608617649999999e-11	-9.5368e-06	-9.5368e-06	4.7684e-06	-135.0
1491.7256	11.409	7.61128617e-11	0.0	-6.67575e-06	4.7684e-06	-120.966
1493.3061	11.413	7.61395469e-11	-1.62126e-05	5.72208e-06	1.81199e-05	178.152
1494.8958	11.417	7.61662321e-11	-2.57493e-05	-1.33515e-05	3.05178e-05	-153.972
1496.4711	11.421	7.61929173e-11	-4.00546e-05	-1.33515e-05	3.91009e-05	-159.102
1498.0553	11.425	7.62196025e-11	2.19346e-05	1.90736e-05	3.05178e-05	44.118
1499.6275	11.429	7.62462877e-11	-9.5368e-06	-1.04905e-05	1.23978e-05	-90.0
1501.4947	11.433	7.627297289999999e-11	3.43325e-05	-2.00273e-05	3.81472e-05	-26.562
1503.0448	11.437	7.629965809999999e-11	1.71663e-05	-2.28883e-05	2.9564e-05	-56.976
1504.6448	11.441	7.63263433e-11	1.33515e-05	-2.86104e-06	2.00273e-05	-5.196
1506.2264	11.445	7.63530285e-11	-6.67575e-06	-8.58313e-06	8.58313e-06	-160.344
1508.0491	11.449	7.63797137e-11	-2.28883e-05	-3.14715e-05	3.24252e-05	-112.518
1509.621	11.453	7.64063989e-11	3.52862e-05	1.81199e-05	3.43325e-05	40.974
1511.2051	11.457	7.64330841e-11	-3.81473e-06	-1.04905e-05	9.5368e-06	-97.596
1512.7497	11.461	7.645976929999999e-11	3.52862e-05	-1.71663e-05	3.52862e-05	-22.008
1514.3345	11.465	7.648645449999999e-11	-2.9564e-05	-3.71935e-05	4.00546e-05	-127.878
1516.1574	11.469	7.651313969999999e-11	1.71663e-05	-1.81199e-05	2.57493e-05	-52.002
1517.7442	11.473	7.65398249e-11	4.38693e-05	1.04905e-05	6.10356e-05	10.842
1519.2936	11.477	7.65665101e-11	-1.23978e-05	2.76567e-05	2.3842e-05	88.092
1521.1453	11.481	7.65931953e-11	1.14442e-05	-2.86104e-06	1.04905e-05	-39.288
1522.7362	11.485	7.66198805e-11	-2.28883e-05	1.52589e-05	2.3842e-05	138.366
1524.2878	11.489	7.66465657e-11	2.19346e-05	3.24252e-05	4.10082e-05	55.536
1525.8513	11.493	7.66732509e-11	1.90736e-05	3.52862e-05	4.19619e-05	60.69
1527.4009	11.497	7.669993609999999e-11	7.62945e-06	-2.0981e-05	2.3842e-05	-70.644
1529.2225	11.501	7.672662129999999e-11	-2.47956e-05	1.23978e-05	2.47956e-05	154.8
1530.7713	11.505	7.67533065e-11	-3.62399e-05	1.33515e-05	3.81472e-05	164.748
1532.3456	11.509	7.67799917e-11	-9.5368e-06	3.24252e-05	3.05178e-05	92.604
1533.924	11.513	7.68066769e-11	-1.81199e-05	-2.86104e-06	1.90736e-05	-174.804
1535.4922	11.517	7.68333621e-11	4.76839e-05	3.52862e-05	6.19893e-05	32.7
1537.0473	11.521	7.68600473e-11	-2.19346e-05	6.38966e-05	6.77113e-05	105.348
1538.6295	11.525	7.68867325e-11	1.33515e-05	-1.62126e-05	1.81199e-05	-84.288
1540.177	11.529	7.69134177e-11	5.72208e-06	-2.0981e-05	1.90736e-05	-72.9
1541.7577	11.533	7.694010289999999e-11	1.90736e-06	-1.90736e-05	2.3842e-05	-107.1
1543.3491	11.537	7.69667881e-11	-9.53682e-07	-9.5368e-06	1.52589e-05	-96.342
1544.9411	11.541	7.69934733e-11	-2.86104e-06	0.0	3.81473e-06	-8.748
1546.512	11.545	7.70201585e-11	-1.90736e-06	-2.86103e-05	2.47956e-05	-105.252
1548.3346	11.549	7.704684369999999e-11	0.0	1.90736e-06	3.81473e-06	171.87
1549.8861	11.553	7.70735289e-11	-6.67575e-06	6.67575e-06	1.23978e-05	154.656
1551.4841	11.557	7.71002141e-11	6.67575e-06	5.72208e-06	1.23978e-05	13.392
1553.2888	11.561	7.71268993e-11	1.62126e-05	3.81473e-06	1.71663e-05	20.556
1554.8725	11.565	7.71535845e-11	8.58313e-06	-1.33515e-05	1.52589e-05	-73.074
1556.4422	11.569	7.71802697e-11	-1.71663e-05	4.7684e-06	1.52589e-05	159.144
1558.0202	11.573	7.72069549e-11	1.52589e-05	1.43052e-05	2.6703e-05	28.392
1559.5772	11.577	7.723364009999999e-11	-4.7684e-06	2.86103e-05	2.57493e-05	97.698
1561.1432	11.581	7.726032529999999e-11	1.90736e-06	9.53682e-07	2.86104e-06	180.0
1562.7136	11.585	7.72870105e-11	1.62126e-05	0.0	1.90736e-05	8.88
1564.2636	11.589	7.73136957e-11	0.0	-1.33515e-05	1.04905e-05	-72.9
1565.8402	11.593	7.73403809e-11	-6.67575e-06	9.5368e-06	1.52589e-05	130.104
1567.3929	11.597	7.73670661e-11	-3.14715e-05	-6.67575e-06	3.43325e-05	-163.908
1568.9466	11.601	7.739375130000001e-11	0.0	-1.43052e-05	1.43052e-05	-74.052
1570.502	11.605	7.742043649999999e-11	-1.52589e-05	0.0	2.00273e-05	176.73
1572.303	11.609	7.744712169999999e-11	1.14442e-05	-6.67575e-06	6.67575e-06	-90.0
1573.8527	11.613	7.747380689999999e-11	-3.52862e-05	-1.33515e-05	3.91009e-05	-159.774
1575.4599	11.617	7.75004921e-11	-2.47956e-05	-1.14442e-05	2.0981e-05	-137.862
1577.0224	11.621	7.75271773e-11	1.23978e-05	6.67575e-06	1.23978e-05	32.004
1578.6233	11.625	7.75538625e-11	4.7684e-06	-7.62945e-06	5.72208e-06	-160.344
1580.2016	11.629	7.75805477e-11	-9.53682e-07	-9.53682e-07	3.81473e-06	-146.31
1581.7732	11.633	7.760723289999999e-11	1.33515e-05	1.33515e-05	2.19346e-05	35.538
1583.3371	11.637	7.76339181e-11	-7.62945e-06	7.62945e-06	8.58313e-06	150.948
1585.1626	11.641	7.76606033e-11	3.81473e-06	9.5368e-06	9.5368e-06	120.258
1586.7128	11.645	7.768728849999999e-11	-1.14442e-05	9.5368e-06	1.23978e-05	124.506
1588.31	11.649	7.771397369999999e-11	-6.67575e-06	8.58313e-06	1.04905e-05	157.164
1589.8579	11.653	7.77406589e-11	3.33788e-05	-1.14442e-05	3.52862e-05	-14.574
1591.449	11.657	7.77673441e-11	-2.6703e-05	3.81473e-06	3.05178e-05	177.564
1592.9978	11.661	7.779402929999999e-11	-1.62126e-05	2.00273e-05	2.19346e-05	117.408
1594.5633	11.665	7.782071449999999e-11	-4.7684e-06	1.52589e-05	1.52589e-05	116.562
1596.1292	11.669	7.78473997e-11	-9.53682e-07	-2.47956e-05	2.86103e-05	-93.654
1597.6991	11.673	7.78740849e-11	-2.47956e-05	-2.86103e-05	3.43325e-05	-125.274
1599.2505	11.677	7.79007701e-11	1.33515e-05	-2.28883e-05	2.28883e-05	-65.856
1600.8012	11.681	7.792745529999998e-11	-1.14442e-05	3.81473e-06	8.58313e-06	164.748
1602.368	11.685	7.79541405e-11	5.72208e-06	-1.71663e-05	1.71663e-05	-64.356
1604.2066	11.689	7.79808257e-11	5.72208e-06	-6.67575e-06	1.04905e-05	-25.02
1605.7555	11.693	7.800751089999999e-11	-4.7684e-06	-5.72208e-06	8.58313e-06	-123.69
1607.3276	11.697	7.803419609999999e-11	-2.3842e-05	3.81473e-06	2.3842e-05	164.052
1608.8757	11.701	7.80608813e-11	-9.53682e-07	1.33515e-05	1.23978e-05	59.034