Time (s) 	 Position (mm) 	 Delay (s) 	 X 	 Y 	 R 	 theta 
#Without Preamplifier,Fluence with Filter (NE02A-B), ZnTe detector angle 40deg, Chopper 230Hz, time constant=0.1s 18dB, waiting time= 0.9s, sensitivity=20mV
1.6769	7.3665	4.9144131449999997e-11	-1.43052e-05	3.71935e-05	3.33788e-05	114.102
3.2117	7.3705	4.9170816649999995e-11	3.71935e-05	1.04905e-05	4.29156e-05	10.308
4.6993	7.3745	4.919750185e-11	3.24252e-05	-2.3842e-05	3.62399e-05	-33.996
6.2034	7.3785	4.922418705e-11	-4.7684e-06	1.52589e-05	1.62126e-05	111.372
7.7067	7.3825	4.925087225e-11	-2.00273e-05	2.86104e-06	1.23978e-05	-167.904
9.2103	7.3865	4.9277557449999994e-11	1.90736e-06	-2.86104e-06	5.72208e-06	-7.596
10.681	7.3905	4.930424265e-11	3.81473e-06	2.19346e-05	1.90736e-05	79.506
12.1691	7.3945	4.933092785e-11	2.3842e-05	3.81473e-06	1.71663e-05	11.766
13.6564	7.3985	4.935761305e-11	3.81473e-06	0.0	7.62945e-06	-55.302
15.128	7.4025	4.938429825e-11	2.86104e-06	-9.5368e-06	6.67575e-06	-167.904
16.5993	7.4065	4.941098345e-11	-9.53682e-07	-1.62126e-05	1.52589e-05	-66.498
18.3584	7.4105	4.9437668649999996e-11	3.43325e-05	1.62126e-05	3.81472e-05	29.622
19.8291	7.4145	4.946435385e-11	2.86104e-06	3.43325e-05	3.62399e-05	86.934
21.589	7.4185	4.949103905e-11	0.0	5.72208e-06	4.7684e-06	56.31
23.0761	7.4225	4.951772425e-11	-4.7684e-06	1.33515e-05	9.5368e-06	58.392
24.5319	7.4265	4.9544409449999995e-11	-3.43325e-05	-1.81199e-05	3.91009e-05	-148.092
26.0193	7.4305	4.957109465e-11	-3.43325e-05	1.71663e-05	4.57766e-05	154.134
27.5062	7.4345	4.959777985e-11	8.58313e-06	1.71663e-05	2.00273e-05	45.0
28.9942	7.4385	4.962446505e-11	-4.7684e-06	1.43052e-05	1.71663e-05	56.82
30.4809	7.4425	4.9651150249999995e-11	2.3842e-05	5.0545e-05	6.00817e-05	53.88
31.9687	7.4465	4.967783545e-11	3.05178e-05	-2.6703e-05	4.19619e-05	-28.542
33.7119	7.4505	4.970452065e-11	8.58313e-06	1.62126e-05	2.0981e-05	59.622
35.2151	7.4545	4.973120585e-11	1.90736e-06	6.77113e-05	6.48503e-05	87.54
36.9588	7.4585	4.9757891049999994e-11	1.14442e-05	1.90736e-06	1.23978e-05	14.742
38.4301	7.4625	4.978457625e-11	-1.62126e-05	2.19346e-05	2.3842e-05	122.196
39.9175	7.4665	4.9811261449999997e-11	-1.14442e-05	-1.62126e-05	1.81199e-05	-139.188
41.4045	7.4705	4.983794665e-11	-1.14442e-05	-9.5368e-06	1.43052e-05	-121.758
42.9082	7.4745	4.986463185e-11	3.71935e-05	2.3842e-05	4.48229e-05	29.31
44.3797	7.4785	4.989131705e-11	-2.0981e-05	3.14715e-05	3.81472e-05	116.562
45.8503	7.4825	4.9918002249999996e-11	3.24252e-05	1.90736e-05	3.24252e-05	42.438
47.3384	7.4865	4.994468745e-11	4.38693e-05	2.9564e-05	5.43597e-05	35.616
48.8419	7.4905	4.997137265e-11	2.28883e-05	3.81473e-06	2.86103e-05	20.694
50.3293	7.4945	4.999805785e-11	9.5368e-06	1.90736e-06	6.67575e-06	18.432
52.0723	7.4985	5.0024743049999995e-11	-9.53682e-07	-1.33515e-05	1.33515e-05	-53.616
53.5434	7.5025	5.005142825e-11	-1.81199e-05	-1.33515e-05	2.28883e-05	-155.694
55.0152	7.5065	5.007811345e-11	2.28883e-05	1.23978e-05	2.6703e-05	22.068
56.5345	7.5105	5.010479865e-11	2.57493e-05	1.71663e-05	3.33788e-05	26.076
58.038	7.5145	5.0131483849999995e-11	1.33515e-05	-5.72208e-06	1.14442e-05	-18.432
59.5252	7.5185	5.015816905e-11	-2.86104e-06	4.19619e-05	3.81472e-05	95.196
61.0127	7.5225	5.018485425e-11	1.62126e-05	3.52862e-05	4.10082e-05	63.438
62.4999	7.5265	5.021153945e-11	2.86104e-06	1.33515e-05	1.23978e-05	118.074
64.2584	7.5305	5.023822465e-11	1.90736e-06	1.90736e-05	1.81199e-05	61.698
65.7625	7.5345	5.026490985e-11	-3.71935e-05	-4.7684e-06	3.05178e-05	-177.336
67.5054	7.5385	5.0291595049999997e-11	-9.5368e-06	-5.72208e-06	1.33515e-05	-128.658
68.9934	7.5425	5.031828025e-11	1.71663e-05	-7.62945e-06	1.04905e-05	-63.438
70.4803	7.5465	5.034496545e-11	2.3842e-05	-9.53682e-07	2.19346e-05	-7.35
71.968	7.5505	5.037165065e-11	1.04905e-05	-1.81199e-05	2.00273e-05	-58.392
73.4546	7.5545	5.0398335849999996e-11	1.23978e-05	3.24252e-05	3.52862e-05	69.828
74.9427	7.5585	5.042502105e-11	-2.19346e-05	2.86104e-06	1.33515e-05	145.494
76.414	7.5625	5.045170625e-11	-2.00273e-05	9.5368e-06	1.52589e-05	115.344
77.8853	7.5665	5.047839145e-11	3.71935e-05	-1.71663e-05	4.38693e-05	-19.248
79.3727	7.5705	5.0505076649999995e-11	2.19346e-05	-1.33515e-05	2.76567e-05	-25.974
80.8601	7.5745	5.0531761849999993e-11	-9.53682e-07	2.19346e-05	2.0981e-05	104.034
82.3474	7.5785	5.055844705e-11	1.43052e-05	-1.62126e-05	2.19346e-05	-52.818
83.8509	7.5825	5.0585132249999996e-11	-2.47956e-05	7.62945e-06	3.24252e-05	161.916
85.3218	7.5865	5.0611817449999994e-11	3.05178e-05	1.62126e-05	3.62399e-05	26.094
87.0652	7.5905	5.063850264999999e-11	-7.62945e-06	-2.86104e-06	5.72208e-06	-140.196
88.5527	7.5945	5.066518785e-11	5.72208e-06	2.00273e-05	2.3842e-05	48.24
90.2961	7.5985	5.0691873049999995e-11	5.72208e-06	2.19346e-05	1.90736e-05	111.804
91.7675	7.6025	5.071855825e-11	2.6703e-05	1.71663e-05	3.05178e-05	29.43
93.255	7.6065	5.074524344999999e-11	1.71663e-05	1.04905e-05	2.19346e-05	33.234
94.7424	7.6105	5.0771928649999997e-11	-1.33515e-05	3.24252e-05	3.24252e-05	92.244
96.2295	7.6145	5.0798613849999995e-11	-6.67575e-06	-4.7684e-06	5.72208e-06	167.472
97.7171	7.6185	5.082529905e-11	3.05178e-05	3.05178e-05	4.57766e-05	44.394
99.1886	7.6225	5.085198425e-11	-8.58313e-06	8.58313e-06	1.23978e-05	127.404
100.6599	7.6265	5.0878669449999996e-11	-1.90736e-06	1.71663e-05	1.71663e-05	99.09
102.4032	7.6305	5.0905354649999994e-11	-3.71935e-05	3.81473e-06	3.71935e-05	161.244
103.8744	7.6345	5.093203985e-11	-5.3406e-05	2.28883e-05	6.10356e-05	160.224
105.6335	7.6385	5.095872505e-11	0.0	1.04905e-05	5.72208e-06	38.658
107.1212	7.6425	5.0985410249999995e-11	3.91009e-05	2.47956e-05	4.38693e-05	30.804
108.6085	7.6465	5.1012095449999993e-11	1.52589e-05	1.90736e-06	2.00273e-05	-4.512
110.0951	7.6505	5.103878065e-11	-3.62399e-05	9.53682e-07	2.28883e-05	180.0
111.5831	7.6545	5.1065465849999996e-11	-2.00273e-05	1.90736e-06	2.19346e-05	163.14
113.0706	7.6585	5.109215105e-11	-1.71663e-05	9.53682e-07	1.71663e-05	173.418
114.5731	7.6625	5.111883624999999e-11	3.71935e-05	1.90736e-06	4.29156e-05	8.244
116.0773	7.6665	5.114552145e-11	-1.04905e-05	9.53682e-07	6.67575e-06	-143.13
117.5648	7.6705	5.1172206649999995e-11	-4.7684e-06	-1.62126e-05	1.81199e-05	-106.698
119.0522	7.6745	5.119889185e-11	2.6703e-05	7.62945e-06	3.71935e-05	7.35
120.5392	7.6785	5.122557705e-11	2.19346e-05	2.28883e-05	2.6703e-05	60.066
122.0106	7.6825	5.1252262249999996e-11	-1.33515e-05	3.33788e-05	3.52862e-05	98.274
123.4821	7.6865	5.1278947449999995e-11	-1.62126e-05	3.81472e-05	3.91009e-05	108.738
124.9696	7.6905	5.130563265e-11	-9.53682e-07	3.43325e-05	3.62399e-05	90.0
126.4727	7.6945	5.133231785e-11	3.81473e-06	-1.43052e-05	1.52589e-05	-83.16
127.9442	7.6985	5.1359003049999996e-11	-4.38693e-05	3.52862e-05	5.43597e-05	138.066
129.4151	7.7025	5.1385688249999994e-11	-1.33515e-05	5.72208e-06	2.00273e-05	174.954
130.9191	7.7065	5.141237345e-11	-9.53682e-07	4.19619e-05	4.29156e-05	79.38
132.6781	7.7105	5.1439058649999997e-11	2.86104e-06	-1.43052e-05	1.23978e-05	-73.608
134.1812	7.7145	5.146574385e-11	-6.67575e-06	-1.81199e-05	2.86103e-05	-124.188
135.9089	7.7185	5.149242904999999e-11	0.0	-7.62945e-06	3.81473e-06	26.562
137.3964	7.7225	5.151911425e-11	-3.24252e-05	5.72208e-06	4.29156e-05	175.17
138.883	7.7265	5.1545799449999996e-11	1.43052e-05	-3.81473e-06	1.33515e-05	2.724
140.3549	7.7305	5.157248465e-11	1.04905e-05	4.7684e-06	1.90736e-05	37.182
141.8261	7.7345	5.159916984999999e-11	-4.7684e-06	-2.6703e-05	2.76567e-05	-102.678
143.313	7.7385	5.162585505e-11	5.72208e-06	0.0	1.04905e-05	-13.242
144.785	7.7425	5.1652540249999995e-11	2.86104e-06	2.86103e-05	2.76567e-05	85.602
146.2722	7.7465	5.167922545e-11	-9.5368e-06	1.04905e-05	1.62126e-05	165.468
148.031	7.7505	5.170591065e-11	-8.58313e-06	-3.81473e-06	1.23978e-05	-146.31
149.5028	7.7545	5.1732595849999996e-11	2.57493e-05	-1.62126e-05	3.52862e-05	-28.368
151.2459	7.7585	5.1759281049999995e-11	2.19346e-05	3.62399e-05	4.38693e-05	49.968
152.7338	7.7625	5.178596625e-11	3.62399e-05	2.3842e-05	4.76839e-05	37.806
154.2371	7.7665	5.181265145e-11	1.14442e-05	-3.52862e-05	3.52862e-05	-54.726
155.7085	7.7705	5.1839336649999996e-11	-2.00273e-05	3.52862e-05	4.00546e-05	112.482
157.1799	7.7745	5.1866021849999994e-11	9.5368e-06	-2.00273e-05	2.19346e-05	-64.134
158.667	7.7785	5.189270705e-11	2.0981e-05	1.52589e-05	1.90736e-05	52.122
160.1546	7.7825	5.1919392249999997e-11	-1.90736e-05	-1.62126e-05	1.52589e-05	-126.252
161.626	7.7865	5.194607745e-11	-2.28883e-05	0.0	1.90736e-05	173.886
163.3852	7.7905	5.197276264999999e-11	8.58313e-06	-2.86104e-06	0.0	165.966
164.8885	7.7945	5.199944785e-11	-3.14715e-05	-3.81473e-06	2.9564e-05	-174.684
166.6475	7.7985	5.2026133049999996e-11	4.7684e-06	4.38693e-05	4.38693e-05	78.858
168.1191	7.8025	5.205281825e-11	2.57493e-05	3.71935e-05	4.86376e-05	53.586
169.6061	7.8065	5.207950345e-11	-4.7684e-06	-2.0981e-05	1.90736e-05	-117.552
171.0939	7.8105	5.210618865e-11	1.04905e-05	1.71663e-05	2.19346e-05	54.864
172.5811	7.8145	5.2132873849999995e-11	3.81473e-06	-1.33515e-05	1.81199e-05	-70.02
174.0686	7.8185	5.215955905e-11	-4.7684e-06	3.71935e-05	4.10082e-05	103.602
175.5399	7.8225	5.218624425e-11	-1.04905e-05	6.67575e-06	1.52589e-05	148.674
177.0433	7.8265	5.2212929449999996e-11	-9.53682e-07	5.72208e-06	1.14442e-05	72.252
178.7863	7.8305	5.2239614649999994e-11	1.43052e-05	2.3842e-05	2.57493e-05	81.03
180.2577	7.8345	5.226629985e-11	1.14442e-05	2.6703e-05	2.76567e-05	77.622
182.0012	7.8385	5.229298505e-11	-1.04905e-05	2.3842e-05	2.6703e-05	112.62
183.4884	7.8425	5.231967025e-11	-6.67575e-06	3.24252e-05	3.81472e-05	122.682
184.9756	7.8465	5.2346355449999994e-11	1.33515e-05	-1.14442e-05	1.52589e-05	-43.026
186.4471	7.8505	5.237304065e-11	5.72208e-06	2.86104e-06	3.81473e-06	105.948
187.9348	7.8545	5.2399725849999997e-11	1.52589e-05	3.52862e-05	3.62399e-05	76.218
189.4221	7.8585	5.242641105e-11	-2.0981e-05	-1.71663e-05	2.86103e-05	-140.358
190.9093	7.8625	5.245309624999999e-11	-2.86104e-06	2.86103e-05	3.05178e-05	95.826
192.4129	7.8665	5.247978145e-11	2.9564e-05	0.0	3.62399e-05	1.008
194.1718	7.8705	5.2506466649999996e-11	2.86104e-06	2.00273e-05	2.19346e-05	62.652
195.6592	7.8745	5.253315185e-11	1.33515e-05	2.57493e-05	2.86103e-05	66.45
197.4348	7.8785	5.255983705e-11	-3.14715e-05	1.04905e-05	2.86103e-05	144.462
198.9063	7.8825	5.258652225e-11	-9.53682e-07	1.52589e-05	1.23978e-05	142.434
200.393	7.8865	5.2613207449999995e-11	9.5368e-06	4.19619e-05	3.91009e-05	91.062
201.8642	7.8905	5.263989265e-11	-6.00817e-05	1.04905e-05	5.24523e-05	164.052
203.3523	7.8945	5.266657785e-11	1.04905e-05	3.81473e-06	9.5368e-06	17.1
204.8397	7.8985	5.2693263049999996e-11	1.04905e-05	-4.7684e-06	8.58313e-06	-77.004
206.3108	7.9025	5.2719948249999994e-11	-1.71663e-05	1.90736e-06	1.81199e-05	151.698
207.7979	7.9065	5.274663345e-11	3.81473e-06	6.38966e-05	6.2943e-05	91.848
209.286	7.9105	5.277331865e-11	-2.0981e-05	3.52862e-05	3.91009e-05	110.898
210.7733	7.9145	5.280000385e-11	8.58313e-06	-9.5368e-06	1.81199e-05	-42.612
212.2603	7.9185	5.2826689049999994e-11	3.81473e-06	-4.48229e-05	4.38693e-05	-83.76
213.7641	7.9225	5.285337425e-11	-5.81744e-05	4.19619e-05	6.5804e-05	138.63
215.2513	7.9265	5.2880059449999996e-11	1.23978e-05	2.57493e-05	3.43325e-05	47.232
216.7548	7.9305	5.290674465e-11	5.72208e-06	-2.86104e-06	8.58313e-06	-11.31
218.2423	7.9345	5.293342985e-11	-7.62945e-06	9.5368e-06	1.43052e-05	136.638
219.7295	7.9385	5.296011505e-11	-1.04905e-05	1.52589e-05	2.19346e-05	139.968
221.2011	7.9425	5.2986800249999996e-11	4.19619e-05	2.3842e-05	4.48229e-05	23.316
222.7045	7.9465	5.301348545e-11	1.04905e-05	0.0	1.04905e-05	19.656
224.4477	7.9505	5.304017065e-11	7.62945e-06	0.0	8.58313e-06	-22.62
225.9351	7.9545	5.3066855849999997e-11	-1.23978e-05	7.62945e-06	1.52589e-05	152.244
227.6784	7.9585	5.3093541049999995e-11	2.86103e-05	3.33788e-05	4.57766e-05	51.342
229.1498	7.9625	5.312022625e-11	-9.5368e-06	2.9564e-05	3.24252e-05	95.196
230.6529	7.9665	5.314691145e-11	3.81473e-06	1.04905e-05	9.5368e-06	75.258
232.1405	7.9705	5.317359665e-11	8.58313e-06	-8.58313e-06	1.52589e-05	-24.624
233.6279	7.9745	5.3200281849999994e-11	3.33788e-05	2.86103e-05	4.38693e-05	47.436
235.0992	7.9785	5.322696705e-11	-2.86104e-06	1.33515e-05	1.33515e-05	87.276
236.6027	7.9825	5.325365225e-11	-2.00273e-05	1.71663e-05	2.57493e-05	142.002
238.0899	7.9865	5.328033745e-11	2.00273e-05	1.04905e-05	2.3842e-05	32.826
239.8493	7.9905	5.330702265e-11	-2.86104e-06	1.23978e-05	1.33515e-05	55.62
241.3363	7.9945	5.333370785e-11	-3.81473e-06	-4.7684e-06	5.72208e-06	-120.966
243.0632	7.9985	5.3360393049999996e-11	-4.38693e-05	-1.14442e-05	4.19619e-05	-167.97
244.5514	8.0025	5.3387078249999994e-11	-1.81199e-05	3.24252e-05	4.00546e-05	125.34
246.0224	8.0065	5.3413763450000006e-11	3.33788e-05	-1.04905e-05	4.10082e-05	-11.484
247.5101	8.0105	5.344044865e-11	-3.05178e-05	3.81473e-06	2.86103e-05	163.302
248.9971	8.0145	5.3467133849999996e-11	-2.47956e-05	1.23978e-05	2.6703e-05	156.036
250.7399	8.0185	5.3493819049999994e-11	9.5368e-06	-9.5368e-06	1.04905e-05	-21.036
252.2282	8.0225	5.3520504250000005e-11	-9.5368e-06	2.47956e-05	2.57493e-05	94.188
253.7156	8.0265	5.354718945e-11	-1.23978e-05	2.86103e-05	2.86103e-05	111.54
255.1867	8.0305	5.3573874649999995e-11	2.86104e-06	7.62945e-06	1.04905e-05	129.804
256.6743	8.0345	5.360055984999999e-11	3.33788e-05	9.53682e-07	3.05178e-05	7.434
258.1613	8.0385	5.3627245050000004e-11	1.33515e-05	1.90736e-06	1.71663e-05	-3.942
259.6491	8.0425	5.365393025e-11	3.81473e-06	2.00273e-05	2.0981e-05	88.266
261.1362	8.0465	5.3680615449999994e-11	-9.5368e-06	3.81472e-05	3.71935e-05	95.388
262.6233	8.0505	5.370730064999999e-11	-1.43052e-05	-1.62126e-05	1.90736e-05	-103.572
264.127	8.0545	5.3733985850000003e-11	7.62945e-06	6.67575e-06	5.72208e-06	125.538
265.5985	8.0585	5.376067105e-11	1.90736e-06	-9.5368e-06	5.72208e-06	-40.602
267.085	8.0625	5.378735625e-11	1.71663e-05	3.81473e-06	5.72208e-06	45.0
268.5722	8.0665	5.381404144999999e-11	-2.86104e-06	2.86104e-06	5.72208e-06	-173.658
270.0608	8.0705	5.384072664999999e-11	3.71935e-05	2.28883e-05	4.48229e-05	31.548
271.5642	8.0745	5.386741185e-11	2.00273e-05	5.72208e-06	1.43052e-05	36.87
273.0356	8.0785	5.389409705e-11	4.7684e-06	-9.5368e-06	8.58313e-06	-72.9
274.5388	8.0825	5.392078225e-11	2.6703e-05	-2.00273e-05	3.14715e-05	-47.64
276.0102	8.0865	5.394746744999999e-11	7.62945e-06	1.23978e-05	1.71663e-05	17.82
277.4976	8.0905	5.397415265e-11	-1.62126e-05	2.00273e-05	2.3842e-05	119.538
278.9846	8.0945	5.400083785e-11	8.58313e-06	3.71935e-05	3.71935e-05	85.986
280.7283	8.0985	5.4027523049999997e-11	-9.5368e-06	-4.7684e-06	1.71663e-05	-152.652
282.2157	8.1025	5.4054208249999995e-11	1.43052e-05	2.28883e-05	3.24252e-05	31.674
283.703	8.1065	5.408089345e-11	6.00817e-05	8.58313e-06	6.67577e-05	5.598
285.1746	8.1105	5.410757865e-11	5.14986e-05	-1.14442e-05	5.3406e-05	-9.228
286.6618	8.1145	5.4134263849999996e-11	-1.81199e-05	2.3842e-05	2.86103e-05	117.756
288.4207	8.1185	5.4160949049999994e-11	1.04905e-05	8.58313e-06	1.43052e-05	17.526
289.9084	8.1225	5.418763425e-11	3.91009e-05	1.71663e-05	3.71935e-05	23.202
291.3959	8.1265	5.421431945e-11	1.23978e-05	1.04905e-05	1.71663e-05	40.812
293.1551	8.1305	5.4241004649999995e-11	6.67575e-06	1.71663e-05	1.52589e-05	103.392
294.6262	8.1345	5.426768984999999e-11	1.90736e-05	1.43052e-05	2.00273e-05	27.474
296.0978	8.1385	5.429437505e-11	3.81473e-06	-1.33515e-05	1.43052e-05	-79.218
297.6006	8.1425	5.4321060249999996e-11	1.71663e-05	3.81473e-06	1.71663e-05	11.766
299.0886	8.1465	5.4347745449999994e-11	-2.76567e-05	2.9564e-05	3.71935e-05	131.904
300.8318	8.1505	5.437443064999999e-11	0.0	3.91009e-05	4.19619e-05	80.538
302.3032	8.1545	5.4401115850000004e-11	1.62126e-05	-3.81473e-06	1.90736e-05	-17.82
303.7902	8.1585	5.4427801049999995e-11	2.6703e-05	1.04905e-05	3.05178e-05	16.818
305.2612	8.1625	5.4454486249999994e-11	3.71935e-05	-1.90736e-05	3.91009e-05	-18.102
306.7493	8.1665	5.448117144999999e-11	3.52862e-05	2.3842e-05	4.57766e-05	26.562
308.2361	8.1705	5.450785665e-11	-9.5368e-06	3.05178e-05	2.86103e-05	81.468
309.74	8.1745	5.453454185e-11	-1.62126e-05	3.14715e-05	3.62399e-05	127.092
311.4834	8.1785	5.456122704999999e-11	-7.62945e-06	0.0	1.90736e-06	-90.0
312.9706	8.1825	5.458791224999999e-11	-4.00546e-05	-2.00273e-05	3.91009e-05	-155.724
314.442	8.1865	5.461459745e-11	-9.5368e-06	-1.90736e-06	9.5368e-06	-166.758
315.9295	8.1905	5.464128265e-11	1.04905e-05	5.72208e-06	1.62126e-05	36.87
317.401	8.1945	5.466796784999999e-11	-2.3842e-05	-3.33788e-05	3.62399e-05	-119.604
318.8882	8.1985	5.469465304999999e-11	7.62945e-06	3.05178e-05	3.24252e-05	68.628
320.3598	8.2025	5.472133825e-11	3.81473e-06	1.04905e-05	1.04905e-05	18.432
321.8463	8.2065	5.474802345e-11	5.72208e-06	1.90736e-06	0.0	161.568
323.3504	8.2105	5.477470865e-11	-1.04905e-05	3.24252e-05	3.91009e-05	120.324
324.8378	8.2145	5.480139384999999e-11	-2.76567e-05	1.90736e-06	2.00273e-05	167.472
326.3413	8.2185	5.482807905e-11	-1.90736e-05	-1.71663e-05	2.19346e-05	-114.144
327.8275	8.2225	5.485476425e-11	2.86103e-05	2.00273e-05	3.05178e-05	55.224
329.3159	8.2265	5.488144945e-11	1.14442e-05	1.04905e-05	1.14442e-05	129.474
330.8193	8.2305	5.4908134649999995e-11	4.7684e-06	5.72208e-06	1.43052e-05	25.71
332.3063	8.2345	5.493481985e-11	-3.81473e-06	-1.81199e-05	1.71663e-05	-104.622
333.7938	8.2385	5.496150505e-11	9.53682e-07	2.9564e-05	3.05178e-05	84.288
335.2805	8.2425	5.4988190249999996e-11	4.7684e-06	6.67575e-06	7.62945e-06	33.69
336.7846	8.2465	5.5014875449999994e-11	1.90736e-05	3.43325e-05	4.48229e-05	63.798
338.2871	8.2505	5.504156065e-11	5.72207e-05	-2.47956e-05	4.86376e-05	-25.386
339.7912	8.2545	5.506824585e-11	2.28883e-05	1.04905e-05	2.19346e-05	33.69
341.5506	8.2585	5.5094931049999996e-11	-2.28883e-05	1.90736e-06	1.90736e-05	172.878
343.0372	8.2625	5.5121616249999994e-11	4.38693e-05	3.81473e-06	4.57766e-05	0.846
344.5253	8.2665	5.514830145e-11	2.3842e-05	3.33788e-05	4.19619e-05	53.496
346.0127	8.2705	5.5174986649999997e-11	1.90736e-05	-3.14715e-05	3.71935e-05	-58.326
347.484	8.2745	5.5201671849999995e-11	-3.81473e-06	4.95913e-05	5.24523e-05	84.426
348.9712	8.2785	5.522835704999999e-11	1.71663e-05	-2.00273e-05	2.6703e-05	-52.35
350.4424	8.2825	5.5255042250000004e-11	3.81473e-06	-1.62126e-05	1.33515e-05	-98.532
351.9462	8.2865	5.5281727449999996e-11	8.58313e-06	2.28883e-05	2.19346e-05	74.58
353.6895	8.2905	5.5308412649999994e-11	1.33515e-05	-9.53682e-07	1.23978e-05	-15.522
355.1761	8.2945	5.533509784999999e-11	9.5368e-06	4.38693e-05	4.67303e-05	79.626
356.6643	8.2985	5.5361783050000003e-11	3.62399e-05	3.91009e-05	5.43597e-05	48.486
358.1516	8.3025	5.538846825e-11	-2.76567e-05	3.81472e-05	4.57766e-05	123.93
359.639	8.3065	5.5415153449999993e-11	8.58313e-06	-1.71663e-05	1.71663e-05	-64.44
361.1104	8.3105	5.544183864999999e-11	-1.23978e-05	-6.67575e-06	1.71663e-05	-147.804
362.5812	8.3145	5.546852385e-11	5.72208e-06	3.81473e-06	8.58313e-06	50.712
364.0688	8.3185	5.549520905e-11	0.0	2.19346e-05	2.0981e-05	105.708
365.5563	8.3225	5.552189424999999e-11	4.7684e-06	-3.71935e-05	3.52862e-05	-82.182
367.027	8.3265	5.554857944999999e-11	1.90736e-05	1.62126e-05	2.47956e-05	32.346
368.515	8.3305	5.557526465e-11	-6.67575e-06	-3.81473e-06	3.81473e-06	138.816
370.0024	8.3345	5.560194985e-11	-2.47956e-05	-4.57766e-05	5.0545e-05	-110.82
371.7618	8.3385	5.562863505e-11	-4.7684e-06	4.38693e-05	4.67303e-05	105.522
373.2493	8.3425	5.565532024999999e-11	-2.9564e-05	-6.67575e-06	2.86103e-05	-150.57
374.736	8.3465	5.568200545e-11	2.28883e-05	2.86104e-06	2.28883e-05	6.522
376.2237	8.3505	5.570869065e-11	-2.00273e-05	1.90736e-06	2.19346e-05	169.992
377.7426	8.3545	5.573537585e-11	-2.86104e-06	5.72208e-06	7.62945e-06	158.964
379.5026	8.3585	5.5762061049999996e-11	3.81473e-06	-3.33788e-05	3.33788e-05	-90.0
380.9899	8.3625	5.578874625e-11	2.00273e-05	1.71663e-05	2.9564e-05	54.726
382.4773	8.3665	5.581543145e-11	9.5368e-06	0.0	9.5368e-06	40.236
383.9487	8.3705	5.584211665e-11	-6.67575e-06	1.23978e-05	1.43052e-05	125.838
385.4519	8.3745	5.5868801849999995e-11	-2.19346e-05	2.19346e-05	2.9564e-05	135.972
386.9231	8.3785	5.589548705e-11	1.62126e-05	1.33515e-05	2.28883e-05	70.254
388.4105	8.3825	5.592217225e-11	-6.67575e-06	1.62126e-05	1.90736e-05	132.51
389.8981	8.3865	5.5948857449999996e-11	1.90736e-06	1.90736e-05	1.81199e-05	94.236
391.6733	8.3905	5.5975542649999994e-11	0.0	-5.72208e-06	5.72208e-06	-131.184
393.1607	8.3945	5.600222785e-11	-1.52589e-05	1.71663e-05	2.28883e-05	113.964
394.6472	8.3985	5.602891305e-11	7.1526e-05	5.9128e-05	8.67848e-05	44.346
396.1354	8.4025	5.6055598249999995e-11	4.48229e-05	1.52589e-05	3.71935e-05	26.562
397.6228	8.4065	5.6082283449999994e-11	2.28883e-05	-3.81472e-05	4.19619e-05	-57.096
399.11	8.4105	5.6108968650000005e-11	3.52862e-05	-1.14442e-05	3.14715e-05	-37.146
400.5815	8.4145	5.6135653849999996e-11	6.67575e-06	-1.04905e-05	9.5368e-06	-48.366
402.3243	8.4185	5.6162339049999995e-11	2.6703e-05	-9.53682e-07	1.90736e-05	-4.968
403.8123	8.4225	5.618902424999999e-11	-1.81199e-05	-2.86104e-06	1.71663e-05	169.506
405.2996	8.4265	5.6215709450000004e-11	1.33515e-05	4.38693e-05	4.95913e-05	62.064
406.771	8.4305	5.624239465e-11	-1.14442e-05	-1.14442e-05	2.0981e-05	-152.022
408.2582	8.4345	5.6269079849999994e-11	-2.86104e-06	0.0	1.90736e-06	-21.804
409.7456	8.4385	5.629576504999999e-11	3.81473e-06	-2.47956e-05	2.28883e-05	-90.0
411.2331	8.4425	5.632245025e-11	0.0	8.58313e-06	8.58313e-06	101.31
412.736	8.4465	5.634913545e-11	3.81473e-06	-4.7684e-06	5.72208e-06	-82.878
414.2236	8.4505	5.637582065e-11	1.14442e-05	1.33515e-05	1.71663e-05	59.742
415.6951	8.4545	5.640250584999999e-11	2.19346e-05	2.19346e-05	2.3842e-05	53.13
417.1826	8.4585	5.642919105e-11	-4.86376e-05	4.38693e-05	6.96187e-05	135.0
418.6539	8.4625	5.645587625e-11	-4.29156e-05	2.9564e-05	5.53133e-05	148.698
420.1571	8.4665	5.648256145e-11	5.72208e-06	-5.72208e-06	5.72208e-06	-84.804
421.6606	8.4705	5.650924664999999e-11	1.71663e-05	-2.6703e-05	2.57493e-05	-71.076
423.1632	8.4745	5.653593185e-11	4.19619e-05	2.9564e-05	4.86376e-05	35.538
424.6509	8.4785	5.656261705e-11	-1.90736e-06	0.0	1.90736e-06	165.966
426.1388	8.4825	5.658930225e-11	0.0	0.0	8.58313e-06	-176.988
427.6258	8.4865	5.6615987449999996e-11	-1.90736e-06	-7.62945e-06	5.72208e-06	-60.948
429.1297	8.4905	5.664267265e-11	6.67575e-06	-9.53682e-07	6.67575e-06	74.052
430.6163	8.4945	5.666935785e-11	3.81473e-06	3.71935e-05	3.81472e-05	90.0
432.3602	8.4985	5.669604305e-11	2.19346e-05	1.90736e-05	3.24252e-05	35.79
433.8472	8.5025	5.6722728249999996e-11	2.28883e-05	-2.28883e-05	3.14715e-05	-41.532
435.3508	8.5065	5.674941345e-11	1.14442e-05	-2.86104e-06	1.90736e-05	27.978
436.8377	8.5105	5.677609865e-11	4.7684e-06	1.62126e-05	1.71663e-05	112.17
438.3251	8.5145	5.6802783849999997e-11	-2.00273e-05	1.33515e-05	2.3842e-05	142.254
440.0691	8.5185	5.6829469049999995e-11	7.53407e-05	1.90736e-06	7.91554e-05	3.366
441.5405	8.5225	5.6856154250000006e-11	1.71663e-05	-1.52589e-05	1.62126e-05	-61.188
443.0432	8.5265	5.688283945e-11	2.6703e-05	2.0981e-05	3.33788e-05	34.902
444.7871	8.5305	5.6909524649999996e-11	7.62945e-06	-2.19346e-05	2.28883e-05	-57.264
446.2744	8.5345	5.6936209849999994e-11	6.67575e-06	3.81473e-06	5.72208e-06	60.948
447.7617	8.5385	5.6962895050000005e-11	1.23978e-05	1.90736e-05	2.3842e-05	66.612
449.2651	8.5425	5.698958025e-11	8.58313e-06	1.23978e-05	2.00273e-05	70.644
450.7686	8.5465	5.7016265449999995e-11	-2.00273e-05	1.33515e-05	2.19346e-05	138.816
452.5275	8.5505	5.7042950649999993e-11	1.52589e-05	3.05178e-05	4.48229e-05	61.452
454.015	8.5545	5.7069635850000004e-11	-1.23978e-05	0.0	5.72208e-06	108.432
455.4861	8.5585	5.709632105e-11	-9.53682e-07	1.04905e-05	1.14442e-05	166.608
456.9899	8.5625	5.7123006249999994e-11	-1.33515e-05	3.71935e-05	3.81472e-05	118.008
458.4612	8.5665	5.714969144999999e-11	-3.14715e-05	-2.86104e-06	2.57493e-05	-157.38
460.22	8.5705	5.717637664999999e-11	-3.14715e-05	6.00817e-05	6.77113e-05	118.608
461.708	8.5745	5.720306185e-11	-2.86104e-06	2.57493e-05	2.57493e-05	82.692
463.1954	8.5785	5.722974705e-11	-4.7684e-06	3.14715e-05	3.43325e-05	99.462
464.6979	8.5825	5.725643224999999e-11	-9.5368e-06	3.71935e-05	3.71935e-05	101.724
466.2021	8.5865	5.728311744999999e-11	-2.6703e-05	2.6703e-05	3.91009e-05	130.134
467.6735	8.5905	5.730980265e-11	-7.62945e-06	3.81473e-06	5.72208e-06	144.462
469.1763	8.5945	5.733648785e-11	3.81473e-06	2.6703e-05	3.05178e-05	107.28
470.9199	8.5985	5.736317304999999e-11	5.72208e-06	3.05178e-05	2.76567e-05	85.236
472.4073	8.6025	5.738985824999999e-11	-2.6703e-05	4.29156e-05	5.24523e-05	120.468
473.8789	8.6065	5.741654345e-11	-1.14442e-05	1.90736e-06	1.52589e-05	-169.506
475.3654	8.6105	5.744322865e-11	1.52589e-05	-1.23978e-05	1.62126e-05	-66.498
476.8533	8.6145	5.746991385e-11	1.52589e-05	-1.62126e-05	1.90736e-05	-29.478
478.6127	8.6185	5.749659904999999e-11	5.72208e-06	2.86104e-06	5.72208e-06	131.988
480.1	8.6225	5.752328425e-11	2.86103e-05	-3.14715e-05	4.57766e-05	-41.496
481.6034	8.6265	5.754996945e-11	-4.29156e-05	-2.00273e-05	4.19619e-05	-154.746
483.3627	8.6305	5.7576654649999996e-11	-1.62126e-05	7.62945e-06	1.62126e-05	146.976
484.8499	8.6345	5.7603339849999994e-11	-4.57766e-05	1.71663e-05	5.14986e-05	157.806
486.3374	8.6385	5.763002505e-11	2.0981e-05	3.05178e-05	3.71935e-05	44.274
487.824	8.6425	5.765671025e-11	-4.86376e-05	-1.43052e-05	6.10356e-05	-163.644
489.3122	8.6465	5.7683395449999995e-11	1.33515e-05	-9.53682e-07	1.62126e-05	6.84
491.0555	8.6505	5.7710080649999994e-11	-4.00546e-05	-2.86104e-06	3.14715e-05	-178.668
492.5429	8.6545	5.773676585e-11	3.81473e-06	0.0	1.90736e-06	-26.562
494.0463	8.6585	5.7763451049999996e-11	1.62126e-05	-3.14715e-05	3.52862e-05	-72.648
495.5177	8.6625	5.7790136249999995e-11	-1.62126e-05	-1.33515e-05	1.52589e-05	-126.87
497.005	8.6665	5.781682144999999e-11	-4.86376e-05	3.81473e-06	4.86376e-05	175.302
498.5084	8.6705	5.784350665e-11	0.0	3.43325e-05	3.52862e-05	91.02
499.9798	8.6745	5.7870191849999996e-11	1.71663e-05	1.90736e-06	1.71663e-05	4.236
501.7541	8.6785	5.7896877049999994e-11	1.04905e-05	1.90736e-05	2.0981e-05	70.974
503.2263	8.6825	5.792356224999999e-11	-6.67575e-06	4.57766e-05	4.86376e-05	106.926
504.7138	8.6865	5.795024745e-11	-3.62399e-05	-8.58313e-06	3.05178e-05	-160.344
506.217	8.6905	5.7976932649999995e-11	-2.00273e-05	-1.81199e-05	2.0981e-05	-122.004
507.7036	8.6945	5.800361784999999e-11	0.0	-2.00273e-05	1.71663e-05	-75.378
509.4638	8.6985	5.803030304999999e-11	-6.67575e-06	1.23978e-05	1.43052e-05	102.264
510.9352	8.7025	5.805698825e-11	-1.23978e-05	5.72208e-06	1.43052e-05	164.052
512.4226	8.7065	5.808367345e-11	2.00273e-05	-4.7684e-06	2.00273e-05	-20.322
514.1657	8.7105	5.811035864999999e-11	1.33515e-05	5.72207e-05	5.81744e-05	73.044
515.6529	8.7145	5.813704384999999e-11	-4.00546e-05	-6.67575e-06	4.29156e-05	-168.858
517.1246	8.7185	5.816372905e-11	-5.6267e-05	4.10082e-05	7.05724e-05	147.36
518.5949	8.7225	5.819041425e-11	-3.24252e-05	7.62945e-06	2.57493e-05	151.392
520.083	8.7265	5.821709945e-11	1.90736e-05	2.6703e-05	2.86103e-05	41.76
521.826	8.7305	5.824378465e-11	-4.48229e-05	3.52862e-05	5.3406e-05	148.644
523.3139	8.7345	5.827046985000001e-11	6.67575e-06	2.76567e-05	3.14715e-05	53.364
524.8174	8.7385	5.829715504999999e-11	8.58313e-06	3.81473e-06	8.58313e-06	84.558
526.2889	8.7425	5.832384024999999e-11	-1.33515e-05	1.52589e-05	1.62126e-05	124.506
527.7916	8.7465	5.835052544999999e-11	-1.71663e-05	3.91009e-05	4.19619e-05	90.0
529.2627	8.7505	5.837721065e-11	-2.6703e-05	-3.81473e-06	2.3842e-05	-159.078
530.7663	8.7545	5.840389585e-11	-2.86104e-06	-1.81199e-05	1.52589e-05	-68.748
532.5263	8.7585	5.843058105e-11	-3.14715e-05	2.6703e-05	3.91009e-05	141.342
533.9976	8.7625	5.845726625e-11	-2.47956e-05	2.9564e-05	4.10082e-05	136.932
535.485	8.7665	5.848395145e-11	-4.67303e-05	1.71663e-05	4.86376e-05	162.312
536.9723	8.7705	5.851063665e-11	2.86104e-06	1.81199e-05	1.52589e-05	98.97
538.4597	8.7745	5.853732184999999e-11	-3.33788e-05	4.76839e-05	5.72207e-05	129.63
540.203	8.7785	5.856400704999999e-11	-9.53682e-07	0.0	4.7684e-06	164.748
541.6897	8.7825	5.859069225e-11	-1.04905e-05	-6.67575e-06	4.7684e-06	-45.0
543.1617	8.7865	5.861737745e-11	1.52589e-05	-6.67575e-06	1.52589e-05	-17.652
544.905	8.7905	5.864406265e-11	-1.14442e-05	2.86104e-06	1.04905e-05	149.034
546.376	8.7945	5.867074784999999e-11	-6.00817e-05	9.53682e-07	6.10356e-05	180.0
547.8638	8.7985	5.869743305e-11	-2.19346e-05	1.43052e-05	2.57493e-05	156.798
549.3661	8.8025	5.872411825e-11	-1.81199e-05	-1.62126e-05	2.00273e-05	-146.886
550.8545	8.8065	5.875080345e-11	-1.33515e-05	-9.53682e-07	4.7684e-06	-135.0
552.5975	8.8105	5.877748864999999e-11	-2.28883e-05	3.52862e-05	4.19619e-05	115.02
554.1003	8.8145	5.880417385e-11	-3.43325e-05	1.23978e-05	4.38693e-05	158.79
555.5885	8.8185	5.883085905e-11	-4.10082e-05	3.81473e-06	3.91009e-05	-179.046
557.0758	8.8225	5.885754425e-11	-3.62399e-05	2.86103e-05	4.38693e-05	136.89
558.5472	8.8265	5.888422944999999e-11	-4.7684e-06	2.57493e-05	2.57493e-05	118.392
560.0345	8.8305	5.891091465e-11	-9.5368e-06	1.62126e-05	1.81199e-05	117.474
561.5214	8.8345	5.893759985e-11	1.90736e-06	-4.7684e-06	5.72208e-06	-111.036
563.2812	8.8385	5.896428505e-11	-1.43052e-05	-1.62126e-05	1.62126e-05	-121.428
564.7685	8.8425	5.899097025e-11	-2.9564e-05	-6.67575e-06	2.28883e-05	-174.288
566.2555	8.8465	5.901765545e-11	-2.86104e-06	1.43052e-05	1.23978e-05	61.926
567.7424	8.8505	5.904434065e-11	-1.62126e-05	0.0	1.52589e-05	173.16
569.2309	8.8545	5.907102584999999e-11	-4.00546e-05	-4.7684e-06	4.00546e-05	-171.18
570.9901	8.8585	5.909771104999999e-11	-3.71935e-05	-7.62945e-06	2.57493e-05	-145.884
572.4608	8.8625	5.912439625e-11	1.52589e-05	5.9128e-05	6.19893e-05	77.736
573.98	8.8665	5.915108145e-11	-3.33788e-05	2.57493e-05	4.10082e-05	142.206
575.7396	8.8705	5.917776665e-11	-5.14986e-05	-1.33515e-05	5.24523e-05	-164.556
577.2433	8.8745	5.920445185e-11	-3.71935e-05	2.19346e-05	3.52862e-05	137.562
578.7306	8.8785	5.923113705000001e-11	2.86104e-06	1.23978e-05	1.52589e-05	41.82
580.2176	8.8825	5.925782224999999e-11	-2.3842e-05	4.7684e-06	2.00273e-05	164.58
581.689	8.8865	5.928450744999999e-11	-4.48229e-05	2.28883e-05	4.86376e-05	149.172
583.4327	8.8905	5.931119264999999e-11	-8.48775e-05	1.33515e-05	8.29701e-05	170.154
584.92	8.8945	5.933787785e-11	-6.77113e-05	-1.14442e-05	7.43871e-05	-167.838
586.4231	8.8985	5.936456305e-11	-1.81199e-05	-1.04905e-05	2.76567e-05	-161.568
587.9109	8.9025	5.939124825e-11	-0.000104905	1.90736e-05	9.72752e-05	167.964
589.4141	8.9065	5.941793345e-11	3.81473e-06	-6.67575e-06	5.72208e-06	-81.87
590.9012	8.9105	5.944461865e-11	-4.19619e-05	-1.33515e-05	5.81744e-05	-172.728
592.3889	8.9145	5.947130385e-11	-7.1526e-05	-9.53682e-07	7.05724e-05	180.0
594.1479	8.9185	5.949798905e-11	-1.81199e-05	-3.81473e-06	1.90736e-05	-170.22
595.6197	8.9225	5.952467424999999e-11	-4.48229e-05	1.71663e-05	4.86376e-05	158.346
597.1061	8.9265	5.955135945e-11	-4.95913e-05	-1.04905e-05	5.3406e-05	-168.288
598.6102	8.9305	5.957804465e-11	-4.29156e-05	-1.33515e-05	4.19619e-05	-170.25
600.0975	8.9345	5.960472985e-11	-2.9564e-05	-3.81472e-05	4.29156e-05	-127.626
601.8729	8.9385	5.963141504999999e-11	-5.6267e-05	5.81744e-05	8.20165e-05	132.48
603.3601	8.9425	5.965810025e-11	-3.91009e-05	-3.81472e-05	5.0545e-05	-131.7
604.8316	8.9465	5.968478545e-11	-5.6267e-05	3.91009e-05	6.96187e-05	145.098
606.575	8.9505	5.971147065e-11	-3.24252e-05	-3.33788e-05	4.38693e-05	-128.796
608.0463	8.9545	5.973815585e-11	-4.95913e-05	-3.62399e-05	6.77113e-05	-151.962
609.5498	8.9585	5.976484105e-11	-6.19893e-05	-1.43052e-05	5.9128e-05	-162.57
611.0531	8.9625	5.979152625e-11	-8.86922e-05	-5.14986e-05	9.63216e-05	-146.874
612.5561	8.9665	5.981821144999999e-11	-0.00011158	-9.5368e-06	9.82289e-05	-170.202
614.2998	8.9705	5.984489664999999e-11	-4.29156e-05	-2.86104e-06	4.29156e-05	-170.676
615.7867	8.9745	5.987158185e-11	-9.82289e-05	2.86104e-06	9.25069e-05	174.54
617.2741	8.9785	5.989826705e-11	-8.67848e-05	-2.47956e-05	8.01091e-05	-163.584
618.7778	8.9825	5.992495225e-11	-7.34334e-05	-1.14442e-05	7.34334e-05	-165.228
620.265	8.9865	5.995163745e-11	-8.77385e-05	-2.0981e-05	8.58312e-05	-166.074
621.7522	8.9905	5.997832265000001e-11	-6.48503e-05	-2.28883e-05	6.38966e-05	-155.016
623.2237	8.9945	6.000500785e-11	-0.000100136	-6.5804e-05	0.000120163	-144.828
624.9671	8.9985	6.003169304999999e-11	-6.67577e-05	5.72208e-06	7.43871e-05	177.552
626.4706	9.0025	6.005837824999999e-11	-8.01091e-05	9.53682e-07	7.91554e-05	168.036
627.9572	9.0065	6.008506345e-11	-5.9128e-05	-5.72208e-06	5.72207e-05	-168.69
629.4452	9.0105	6.011174865e-11	-0.000102997	6.67575e-06	0.000103951	175.146
630.9327	9.0145	6.013843385e-11	-4.95913e-05	-2.76567e-05	6.2943e-05	-156.09
632.6915	9.0185	6.016511905e-11	-8.29701e-05	-3.14715e-05	7.91554e-05	-150.618
634.1632	9.0225	6.019180425000001e-11	-7.1526e-05	8.58313e-06	6.5804e-05	175.914
635.6826	9.0265	6.021848945e-11	-9.82289e-05	-3.43325e-05	0.000106812	-165.114
637.1541	9.0305	6.024517464999999e-11	-0.000102044	-7.82018e-05	0.000125886	-144.96
638.6412	9.0345	6.027185984999999e-11	-0.000117302	-7.62945e-06	0.00011921	-174.636
640.1287	9.0385	6.029854505e-11	-8.20165e-05	-5.72208e-06	7.62944e-05	-178.98
641.616	9.0425	6.032523025e-11	-7.1526e-05	-5.6267e-05	8.86922e-05	-144.162
643.0874	9.0465	6.035191545e-11	-9.05995e-05	-8.20165e-05	0.000117302	-140.196
644.575	9.0505	6.037860065e-11	-9.05995e-05	-2.28883e-05	8.39238e-05	-160.38
646.0463	9.0545	6.040528585e-11	-0.000118256	-1.81199e-05	0.000122071	-170.436
647.5333	9.0585	6.043197105e-11	-6.48503e-05	-4.00546e-05	7.43871e-05	-147.57
649.0528	9.0625	6.045865625e-11	-0.000133515	-2.6703e-05	0.000127793	-166.776
650.5562	9.0665	6.048534145e-11	-0.000105858	-4.19619e-05	0.000115395	-155.202
652.2996	9.0705	6.051202664999999e-11	-0.000124932	-6.96187e-05	0.000139237	-151.302
653.7709	9.0745	6.053871185e-11	-0.000117302	-4.00546e-05	0.00011921	-158.316
655.2583	9.0785	6.056539705e-11	-9.05995e-05	-3.24252e-05	0.000106812	-160.164
656.7617	9.0825	6.059208224999999e-11	-0.000133515	-4.86376e-05	0.000143052	-160.224
658.2491	9.0865	6.061876744999999e-11	-0.000104905	-7.1526e-05	0.000117302	-143.334
659.7525	9.0905	6.064545265e-11	-0.000109673	-0.000106812	0.000158311	-136.17
661.2398	9.0945	6.067213785e-11	-0.000160218	-0.000115395	0.000201226	-146.208
662.999	9.0985	6.069882305e-11	-0.000109673	-8.10628e-05	0.000132562	-144.06
664.4704	9.1025	6.072550825e-11	-0.00011158	-9.53679e-05	0.000144006	-141.216
665.9738	9.1065	6.075219345e-11	-0.000168801	-6.2943e-05	0.000181199	-158.628
667.4612	9.1105	6.077887864999999e-11	-0.000145913	-4.57766e-05	0.000152589	-161.646
668.9476	9.1145	6.080556384999999e-11	-0.000168801	-0.000102044	0.000187875	-146.424
670.435	9.1185	6.083224904999999e-11	-0.000153542	-5.81744e-05	0.000163079	-158.982
671.9231	9.1225	6.085893425e-11	-0.000141145	-7.62944e-05	0.000159265	-152.376
673.4104	9.1265	6.088561945e-11	-0.000166894	-8.48775e-05	0.000174523	-151.356
674.9134	9.1305	6.091230465e-11	-0.000104905	-5.81744e-05	0.000115395	-153.732
676.4012	9.1345	6.093898985e-11	-0.000166894	-9.82289e-05	0.000189782	-150.156
677.8879	9.1385	6.096567505e-11	-0.000134469	-6.67577e-05	0.00014782	-151.596
679.392	9.1425	6.099236024999999e-11	-0.000195504	-7.91554e-05	0.000205995	-158.442
680.8794	9.1465	6.101904544999999e-11	-0.000153542	-5.3406e-05	0.000163079	-162.726
682.3663	9.1505	6.104573064999999e-11	-0.000166894	-5.6267e-05	0.000179292	-161.43
683.8378	9.1545	6.107241585e-11	-0.000177384	-5.24523e-05	0.000179292	-163.38
685.3412	9.1585	6.109910105e-11	-0.000146867	-7.91554e-05	0.000167848	-152.634
686.8127	9.1625	6.112578625e-11	-0.000209809	-8.96459e-05	0.000229836	-157.404
688.2999	9.1665	6.115247145e-11	-0.000191689	-9.82289e-05	0.000214578	-150.21
689.787	9.1705	6.117915665e-11	-0.000196458	-0.000112534	0.000226022	-150.192
691.275	9.1745	6.120584185e-11	-0.000216485	-9.34605e-05	0.000235558	-155.97
693.0501	9.1785	6.123252704999999e-11	-0.00025654	-0.000127793	0.000282289	-154.794
694.5368	9.1825	6.125921224999999e-11	-0.000178338	-0.000113488	0.000210763	-147.762
696.025	9.1865	6.128589745e-11	-0.000200273	-0.000133515	0.000241281	-146.442
697.5276	9.1905	6.131258265e-11	-0.00021267	-0.000115395	0.000244142	-150.738
699.0157	9.1945	6.133926785e-11	-0.000235558	-9.44142e-05	0.000251772	-157.08
700.5191	9.1985	6.136595304999999e-11	-0.000248911	-0.000141145	0.000281336	-150.882
702.0057	9.2025	6.139263825e-11	-0.000219346	-0.000109673	0.000234605	-152.7
703.5098	9.2065	6.141932345e-11	-0.000259401	-0.00013733	0.000296595	-152.862
704.9971	9.2105	6.144600865e-11	-0.000252726	-0.000135423	0.000278475	-148.968
706.484	9.2145	6.147269385e-11	-0.000269892	-0.000151635	0.000315668	-152.04
707.956	9.2185	6.149937905e-11	-0.00021267	-0.000131608	0.00024605	-149.118
709.4434	9.2225	6.152606425e-11	-0.000226022	-0.000115395	0.000251772	-152.088
710.9146	9.2265	6.155274944999999e-11	-0.000205041	-0.000113488	0.000236512	-152.154
712.642	9.2305	6.157943464999999e-11	-0.000222207	-0.000167848	0.000276567	-143.352
714.1133	9.2345	6.160611985e-11	-0.000224114	-0.000148774	0.000268938	-145.248
715.584	9.2385	6.163280505e-11	-0.000255587	-0.00011158	0.000278475	-155.508
717.072	9.2425	6.165949025e-11	-0.00026417	-0.000123025	0.000284197	-155.736
718.5755	9.2465	6.168617545e-11	-0.000217439	-0.000154496	0.000263216	-146.64
720.063	9.2505	6.171286065e-11	-0.0002203	-0.000113488	0.000244142	-152.52
721.5341	9.2545	6.173954584999999e-11	-0.000209809	-0.00012684	0.000242234	-147.492
723.2772	9.2585	6.176623104999999e-11	-0.00018406	-0.000164033	0.000248911	-137.256
724.7491	9.2625	6.179291624999999e-11	-0.000219346	-0.000115395	0.000245096	-153.294
726.2357	9.2665	6.181960145e-11	-0.000174523	-0.000106812	0.00020218	-148.134
727.7233	9.2705	6.184628665e-11	-0.000208856	-7.53407e-05	0.000221253	-160.368
729.2108	9.2745	6.187297185e-11	-0.000178338	-7.91554e-05	0.000192643	-155.652
730.9544	9.2785	6.189965705e-11	-0.000152589	-0.00010109	0.000185014	-148.296
732.4255	9.2825	6.192634225e-11	-0.000145913	-8.86922e-05	0.000172616	-149.604
733.8807	9.2865	6.195302745e-11	-0.00011158	-9.91826e-05	0.000144959	-139.746
735.6245	9.2905	6.197971264999999e-11	-0.000109673	-6.48503e-05	0.000127793	-148.584
737.1118	9.2945	6.200639784999999e-11	-7.62945e-06	-6.00817e-05	5.9128e-05	-97.122
738.5833	9.2985	6.203308305e-11	-1.33515e-05	-5.3406e-05	5.53133e-05	-100.368
740.0857	9.3025	6.205976825e-11	5.3406e-05	-3.62399e-05	6.19893e-05	-33.864
741.558	9.3065	6.208645345e-11	0.000139237	2.0981e-05	0.000136376	9.132
743.2851	9.3105	6.211313865e-11	0.000189782	9.5368e-06	0.000189782	3.636
744.7726	9.3145	6.213982385e-11	0.000252726	2.9564e-05	0.000254633	5.844
746.244	9.3185	6.216650905e-11	0.000370027	9.82289e-05	0.000383379	15.288
747.7306	9.3225	6.219319425e-11	0.000458719	7.62944e-05	0.000462534	9.75
749.2185	9.3265	6.221987944999999e-11	0.0005312	0.000129701	0.000544552	13.95
750.706	9.3305	6.224656465e-11	0.000643734	0.000160218	0.000668529	14.328
752.1934	9.3345	6.227324985e-11	0.000699047	0.000214578	0.000723843	17.7
753.952	9.3385	6.229993505e-11	0.000869755	0.000231744	0.000900272	14.844
755.44	9.3425	6.232662024999999e-11	0.00098706	0.000306131	0.00103761	16.8
756.9274	9.3465	6.235330545e-11	0.00114537	0.000329973	0.00118638	15.852
758.4149	9.3505	6.237999065e-11	0.00124837	0.000415804	0.00131512	18.534
759.9018	9.3545	6.240667585e-11	0.00132371	0.000415804	0.00138093	17.526
761.6611	9.3585	6.243336105e-11	0.00143338	0.000444414	0.00150109	17.454
763.149	9.3625	6.246004625e-11	0.00148774	0.000517849	0.00157452	19.08
764.6202	9.3665	6.248673145e-11	0.00153447	0.000570301	0.00163747	20.178
766.3636	9.3705	6.251341664999999e-11	0.00156403	0.0006609	0.00170232	23.106
767.8505	9.3745	6.254010184999999e-11	0.00155164	0.000621799	0.0016718	21.966
769.3383	9.3785	6.256678705e-11	0.001503	0.00067902	0.00164986	24.06
770.825	9.3825	6.259347225e-11	0.00138856	0.000717167	0.00156976	26.97
772.3131	9.3865	6.262015745e-11	0.00130177	0.000777248	0.00152303	30.546
774.0561	9.3905	6.264684265e-11	0.00113393	0.000700001	0.00132657	31.782
775.5437	9.3945	6.267352785000001e-11	0.000955585	0.000673298	0.00116921	34.848
777.0311	9.3985	6.270021304999999e-11	0.000724796	0.000617985	0.000953678	40.014
778.5183	9.4025	6.272689824999999e-11	0.000526432	0.000608448	0.000800136	49.524
780.0049	9.4065	6.275358344999999e-11	0.000323297	0.000550274	0.000638966	59.652
781.4931	9.4105	6.278026865e-11	5.0545e-05	0.000437738	0.000441553	84.744
782.9805	9.4145	6.280695385e-11	-0.000133515	0.000370981	0.000393869	108.924
784.7396	9.4185	6.283363905e-11	-0.000296595	0.000245096	0.000389101	141.354
786.211	9.4225	6.286032425e-11	-0.000437738	0.000133515	0.000447275	162.792
787.6823	9.4265	6.288700945e-11	-0.000580791	2.00273e-05	0.000571255	177.774
789.153	9.4305	6.291369465e-11	-0.00057793	-0.000128747	0.000602726	-168.576
790.6402	9.4345	6.294037985e-11	-0.00058556	-0.000190736	0.00062466	-162.486
792.3842	9.4385	6.296706504999999e-11	-0.000559811	-0.000242234	0.000608448	-156.972
793.8876	9.4425	6.299375025e-11	-0.000516895	-0.000319483	0.000599865	-147.432
795.3911	9.4465	6.302043545e-11	-0.000430109	-0.000370027	0.000571255	-140.1
797.1662	9.4505	6.304712065e-11	-0.000294687	-0.00040436	0.000504497	-126.96
798.6539	9.4545	6.307380584999999e-11	-0.000219346	-0.000345232	0.000402452	-121.602
800.1412	9.4585	6.310049105e-11	-0.000154496	-0.000297548	0.000331881	-116.412
801.6125	9.4625	6.312717625e-11	-4.48229e-05	-0.000287058	0.000290873	-97.062
803.1153	9.4665	6.315386145e-11	2.3842e-05	-0.000206948	0.000208856	-83.502
804.8585	9.4705	6.318054665e-11	4.38693e-05	-0.00017357	0.000179292	-77.862
806.3465	9.4745	6.320723185e-11	4.57766e-05	-0.00010109	0.000105858	-70.296
807.8176	9.4785	6.323391705e-11	3.91009e-05	-1.23978e-05	4.38693e-05	-14.034
809.3053	9.4825	6.326060225e-11	1.43052e-05	-2.47956e-05	2.9564e-05	-55.302
810.7919	9.4865	6.328728744999999e-11	-6.67575e-06	2.3842e-05	2.3842e-05	102.876
812.264	9.4905	6.331397265e-11	-1.62126e-05	5.24523e-05	5.3406e-05	104.034
813.7512	9.4945	6.334065785e-11	-1.81199e-05	3.05178e-05	3.05178e-05	130.158
815.4947	9.4985	6.336734305e-11	-2.86104e-06	3.91009e-05	3.62399e-05	97.818
816.982	9.5025	6.339402825e-11	-4.38693e-05	3.71935e-05	5.72207e-05	132.744
818.4852	9.5065	6.342071345000001e-11	-5.53133e-05	-1.33515e-05	5.53133e-05	-168.288
819.9729	9.5105	6.344739865e-11	1.04905e-05	-8.58313e-06	5.72208e-06	-26.562
821.4598	9.5145	6.347408384999999e-11	2.3842e-05	1.23978e-05	2.86103e-05	30.528
823.2035	9.5185	6.350076904999999e-11	2.86104e-06	-1.33515e-05	1.33515e-05	-74.748
824.6906	9.5225	6.352745425e-11	6.48503e-05	-4.95913e-05	7.72481e-05	-41.466
826.1783	9.5265	6.355413945e-11	7.53407e-05	-4.95913e-05	9.44142e-05	-32.868
827.9215	9.5305	6.358082465e-11	2.86103e-05	-3.52862e-05	4.67303e-05	-44.43
829.4409	9.5345	6.360750985e-11	7.34334e-05	8.58313e-06	7.24797e-05	13.272
830.9275	9.5385	6.363419505000001e-11	8.39238e-05	0.0	8.39238e-05	0.0
832.4156	9.5425	6.366088025e-11	1.62126e-05	2.86103e-05	3.71935e-05	65.094
833.887	9.5465	6.368756544999999e-11	0.0	8.58313e-06	1.23978e-05	141.708
835.6297	9.5505	6.371425064999999e-11	-4.7684e-06	9.5368e-06	9.5368e-06	69.444
837.1175	9.5545	6.374093585e-11	-6.77113e-05	7.62945e-06	6.10356e-05	176.82
838.5891	9.5585	6.376762105e-11	-6.5804e-05	1.90736e-06	6.77113e-05	-176.148
840.0603	9.5625	6.379430625e-11	-9.53679e-05	1.33515e-05	8.77385e-05	167.472
841.5478	9.5665	6.382099145e-11	-6.2943e-05	3.62399e-05	8.39238e-05	153.048
843.2911	9.5705	6.384767664999999e-11	-6.10356e-05	-7.62945e-06	6.2943e-05	-170.538
844.7463	9.5745	6.387436185e-11	-3.71935e-05	-4.48229e-05	5.24523e-05	-131.112
846.2497	9.5785	6.390104705e-11	-5.24523e-05	-4.00546e-05	6.2943e-05	-146.478
847.7371	9.5825	6.392773224999999e-11	-9.5368e-06	-7.1526e-05	7.34334e-05	-98.484
849.2085	9.5865	6.395441744999999e-11	2.3842e-05	-5.3406e-05	5.43597e-05	-73.164
850.7118	9.5905	6.398110265e-11	3.81472e-05	-4.29156e-05	6.00817e-05	-45.426
852.1831	9.5945	6.400778785e-11	2.57493e-05	-5.3406e-05	5.81744e-05	-65.178
853.9259	9.5985	6.403447304999999e-11	5.0545e-05	-5.53133e-05	7.34334e-05	-52.212
855.4298	9.6025	6.406115824999999e-11	4.57766e-05	-4.95913e-05	6.77113e-05	-49.764
856.9171	9.6065	6.408784345e-11	5.72208e-06	-4.57766e-05	4.86376e-05	-86.334
858.4206	9.6105	6.411452865e-11	-4.67303e-05	3.24252e-05	5.43597e-05	140.766
859.9077	9.6145	6.414121385e-11	-8.77385e-05	1.81199e-05	9.15532e-05	173.754
861.6832	9.6185	6.416789905e-11	-0.000144959	-1.14442e-05	0.000145913	-177.9
863.1543	9.6225	6.419458425e-11	-0.000174523	-7.62945e-06	0.000170709	-176.214
864.642	9.6265	6.422126944999999e-11	-0.000186921	1.33515e-05	0.00018406	176.478
866.3851	9.6305	6.424795464999999e-11	-0.000242234	-1.81199e-05	0.000234605	-174.078
867.8723	9.6345	6.427463984999999e-11	-0.000257494	-3.62399e-05	0.000259401	-170.49
869.3598	9.6385	6.430132505e-11	-0.000235558	-5.43597e-05	0.000236512	-166.122
870.8633	9.6425	6.432801025e-11	-0.000255587	-9.15532e-05	0.000263216	-159.066
872.3348	9.6465	6.435469545e-11	-0.000223161	-8.86922e-05	0.000244142	-158.544
874.0778	9.6505	6.438138065e-11	-0.000213624	-0.000144006	0.000262262	-147.918
875.5494	9.6545	6.440806585e-11	-0.000177384	-0.000142098	0.000223161	-140.856
877.0207	9.6585	6.443475104999999e-11	-9.53679e-05	-0.000146867	0.000175477	-122.142
878.5081	9.6625	6.446143624999999e-11	-7.05724e-05	-0.000112534	0.000132562	-122.892
879.9955	9.6665	6.448812144999999e-11	-3.62399e-05	-8.29701e-05	8.86922e-05	-112.356
881.4662	9.6705	6.451480665e-11	2.57493e-05	-7.82018e-05	8.10628e-05	-68.376
882.9538	9.6745	6.454149185e-11	3.81473e-06	-3.33788e-05	3.52862e-05	-76.704
884.6813	9.6785	6.456817705e-11	7.24797e-05	-3.05178e-05	8.48775e-05	-25.41
886.1684	9.6825	6.459486225e-11	0.000103951	-9.53682e-07	0.000105858	-2.19
887.6563	9.6865	6.462154745e-11	0.000103951	-7.62945e-06	9.91826e-05	-5.868
889.1434	9.6905	6.464823265e-11	0.000113488	1.23978e-05	0.000109673	1.77
890.6146	9.6945	6.467491784999999e-11	7.62944e-05	5.53133e-05	9.91826e-05	31.356
892.3583	9.6985	6.470160304999999e-11	7.1526e-05	0.000104905	0.00012684	60.108
893.845	9.7025	6.472828825e-11	3.05178e-05	5.24523e-05	6.5804e-05	63.438
895.3329	9.7065	6.475497345e-11	5.9128e-05	8.39238e-05	0.000102044	55.374
897.0763	9.7105	6.478165865e-11	2.0981e-05	8.86922e-05	8.86922e-05	84.378
898.5637	9.7145	6.480834384999999e-11	-7.1526e-05	6.19893e-05	9.63216e-05	139.992
900.0512	9.7185	6.483502905e-11	-7.1526e-05	4.7684e-06	5.9128e-05	177.954
901.5222	9.7225	6.486171425e-11	-0.000118256	1.81199e-05	0.000125886	170.25
903.0258	9.7265	6.488839945e-11	-0.000154496	1.52589e-05	0.000154496	173.796
904.785	9.7305	6.491508464999999e-11	-0.000153542	1.62126e-05	0.000159265	174.15
906.2722	9.7345	6.494176985e-11	-0.000197412	-4.67303e-05	0.000204087	-167.694
907.7599	9.7385	6.496845505e-11	-0.000192643	-4.76839e-05	0.000196458	-167.388
909.2471	9.7425	6.499514024999999e-11	-0.000134469	-2.9564e-05	0.000136376	-173.934
910.7496	9.7465	6.502182544999999e-11	-9.15532e-05	-2.47956e-05	9.63216e-05	-166.416
912.2375	9.7505	6.504851065e-11	-9.34605e-05	-7.1526e-05	0.000115395	-144.312
913.7093	9.7545	6.507519585e-11	-0.000108719	-7.34334e-05	0.000127793	-142.176
915.4685	9.7585	6.510188105e-11	-6.67577e-05	-6.96187e-05	9.25069e-05	-128.088
916.9238	9.7625	6.512856625e-11	-2.86103e-05	-5.14986e-05	5.9128e-05	-124.89
918.4266	9.7665	6.515525145e-11	-6.19893e-05	-4.10082e-05	7.62944e-05	-145.086
919.8984	9.7705	6.518193664999999e-11	-2.28883e-05	1.90736e-06	2.57493e-05	173.208
921.4178	9.7745	6.520862184999999e-11	6.67575e-06	-3.62399e-05	2.86103e-05	-83.832
923.177	9.7785	6.523530704999999e-11	1.14442e-05	-1.14442e-05	1.52589e-05	-35.22
924.6485	9.7825	6.526199225e-11	-4.38693e-05	2.57493e-05	5.0545e-05	145.686
926.1361	9.7865	6.528867745e-11	-2.3842e-05	-2.86104e-06	2.57493e-05	170.754
927.895	9.7905	6.531536265e-11	-6.2943e-05	1.33515e-05	5.53133e-05	169.38
929.3825	9.7945	6.534204785e-11	-8.86922e-05	-1.43052e-05	8.96459e-05	-167.61
930.8701	9.7985	6.536873305000001e-11	-6.67577e-05	1.52589e-05	5.53133e-05	156.798
932.3576	9.8025	6.539541824999999e-11	-6.8665e-05	-4.19619e-05	8.10628e-05	-148.092
933.8289	9.8065	6.542210344999999e-11	-3.05178e-05	1.62126e-05	3.14715e-05	155.058
935.5721	9.8105	6.544878864999999e-11	-5.14986e-05	-2.3842e-05	6.10356e-05	-155.604
937.0755	9.8145	6.547547385e-11	-4.57766e-05	-1.71663e-05	5.0545e-05	-153.438
938.563	9.8185	6.550215905e-11	-2.76567e-05	-3.81473e-06	2.57493e-05	-167.124
940.0501	9.8225	6.552884425e-11	3.24252e-05	9.5368e-06	2.3842e-05	20.772
941.5376	9.8265	6.555552945e-11	-1.62126e-05	8.58313e-06	1.90736e-05	149.034
943.0252	9.8305	6.558221465e-11	3.05178e-05	-2.47956e-05	2.9564e-05	-39.402
944.5122	9.8345	6.560889985e-11	-2.86104e-06	-1.62126e-05	1.14442e-05	-61.698
946.2556	9.8385	6.563558505e-11	8.58313e-06	-1.62126e-05	1.81199e-05	-76.428
947.7428	9.8425	6.566227024999999e-11	5.3406e-05	-1.14442e-05	6.2943e-05	-13.08
949.2303	9.8465	6.568895545e-11	6.48503e-05	-1.90736e-06	5.81744e-05	-6.264
950.7175	9.8505	6.571564065e-11	2.19346e-05	6.77113e-05	7.82018e-05	60.948
952.205	9.8545	6.574232585e-11	-2.86104e-06	8.58313e-06	5.72208e-06	37.878
953.9323	9.8585	6.576901104999999e-11	-1.33515e-05	2.6703e-05	3.05178e-05	126.12
955.4194	9.8625	6.579569625e-11	-4.10082e-05	3.81472e-05	5.72207e-05	143.922
956.8904	9.8665	6.582238145e-11	-3.81472e-05	1.90736e-06	2.86103e-05	-174.144
958.6342	9.8705	6.584906665e-11	-2.00273e-05	3.62399e-05	3.91009e-05	115.68
960.1057	9.8745	6.587575185e-11	-2.19346e-05	2.19346e-05	3.71935e-05	136.302
961.5931	9.8785	6.590243705e-11	-0.000122071	1.62126e-05	0.00011921	171.774
963.0645	9.8825	6.592912225e-11	-4.19619e-05	1.52589e-05	4.00546e-05	150.852
964.5518	9.8865	6.595580744999999e-11	-8.67848e-05	1.90736e-05	8.77385e-05	167.424
966.295	9.8905	6.598249264999999e-11	-0.000146867	0.0	0.000143052	-179.466
967.7661	9.8945	6.600917785e-11	-9.82289e-05	-4.48229e-05	9.91826e-05	-152.904
969.2372	9.8985	6.603586305e-11	-0.000124932	-4.7684e-06	0.000120163	-177.72
970.7248	9.9025	6.606254825e-11	-0.000121117	-4.95913e-05	0.000128747	-156.57
972.196	9.9065	6.608923345e-11	-9.15532e-05	-3.71935e-05	9.63216e-05	-158.706
973.6679	9.9105	6.611591865000001e-11	-0.000129701	-5.24523e-05	0.000141145	-156.696
975.1552	9.9145	6.614260384999999e-11	-0.000112534	-4.86376e-05	0.00011921	-156.84
976.8983	9.9185	6.616928904999999e-11	-0.000135423	-5.81744e-05	0.000135423	-152.526
978.3698	9.9225	6.619597424999999e-11	-7.62944e-05	-3.81472e-05	8.10628e-05	-155.598
979.8409	9.9265	6.622265945e-11	-0.000106812	-5.9128e-05	0.000116349	-147.048
981.3283	9.9305	6.624934465e-11	-6.8665e-05	-6.67575e-06	6.48503e-05	-177.078
982.7998	9.9345	6.627602985e-11	-1.71663e-05	-2.0981e-05	2.3842e-05	-146.31
984.5424	9.9385	6.630271505e-11	-7.62945e-06	-1.62126e-05	1.90736e-05	-100.62
986.0304	9.9425	6.632940025e-11	3.62399e-05	-6.67575e-06	4.10082e-05	-3.576
987.5177	9.9465	6.635608545e-11	0.000104905	2.28883e-05	9.91826e-05	13.446
989.2771	9.9505	6.638277064999999e-11	4.48229e-05	-2.3842e-05	4.57766e-05	-37.206
990.764	9.9545	6.640945584999999e-11	0.000124932	4.10082e-05	0.000132562	15.228
992.2678	9.9585	6.643614105e-11	5.53133e-05	2.86104e-06	4.95913e-05	16.77
993.7709	9.9625	6.646282625e-11	0.000110627	3.81473e-06	0.00011158	2.388
995.2587	9.9665	6.648951145e-11	8.39238e-05	6.48503e-05	0.000103951	35.322
997.0018	9.9705	6.651619665e-11	5.3406e-05	2.6703e-05	5.9128e-05	23.628
998.4734	9.9745	6.654288185e-11	0.0	3.05178e-05	3.24252e-05	98.916
999.9603	9.9785	6.656956705e-11	9.5368e-06	6.8665e-05	6.5804e-05	77.472
1001.432	9.9825	6.659625225e-11	-3.81473e-06	7.05724e-05	6.5804e-05	91.752
1002.9192	9.9865	6.662293745e-11	-3.14715e-05	4.57766e-05	5.43597e-05	121.56
1004.4063	9.9905	6.664962265e-11	-9.91826e-05	5.53133e-05	0.000113488	151.338
1005.8622	9.9945	6.667630785e-11	-7.1526e-05	4.00546e-05	7.43871e-05	146.604
1007.6212	9.9985	6.670299305e-11	-0.000109673	3.33788e-05	0.000121117	162.63
1009.1081	10.0025	6.672967824999999e-11	-0.000118256	2.3842e-05	0.000114441	166.452
1010.6123	10.0065	6.675636345e-11	-0.000102044	1.04905e-05	0.000108719	-179.658
1012.0831	10.0105	6.678304865e-11	-0.000144006	-2.76567e-05	0.000145913	-172.128
1013.555	10.0145	6.680973385e-11	-7.72481e-05	-6.00817e-05	9.53679e-05	-145.53
1015.3142	10.0185	6.683641905e-11	-9.34605e-05	-5.14986e-05	0.000106812	-152.802
1016.8011	10.0225	6.686310425e-11	-6.10356e-05	-4.19619e-05	7.43871e-05	-155.472
1018.2723	10.0265	6.688978945e-11	-5.14986e-05	-4.67303e-05	6.96187e-05	-132.708
1020.0163	10.0305	6.691647464999999e-11	-2.19346e-05	-2.6703e-05	3.62399e-05	-145.434
1021.5198	10.0345	6.694315984999999e-11	-1.90736e-06	-3.33788e-05	3.24252e-05	-83.292
1023.0069	10.0385	6.696984505e-11	4.48229e-05	-3.91009e-05	5.6267e-05	-40.524
1024.4944	10.0425	6.699653025e-11	7.05724e-05	6.67575e-06	7.72481e-05	5.712
1025.9816	10.0465	6.702321545e-11	7.91554e-05	-1.90736e-05	8.10628e-05	-10.938
1027.725	10.0505	6.704990065e-11	4.86376e-05	2.57493e-05	4.67303e-05	26.964
1029.2285	10.0545	6.707658585000001e-11	9.05995e-05	3.24252e-05	9.91826e-05	14.4
1030.7155	10.0585	6.710327105e-11	9.05995e-05	4.57766e-05	0.000103951	25.602
1032.1872	10.0625	6.712995624999999e-11	6.38966e-05	4.57766e-05	7.82018e-05	34.788
1033.6747	10.0665	6.715664144999999e-11	4.19619e-05	5.72207e-05	7.05724e-05	49.638
1035.4339	10.0705	6.718332664999999e-11	4.19619e-05	7.43871e-05	9.05995e-05	62.904
1036.9212	10.0745	6.721001185e-11	9.5368e-06	6.48503e-05	7.05724e-05	83.322
1038.3923	10.0785	6.723669705e-11	1.52589e-05	8.10628e-05	8.10628e-05	81.87
1039.8797	10.0825	6.726338225e-11	-3.05178e-05	2.3842e-05	4.38693e-05	153.06
1041.367	10.0865	6.729006744999999e-11	-4.00546e-05	3.81472e-05	5.3406e-05	130.524
1042.8707	10.0905	6.731675265e-11	-1.81199e-05	1.23978e-05	2.3842e-05	147.426
1044.3572	10.0945	6.734343785e-11	-5.3406e-05	2.47956e-05	6.5804e-05	156.588
1046.101	10.0985	6.737012304999999e-11	-7.62945e-06	0.0	1.90736e-06	75.966
1047.6043	10.1025	6.739680824999999e-11	-4.7684e-06	-2.47956e-05	3.05178e-05	-104.28
1049.0922	10.1065	6.742349345e-11	-4.00546e-05	-2.3842e-05	4.67303e-05	-154.932
1050.5796	10.1105	6.745017865e-11	-2.86104e-06	-9.5368e-06	1.23978e-05	-97.122
1052.0663	10.1145	6.747686384999999e-11	-2.9564e-05	1.62126e-05	2.57493e-05	130.764
1053.8422	10.1185	6.750354904999999e-11	-1.71663e-05	-4.7684e-06	2.0981e-05	-160.464
1055.3297	10.1225	6.753023425e-11	-2.47956e-05	-1.62126e-05	3.14715e-05	-142.908
1056.801	10.1265	6.755691945e-11	0.0	5.72208e-06	5.72208e-06	144.462
1058.5442	10.1305	6.758360465e-11	-3.81473e-06	0.0	2.86104e-06	180.0
1060.0312	10.1345	6.761028985e-11	-4.10082e-05	9.5368e-06	4.76839e-05	161.808
1061.519	10.1385	6.763697505e-11	-3.62399e-05	-2.0981e-05	4.38693e-05	-148.608
1063.0055	10.1425	6.766366025e-11	-2.19346e-05	2.86104e-06	1.43052e-05	148.572
1064.4938	10.1465	6.769034544999999e-11	-3.62399e-05	-1.71663e-05	4.38693e-05	-160.512
1066.2525	10.1505	6.771703064999999e-11	-1.81199e-05	2.3842e-05	2.9564e-05	126.12
1067.7402	10.1545	6.774371585e-11	-4.38693e-05	0.0	5.3406e-05	179.346
1069.2439	10.1585	6.777040105e-11	-5.3406e-05	6.67575e-06	6.00817e-05	170.238
1070.7467	10.1625	6.779708625e-11	-7.24797e-05	-4.7684e-06	7.05724e-05	-177.84
1072.2182	10.1665	6.782377145e-11	-5.14986e-05	-2.86104e-06	5.14986e-05	-171.972
1073.7058	10.1705	6.785045665e-11	-4.38693e-05	-1.81199e-05	4.76839e-05	-152.766
1075.1933	10.1745	6.787714184999999e-11	-4.67303e-05	1.90736e-05	4.86376e-05	164.814
1076.9684	10.1785	6.790382704999999e-11	-7.62945e-06	-3.14715e-05	3.05178e-05	-108.432
1078.4718	10.1825	6.793051224999999e-11	-1.43052e-05	5.0545e-05	5.43597e-05	108.006
1079.9433	10.1865	6.795719745e-11	-4.57766e-05	-1.71663e-05	4.57766e-05	-162.39
1081.4305	10.1905	6.798388265e-11	-3.43325e-05	1.04905e-05	4.00546e-05	163.56
1082.9019	10.1945	6.801056785e-11	1.90736e-06	-2.00273e-05	2.19346e-05	-62.742
1084.645	10.1985	6.803725305e-11	-6.2943e-05	2.3842e-05	7.05724e-05	162.234
1086.1161	10.2025	6.806393825e-11	-4.29156e-05	2.6703e-05	4.57766e-05	150.252
1087.5718	10.2065	6.809062345e-11	-4.29156e-05	3.81473e-06	4.38693e-05	177.318
1089.3151	10.2105	6.811730864999999e-11	5.0545e-05	3.24252e-05	6.10356e-05	31.608
1090.8188	10.2145	6.814399384999999e-11	-1.62126e-05	0.0	1.71663e-05	-176.058
1092.3056	10.2185	6.817067905e-11	1.43052e-05	2.19346e-05	2.19346e-05	49.638
1093.7933	10.2225	6.819736425e-11	1.33515e-05	-1.62126e-05	2.0981e-05	-53.13
1095.2805	10.2265	6.822404945e-11	3.91009e-05	2.3842e-05	5.14986e-05	30.72
1097.0401	10.2305	6.825073464999999e-11	6.19893e-05	2.9564e-05	7.91554e-05	24.102
1098.5266	10.2345	6.827741985e-11	2.19346e-05	8.58313e-06	2.19346e-05	14.472
1100.0148	10.2385	6.830410505e-11	1.14442e-05	6.67575e-06	8.58313e-06	54.462
1101.5021	10.2425	6.833079025e-11	1.04905e-05	7.1526e-05	7.05724e-05	81.3
1102.9736	10.2465	6.835747544999999e-11	3.52862e-05	4.10082e-05	4.95913e-05	47.832
1104.445	10.2505	6.838416065e-11	2.57493e-05	8.58313e-06	2.57493e-05	12.204
1105.9321	10.2545	6.841084585e-11	2.86103e-05	3.05178e-05	4.10082e-05	40.914
1107.6909	10.2585	6.843753104999999e-11	-9.5368e-06	2.3842e-05	2.6703e-05	99.246
1109.179	10.2625	6.846421624999999e-11	-2.00273e-05	3.33788e-05	4.10082e-05	114.522
1110.6662	10.2665	6.849090145e-11	-2.28883e-05	8.58313e-06	1.62126e-05	161.568
1112.1529	10.2705	6.851758665e-11	0.0	-3.81473e-06	6.67575e-06	-151.926
1113.6412	10.2745	6.854427185e-11	-3.81473e-06	5.72208e-06	5.72208e-06	60.948
1115.1285	10.2785	6.857095705e-11	-2.28883e-05	-1.33515e-05	2.3842e-05	-144.462
1116.6154	10.2825	6.859764225e-11	4.10082e-05	5.53133e-05	6.8665e-05	51.252
1118.0873	10.2865	6.862432745e-11	2.86104e-06	2.00273e-05	2.47956e-05	95.316
1119.5906	10.2905	6.865101264999999e-11	9.5368e-06	1.04905e-05	5.72208e-06	-165.966
1121.0779	10.2945	6.867769784999999e-11	2.9564e-05	9.5368e-06	2.47956e-05	31.506
1122.5333	10.2985	6.870438305e-11	-2.57493e-05	2.28883e-05	2.86103e-05	139.236
1124.0363	10.3025	6.873106825e-11	1.52589e-05	-2.3842e-05	3.24252e-05	-45.0
1125.5081	10.3065	6.875775345e-11	-1.71663e-05	2.19346e-05	2.6703e-05	128.886
1127.2507	10.3105	6.878443865e-11	-9.53682e-07	2.86104e-06	3.81473e-06	-15.252
1128.7386	10.3145	6.881112385000001e-11	-5.72208e-06	2.86103e-05	3.24252e-05	102.756
1130.2256	10.3185	6.883780904999999e-11	2.86104e-06	3.33788e-05	3.33788e-05	88.878
1131.6974	10.3225	6.886449424999999e-11	-1.71663e-05	3.33788e-05	4.00546e-05	122.472
1133.1842	10.3265	6.889117944999999e-11	-4.67303e-05	-2.86104e-06	5.53133e-05	179.334
1134.6882	10.3305	6.891786465e-11	-9.5368e-06	8.58313e-06	1.33515e-05	142.596
1136.1756	10.3345	6.894454985e-11	-6.77113e-05	4.19619e-05	8.10628e-05	148.092
1137.9509	10.3385	6.897123505e-11	-5.6267e-05	-1.14442e-05	5.72207e-05	-165.966
1139.4384	10.3425	6.899792025e-11	-6.00817e-05	-9.5368e-06	6.38966e-05	-170.058
1140.9097	10.3465	6.902460545e-11	-3.05178e-05	-4.7684e-06	3.24252e-05	-174.288
1142.3961	10.3505	6.905129065e-11	-1.62126e-05	-2.9564e-05	3.62399e-05	-123.408
1143.8845	10.3545	6.907797584999999e-11	-3.14715e-05	-3.14715e-05	4.57766e-05	-140.094
1145.6592	10.3585	6.910466104999999e-11	6.67575e-06	1.90736e-06	1.90736e-06	99.462
1147.1461	10.3625	6.913134625e-11	3.81472e-05	0.0	4.38693e-05	-7.224
1148.6343	10.3665	6.915803145e-11	2.3842e-05	-1.71663e-05	3.33788e-05	-28.008
1150.3937	10.3705	6.918471665e-11	2.28883e-05	0.0	2.6703e-05	5.316
1151.8809	10.3745	6.921140184999999e-11	3.52862e-05	1.23978e-05	4.00546e-05	15.57
1153.3685	10.3785	6.923808705e-11	8.58313e-06	2.3842e-05	2.57493e-05	88.602
1154.856	10.3825	6.926477225e-11	5.6267e-05	-9.5368e-06	6.00817e-05	-13.134
1156.3273	10.3865	6.929145745e-11	3.24252e-05	2.19346e-05	3.33788e-05	30.528
1158.086	10.3905	6.931814265e-11	4.57766e-05	1.81199e-05	4.86376e-05	14.418
1159.5572	10.3945	6.934482785e-11	0.0	3.14715e-05	3.24252e-05	77.826
1161.0773	10.3985	6.937151305e-11	-4.48229e-05	5.53133e-05	8.10628e-05	134.676
1162.548	10.4025	6.939819824999999e-11	-1.90736e-05	1.62126e-05	2.57493e-05	149.034
1164.0195	10.4065	6.942488344999999e-11	-4.95913e-05	1.90736e-05	5.24523e-05	164.748
1165.5232	10.4105	6.945156865e-11	-2.9564e-05	1.90736e-05	3.24252e-05	153.906
1167.0103	10.4145	6.947825385e-11	-2.3842e-05	-1.90736e-05	1.81199e-05	-109.29
1168.7693	10.4185	6.950493905e-11	-5.53133e-05	-1.71663e-05	5.0545e-05	-164.814
1170.2735	10.4225	6.953162425e-11	-6.19893e-05	3.81473e-06	5.81744e-05	176.592
1171.7608	10.4265	6.955830945e-11	-4.00546e-05	1.23978e-05	5.0545e-05	163.098
1173.2643	10.4305	6.958499464999999e-11	-4.19619e-05	-5.72208e-06	3.91009e-05	179.01
1174.7357	10.4345	6.961167984999999e-11	-3.33788e-05	-4.7684e-06	2.6703e-05	-158.964
1176.511	10.4385	6.963836504999999e-11	-7.62945e-06	-8.58313e-06	7.62945e-06	-147.528
1177.9976	10.4425	6.966505025e-11	-6.67575e-06	-4.00546e-05	3.91009e-05	-112.332
1179.4855	10.4465	6.969173545e-11	-6.67577e-05	-3.33788e-05	6.96187e-05	-155.226
1181.2447	10.4505	6.971842065e-11	-4.19619e-05	-2.86104e-06	4.38693e-05	-172.35
1182.7476	10.4545	6.974510585e-11	-4.38693e-05	6.67575e-06	4.38693e-05	168.69
1184.2352	10.4585	6.977179105000001e-11	-2.3842e-05	-1.81199e-05	3.24252e-05	-143.346
1185.706	10.4625	6.979847625e-11	1.90736e-05	-1.81199e-05	2.47956e-05	-50.388
1187.1941	10.4665	6.982516144999999e-11	-2.28883e-05	1.33515e-05	2.76567e-05	147.03
1188.6652	10.4705	6.985184664999999e-11	-1.62126e-05	3.24252e-05	3.91009e-05	127.056
1190.1365	10.4745	6.987853185e-11	5.72208e-06	4.7684e-06	1.90736e-06	-170.538
1191.6244	10.4785	6.990521705e-11	-4.67303e-05	3.81473e-06	4.38693e-05	-177.276
1193.0956	10.4825	6.993190225e-11	-2.3842e-05	-3.14715e-05	4.19619e-05	-127.404
1194.5821	10.4865	6.995858745e-11	-3.62399e-05	1.23978e-05	4.00546e-05	159.864
1196.0698	10.4905	6.998527265e-11	6.38966e-05	4.7684e-06	6.67577e-05	7.332
1197.5731	10.4945	7.001195785e-11	1.04905e-05	-3.81473e-06	1.81199e-05	15.708
1199.317	10.4985	7.003864305e-11	3.81473e-06	3.33788e-05	3.52862e-05	87.918
1200.8203	10.5025	7.006532824999999e-11	2.57493e-05	1.71663e-05	2.86103e-05	30.966
1202.3069	10.5065	7.009201345e-11	1.62126e-05	2.86104e-06	1.23978e-05	12.528
1203.7947	10.5105	7.011869865e-11	2.6703e-05	2.3842e-05	4.38693e-05	32.988
1205.2657	10.5145	7.014538385e-11	6.67575e-06	2.86103e-05	3.24252e-05	62.448
1207.0089	10.5185	7.017206904999999e-11	3.91009e-05	3.81473e-06	4.19619e-05	10.62
1208.5128	10.5225	7.019875425e-11	-3.14715e-05	3.81473e-06	2.6703e-05	175.71
1210.0321	10.5265	7.022543945e-11	3.81473e-06	-8.58313e-06	1.52589e-05	-12.726
1211.7907	10.5305	7.025212465e-11	-1.14442e-05	-5.72208e-06	5.72208e-06	161.568
1213.263	10.5345	7.027880985e-11	7.62945e-06	2.86104e-06	5.72208e-06	77.472
1214.7341	10.5385	7.030549505e-11	-6.67575e-06	4.86376e-05	5.24523e-05	97.122
1216.2052	10.5425	7.033218025e-11	-4.7684e-06	3.05178e-05	3.14715e-05	91.17
1217.6923	10.5465	7.035886544999999e-11	-9.53682e-07	2.86103e-05	3.05178e-05	111.126
1219.4676	10.5505	7.038555064999999e-11	-5.24523e-05	1.90736e-05	6.8665e-05	165.594
1220.9391	10.5545	7.041223585e-11	-6.8665e-05	-9.5368e-06	7.1526e-05	-175.236
1222.4109	10.5585	7.043892105e-11	-5.81744e-05	3.91009e-05	6.67577e-05	145.98
1223.8982	10.5625	7.046560625e-11	-3.52862e-05	8.58313e-06	3.52862e-05	163.608
1225.3858	10.5665	7.049229145e-11	-1.33515e-05	4.38693e-05	4.57766e-05	106.062
1227.129	10.5705	7.051897665e-11	-3.24252e-05	2.6703e-05	4.29156e-05	132.564
1228.6163	10.5745	7.054566184999999e-11	-2.28883e-05	-1.81199e-05	2.9564e-05	-138.69
1230.1028	10.5785	7.057234704999999e-11	-3.43325e-05	-5.6267e-05	5.9128e-05	-107.796
1231.6069	10.5825	7.059903224999999e-11	-1.71663e-05	1.04905e-05	2.19346e-05	159.078
1233.0943	10.5865	7.062571744999999e-11	-1.43052e-05	-6.67575e-06	1.71663e-05	-165.468
1234.5654	10.5905	7.065240265e-11	2.19346e-05	-4.10082e-05	4.38693e-05	-75.75
1236.053	10.5945	7.067908785e-11	1.71663e-05	1.71663e-05	2.28883e-05	60.462
1237.8117	10.5985	7.070577305e-11	1.43052e-05	-1.33515e-05	1.71663e-05	-60.252
1239.2993	10.6025	7.073245824999999e-11	9.5368e-06	2.9564e-05	2.47956e-05	86.31
1240.7868	10.6065	7.075914345e-11	-4.00546e-05	2.6703e-05	4.19619e-05	134.328
1242.2578	10.6105	7.078582865e-11	0.0	1.23978e-05	1.14442e-05	90.0
1243.7451	10.6145	7.081251384999999e-11	3.81473e-06	-2.86104e-06	1.04905e-05	-27.756
1245.4888	10.6185	7.083919904999999e-11	-2.86103e-05	3.24252e-05	3.71935e-05	110.808
1246.9767	10.6225	7.086588425e-11	-1.71663e-05	1.90736e-06	1.71663e-05	173.418
1248.4795	10.6265	7.089256945e-11	-6.67575e-06	1.04905e-05	1.04905e-05	94.398
1250.2387	10.6305	7.091925465e-11	-5.81744e-05	1.90736e-06	5.43597e-05	174.936
1251.7257	10.6345	7.094593984999999e-11	-2.47956e-05	1.90736e-05	2.9564e-05	141.342
1253.214	10.6385	7.097262505e-11	-2.00273e-05	-7.62945e-06	1.71663e-05	-160.824
1254.6855	10.6425	7.099931025e-11	-2.47956e-05	-2.47956e-05	3.52862e-05	-125.79
1256.1559	10.6465	7.102599545e-11	-3.43325e-05	-1.33515e-05	3.91009e-05	-153.84
1257.9158	10.6505	7.105268064999998e-11	-8.58313e-06	-1.52589e-05	1.71663e-05	-100.884
1259.3867	10.6545	7.107936585e-11	-1.23978e-05	-1.23978e-05	1.71663e-05	-120.582
1260.8747	10.6585	7.110605105e-11	-5.72208e-06	9.5368e-06	5.72208e-06	63.438
1262.362	10.6625	7.113273624999999e-11	-4.7684e-06	2.76567e-05	2.86103e-05	87.456
1263.8329	10.6665	7.115942144999999e-11	1.52589e-05	1.62126e-05	2.19346e-05	51.582
1265.2886	10.6705	7.118610665e-11	3.91009e-05	9.5368e-06	4.00546e-05	20.556
1266.792	10.6745	7.121279185e-11	2.9564e-05	-1.04905e-05	3.33788e-05	-32.124
1268.5348	10.6785	7.123947705e-11	2.28883e-05	5.24523e-05	5.72207e-05	66.45
1270.022	10.6825	7.126616225e-11	-3.81473e-06	3.05178e-05	3.14715e-05	82.182
1271.5099	10.6865	7.129284745e-11	1.71663e-05	3.52862e-05	4.29156e-05	66.372
1272.9973	10.6905	7.131953264999999e-11	2.57493e-05	2.86103e-05	4.38693e-05	41.424
1274.4841	10.6945	7.134621784999999e-11	3.81473e-06	1.52589e-05	1.71663e-05	95.904
1276.2439	10.6985	7.137290304999999e-11	2.28883e-05	2.47956e-05	2.86103e-05	53.43
1277.7466	10.7025	7.139958825e-11	-5.72208e-06	2.86104e-06	2.86104e-06	-111.036
1279.2189	10.7065	7.142627345e-11	-4.38693e-05	-1.23978e-05	4.67303e-05	-173.658
1280.9932	10.7105	7.145295865e-11	-3.62399e-05	-5.72208e-06	3.62399e-05	-173.988
1282.4807	10.7145	7.147964385e-11	-6.67575e-06	-2.28883e-05	2.57493e-05	-104.352
1283.9523	10.7185	7.150632905e-11	-8.86922e-05	-2.3842e-05	9.82289e-05	-168.168
1285.4554	10.7225	7.153301424999999e-11	-7.24797e-05	8.58313e-06	6.77113e-05	169.026
1286.9275	10.7265	7.155969944999999e-11	-8.48775e-05	-3.62399e-05	9.25069e-05	-157.284
1288.6703	10.7305	7.158638464999999e-11	-5.24523e-05	-2.76567e-05	5.72207e-05	-158.574
1290.158	10.7345	7.161306985e-11	-9.25069e-05	-4.86376e-05	0.000106812	-153.12
1291.6451	10.7385	7.163975505e-11	-2.47956e-05	-3.33788e-05	4.29156e-05	-125.34
1293.133	10.7425	7.166644025e-11	-7.62944e-05	-4.7684e-06	7.1526e-05	-177.246
1294.604	10.7465	7.169312544999999e-11	-2.00273e-05	-2.76567e-05	3.05178e-05	-118.302
1296.0912	10.7505	7.171981065e-11	-3.33788e-05	-1.81199e-05	4.48229e-05	-146.748
1297.5948	10.7545	7.174649585e-11	-1.81199e-05	-4.48229e-05	4.95913e-05	-116.562
1299.3539	10.7585	7.177318105e-11	-5.14986e-05	-1.81199e-05	4.48229e-05	-150.69
1300.8251	10.7625	7.179986624999999e-11	-3.05178e-05	-2.76567e-05	3.81472e-05	-137.934
1302.2968	10.7665	7.182655145e-11	-4.00546e-05	3.71935e-05	5.43597e-05	135.498
1303.768	10.7705	7.185323665e-11	-1.33515e-05	-6.67575e-06	1.52589e-05	-145.716
1305.2391	10.7745	7.187992184999999e-11	-2.9564e-05	-3.43325e-05	4.48229e-05	-140.526
1306.9822	10.7785	7.190660704999999e-11	1.90736e-05	-2.9564e-05	4.19619e-05	-49.668
1308.486	10.7825	7.193329225e-11	1.23978e-05	-1.81199e-05	2.00273e-05	-47.724
1309.9574	10.7865	7.195997745e-11	-5.72208e-06	-3.05178e-05	2.9564e-05	-91.302
1311.7008	10.7905	7.198666265e-11	1.71663e-05	-7.62945e-06	1.52589e-05	5.442
1313.1716	10.7945	7.201334785e-11	3.62399e-05	5.72208e-06	3.43325e-05	10.206
1314.6589	10.7985	7.204003305e-11	2.0981e-05	1.33515e-05	2.19346e-05	48.654
1316.13	10.8025	7.206671825e-11	8.10628e-05	-2.86104e-06	7.91554e-05	1.482
1317.6018	10.8065	7.209340344999999e-11	3.91009e-05	-3.81473e-06	3.81472e-05	-11.31
1319.345	10.8105	7.212008864999999e-11	7.72481e-05	0.0	7.82018e-05	0.486
1320.8325	10.8145	7.214677385e-11	9.91826e-05	0.0	9.82289e-05	-0.39
1322.3356	10.8185	7.217345905e-11	7.24797e-05	3.81473e-06	6.5804e-05	-2.922
1323.8225	10.8225	7.220014425e-11	4.57766e-05	2.00273e-05	4.76839e-05	21.036
1325.31	10.8265	7.222682945e-11	4.10082e-05	8.58313e-06	4.19619e-05	9.75
1326.798	10.8305	7.225351465000001e-11	2.6703e-05	3.05178e-05	4.57766e-05	34.344
1328.2853	10.8345	7.228019984999999e-11	2.00273e-05	5.0545e-05	5.43597e-05	71.79
1330.044	10.8385	7.230688504999999e-11	1.23978e-05	3.81473e-06	1.52589e-05	34.992
1331.5314	10.8425	7.233357024999999e-11	2.19346e-05	3.33788e-05	4.48229e-05	48.888
1333.0194	10.8465	7.236025545e-11	-1.14442e-05	-1.04905e-05	1.04905e-05	-90.0
1334.5062	10.8505	7.238694065e-11	-1.04905e-05	4.7684e-06	7.62945e-06	147.996
1335.9939	10.8545	7.241362585e-11	1.90736e-05	-1.52589e-05	2.57493e-05	-44.028
1337.7373	10.8585	7.244031105e-11	-1.33515e-05	6.00817e-05	6.19893e-05	104.184
1339.2243	10.8625	7.246699625e-11	4.48229e-05	-1.33515e-05	4.57766e-05	-12.804
1340.7116	10.8665	7.249368145e-11	-9.5368e-06	1.90736e-05	1.90736e-05	94.086
1342.4547	10.8705	7.252036664999999e-11	2.28883e-05	-1.43052e-05	3.05178e-05	-24.942
1343.9421	10.8745	7.254705184999999e-11	4.76839e-05	-2.6703e-05	5.24523e-05	-26.898
1345.4294	10.8785	7.257373705e-11	4.57766e-05	5.72208e-06	5.53133e-05	13.422
1346.9335	10.8825	7.260042225e-11	8.58313e-06	-5.0545e-05	5.0545e-05	-80.772
1348.421	10.8865	7.262710745e-11	6.38966e-05	7.62945e-06	6.5804e-05	8.13
1350.1799	10.8905	7.265379264999999e-11	6.5804e-05	-1.14442e-05	7.05724e-05	-12.24
1351.6672	10.8945	7.268047785e-11	5.14986e-05	1.04905e-05	3.91009e-05	12.174
1353.1544	10.8985	7.270716305e-11	5.53133e-05	-7.62945e-06	6.19893e-05	-12.594
1354.6419	10.9025	7.273384825e-11	4.38693e-05	2.28883e-05	4.86376e-05	22.38
1356.1295	10.9065	7.276053345e-11	1.23978e-05	1.81199e-05	2.19346e-05	56.766
1357.617	10.9105	7.278721865e-11	5.24523e-05	2.57493e-05	5.9128e-05	25.71
1359.1043	10.9145	7.281390385e-11	1.90736e-05	-2.86104e-06	2.57493e-05	3.9
1360.8637	10.9185	7.284058904999999e-11	4.86376e-05	3.52862e-05	5.81744e-05	34.992
1362.3346	10.9225	7.286727424999999e-11	4.38693e-05	1.71663e-05	4.67303e-05	19.44
1363.8057	10.9265	7.289395945e-11	3.91009e-05	1.52589e-05	3.91009e-05	20.676
1365.2937	10.9305	7.292064465e-11	4.19619e-05	1.23978e-05	4.10082e-05	8.97
1366.7809	10.9345	7.294732985e-11	8.58312e-05	9.5368e-06	8.58312e-05	4.536
1368.524	10.9385	7.297401505e-11	3.05178e-05	2.00273e-05	3.33788e-05	20.28
1370.0111	10.9425	7.300070025e-11	6.19893e-05	4.38693e-05	7.53407e-05	36.066
1371.499	10.9465	7.302738545e-11	6.5804e-05	-9.5368e-06	7.05724e-05	-1.59
1373.258	10.9505	7.305407064999999e-11	7.43871e-05	-2.47956e-05	7.43871e-05	-20.07
1374.7292	10.9545	7.308075584999999e-11	3.33788e-05	-3.81473e-06	3.71935e-05	-12.306
1376.2328	10.9585	7.310744105e-11	2.86103e-05	4.00546e-05	5.0545e-05	51.924
1377.7203	10.9625	7.313412625e-11	2.86103e-05	1.23978e-05	3.05178e-05	26.028
1379.191	10.9665	7.316081145e-11	1.52589e-05	1.52589e-05	1.62126e-05	61.188
1380.9344	10.9705	7.318749665e-11	2.86103e-05	-1.04905e-05	3.24252e-05	-17.7
1382.4215	10.9745	7.321418185000001e-11	1.71663e-05	4.76839e-05	4.86376e-05	64.176
1383.9092	10.9785	7.324086705e-11	2.86104e-06	5.53133e-05	5.72207e-05	89.334
1385.3969	10.9825	7.326755224999999e-11	-3.43325e-05	1.23978e-05	3.43325e-05	151.992
1386.8994	10.9865	7.329423744999999e-11	-5.53133e-05	1.14442e-05	5.6267e-05	175.122
1388.3874	10.9905	7.332092265e-11	-2.00273e-05	1.14442e-05	2.00273e-05	153.438
1389.8742	10.9945	7.334760785e-11	-3.71935e-05	1.52589e-05	4.19619e-05	153.438
1391.618	10.9985	7.337429305e-11	-6.8665e-05	-2.28883e-05	6.96187e-05	-164.448
1393.105	11.0025	7.340097825e-11	-2.9564e-05	2.47956e-05	4.38693e-05	148.338
1394.6082	11.0065	7.342766345e-11	-6.77113e-05	-4.86376e-05	7.72481e-05	-143.976
1396.0961	11.0105	7.345434865e-11	-5.6267e-05	-1.71663e-05	6.00817e-05	-158.874
1397.5987	11.0145	7.348103385e-11	-2.86104e-06	1.90736e-06	6.67575e-06	176.184
1399.374	11.0185	7.350771904999999e-11	-0.000104905	-3.81472e-05	0.000107766	-162.348
1400.8621	11.0225	7.353440425e-11	-7.05724e-05	-7.62945e-06	6.67577e-05	-174.642
1402.3647	11.0265	7.356108945e-11	-0.000128747	-2.3842e-05	0.000125886	-172.224
1404.1247	11.0305	7.358777465e-11	-0.000102044	-2.19346e-05	0.000103951	-166.32
1405.596	11.0345	7.361445984999999e-11	-0.000104905	3.71935e-05	0.000112534	162.09
1407.0835	11.0385	7.364114505e-11	-0.000122071	-2.19346e-05	0.000118256	-171.306
1408.586	11.0425	7.366783025e-11	-9.15532e-05	4.7684e-06	8.77385e-05	178.224
1410.0741	11.0465	7.369451545e-11	-9.53679e-05	0.0	0.000106812	179.316
1411.8175	11.0505	7.372120065e-11	-0.000157357	-6.67575e-06	0.00014782	-176.586
1413.2891	11.0545	7.374788585e-11	-9.72752e-05	-2.86104e-06	9.44142e-05	178.386
1414.8084	11.0585	7.377457105e-11	-0.000131608	1.04905e-05	0.000127793	171.486
1416.2798	11.0625	7.380125624999999e-11	-9.82289e-05	-4.29156e-05	0.000106812	-158.328
1417.767	11.0665	7.382794144999999e-11	-5.6267e-05	9.5368e-06	5.72207e-05	170.958
1419.5425	11.0705	7.385462664999999e-11	-5.0545e-05	0.0	4.57766e-05	173.19
1421.0299	11.0745	7.388131185e-11	-8.01091e-05	2.3842e-05	7.91554e-05	158.994
1422.5009	11.0785	7.390799705e-11	-2.28883e-05	3.05178e-05	3.71935e-05	130.488
1423.9724	11.0825	7.393468225e-11	-1.14442e-05	8.58313e-06	1.71663e-05	147.378
1425.4598	11.0865	7.396136745e-11	1.52589e-05	-1.33515e-05	2.0981e-05	-30.648
1426.9471	11.0905	7.398805264999999e-11	-9.5368e-06	-2.6703e-05	2.3842e-05	-92.046
1428.4347	11.0945	7.401473784999999e-11	9.5368e-06	1.23978e-05	1.52589e-05	62.358
1430.178	11.0985	7.404142304999999e-11	2.19346e-05	6.8665e-05	7.53407e-05	68.928
1431.6331	11.1025	7.406810824999999e-11	7.1526e-05	5.24523e-05	9.05995e-05	34.272
1433.1047	11.1065	7.409479345e-11	3.71935e-05	5.9128e-05	6.96187e-05	59.508
1434.5762	11.1105	7.412147865e-11	8.48775e-05	3.52862e-05	9.44142e-05	23.88
1436.0635	11.1145	7.414816385e-11	0.000100136	3.91009e-05	0.000103951	23.1
1437.8228	11.1185	7.417484905e-11	0.000104905	8.67848e-05	0.000138284	36.978
1439.3101	11.1225	7.420153425e-11	8.86922e-05	4.10082e-05	9.53679e-05	24.804
1440.7974	11.1265	7.422821944999999e-11	0.000106812	5.14986e-05	0.000115395	22.416
1442.5405	11.1305	7.425490464999999e-11	0.000159265	7.91554e-05	0.000176431	23.832
1444.0275	11.1345	7.428158984999999e-11	0.000120163	8.58312e-05	0.000149728	32.916
1445.5155	11.1385	7.430827505e-11	8.48775e-05	0.000108719	0.000139237	53.892
1446.987	11.1425	7.433496025e-11	0.000134469	9.15532e-05	0.00016594	33.06
1448.4584	11.1465	7.436164545e-11	5.9128e-05	5.53133e-05	8.20165e-05	45.972
1450.2014	11.1505	7.438833064999999e-11	7.72481e-05	9.72752e-05	0.000123025	52.26
1451.6731	11.1545	7.441501585e-11	5.9128e-05	7.72481e-05	9.63216e-05	46.146
1453.1602	11.1585	7.444170105e-11	9.5368e-06	1.62126e-05	1.90736e-05	88.266
1454.6639	11.1625	7.446838625e-11	-2.3842e-05	6.5804e-05	6.77113e-05	113.904
1456.1672	11.1665	7.449507144999999e-11	2.6703e-05	2.9564e-05	4.10082e-05	47.604
1457.6546	11.1705	7.452175665e-11	-4.10082e-05	-9.53682e-07	5.14986e-05	175.914
1459.142	11.1745	7.454844185e-11	-2.28883e-05	-1.43052e-05	2.6703e-05	-161.994
1460.8852	11.1785	7.457512704999999e-11	3.81473e-06	2.86103e-05	3.14715e-05	102.756
1462.3563	11.1825	7.460181224999999e-11	1.81199e-05	-3.52862e-05	3.91009e-05	-59.742
1463.828	11.1865	7.462849745e-11	1.23978e-05	-1.62126e-05	1.71663e-05	-52.122
1465.2994	11.1905	7.465518265e-11	-1.33515e-05	-4.7684e-06	1.52589e-05	-169.692
1466.7861	11.1945	7.468186785e-11	1.23978e-05	-7.91554e-05	7.62944e-05	-86.424
1468.529	11.1985	7.470855305e-11	5.6267e-05	-4.67303e-05	6.38966e-05	-41.796
1470.0333	11.2025	7.473523825e-11	5.72207e-05	0.0	4.38693e-05	-1.08
1471.5527	11.2065	7.476192344999999e-11	8.48775e-05	-4.95913e-05	9.05995e-05	-29.748
1473.3116	11.2105	7.478860864999999e-11	4.86376e-05	-3.81472e-05	6.48503e-05	-26.562
1474.7993	11.2145	7.481529384999999e-11	5.53133e-05	2.86103e-05	6.77113e-05	24.126
1476.286	11.2185	7.484197905e-11	5.0545e-05	5.72208e-06	5.72207e-05	3.9
1477.7581	11.2225	7.486866425e-11	0.00010109	6.77113e-05	0.000127793	28.8
1479.2297	11.2265	7.489534945e-11	9.82289e-05	-1.81199e-05	0.000104905	-10.464
1480.9728	11.2305	7.492203465e-11	7.34334e-05	1.04905e-05	7.34334e-05	9.888
1482.4601	11.2345	7.494871985e-11	6.77113e-05	1.43052e-05	7.72481e-05	14.604
1483.9636	11.2385	7.497540504999999e-11	8.96459e-05	6.2943e-05	0.000108719	33.096
1485.451	11.2425	7.500209024999999e-11	6.5804e-05	-1.33515e-05	6.77113e-05	-12.828
1486.9223	11.2465	7.502877544999999e-11	4.38693e-05	2.3842e-05	4.86376e-05	27.936
1488.3934	11.2505	7.505546065e-11	2.3842e-05	6.19893e-05	6.10356e-05	68.712
1489.8651	11.2545	7.508214585e-11	3.81473e-06	-3.81473e-06	6.67575e-06	-34.992
1491.6242	11.2585	7.510883105e-11	2.76567e-05	-6.67575e-06	2.86103e-05	1.332
1493.1275	11.2625	7.513551624999999e-11	1.23978e-05	4.00546e-05	4.19619e-05	74.178
1494.6151	11.2665	7.516220145e-11	1.23978e-05	2.19346e-05	2.19346e-05	64.98
1496.1021	11.2705	7.518888665e-11	-1.33515e-05	-7.62945e-06	1.23978e-05	-124.506
1497.6053	11.2745	7.521557184999999e-11	-6.67577e-05	1.04905e-05	7.43871e-05	164.322
1499.3489	11.2785	7.524225704999999e-11	-4.29156e-05	-9.5368e-06	4.38693e-05	-161.832
1500.836	11.2825	7.526894225e-11	-8.96459e-05	-2.0981e-05	8.39238e-05	-167.004
1502.3238	11.2865	7.529562745e-11	-7.1526e-05	3.81473e-06	7.43871e-05	177.444
1504.0989	11.2905	7.532231265e-11	-5.0545e-05	-9.53682e-07	5.0545e-05	-170.292
1505.5701	11.2945	7.534899784999999e-11	-6.96187e-05	2.6703e-05	7.53407e-05	164.124
1507.0411	11.2985	7.537568305e-11	-6.2943e-05	-2.47956e-05	7.05724e-05	-157.818
1508.5289	11.3025	7.540236825e-11	-2.57493e-05	1.90736e-05	2.86103e-05	147.846
1510.0159	11.3065	7.542905345e-11	-3.43325e-05	0.0	2.28883e-05	159.864
1511.7916	11.3105	7.545573865e-11	-1.04905e-05	-2.00273e-05	1.71663e-05	-112.38
1513.2791	11.3145	7.548242385e-11	4.48229e-05	-1.04905e-05	4.86376e-05	-17.268
1514.7663	11.3185	7.550910905e-11	3.24252e-05	-2.00273e-05	4.00546e-05	-26.148
1516.2538	11.3225	7.553579424999999e-11	3.05178e-05	-1.71663e-05	3.24252e-05	-31.374
1517.741	11.3265	7.556247944999999e-11	5.43597e-05	1.90736e-06	4.86376e-05	2.562
1519.212	11.3305	7.558916465e-11	4.86376e-05	-1.52589e-05	4.86376e-05	-21.372
1520.6999	11.3345	7.561584985e-11	7.24797e-05	2.3842e-05	8.29701e-05	16.314
1522.4592	11.3385	7.564253505e-11	8.39238e-05	2.9564e-05	7.62944e-05	24.018
1523.9305	11.3425	7.566922025e-11	6.00817e-05	4.19619e-05	7.34334e-05	37.692
1525.4171	11.3465	7.569590545e-11	4.38693e-05	2.86103e-05	5.43597e-05	30.102
1526.9049	11.3505	7.572259064999999e-11	5.81744e-05	5.24523e-05	7.62944e-05	38.334
1528.3928	11.3545	7.574927584999999e-11	3.91009e-05	4.67303e-05	5.9128e-05	56.136
1530.136	11.3585	7.577596104999999e-11	4.10082e-05	3.91009e-05	5.72207e-05	43.578
1531.6229	11.3625	7.580264625e-11	-1.81199e-05	1.62126e-05	2.19346e-05	128.928
1533.1263	11.3665	7.582933145e-11	1.04905e-05	7.62944e-05	7.53407e-05	77.868