Time (s) 	 Position (mm) 	 Delay (s) 	 X 	 Y 	 R 	 theta 
#Without Preamplifier,Fluence with Filter (NE03A-B), ZnTe detector angle 40deg, Chopper 230Hz, time constant=0.1s 18dB, waiting time= 0.9s, sensitivity=20mV
1.4694	7.5635	5.045837755e-11	-1.14442e-05	2.3842e-05	2.86103e-05	129.288
3.0048	7.5675	5.048506275e-11	-2.00273e-05	-2.3842e-05	2.57493e-05	-122.472
4.4762	7.5715	5.051174795e-11	0.0	-4.57766e-05	4.57766e-05	-88.338
5.979	7.5755	5.0538433149999996e-11	-2.6703e-05	-3.81473e-06	2.57493e-05	-163.446
7.4669	7.5795	5.056511835e-11	7.62945e-06	2.57493e-05	2.76567e-05	91.302
8.9543	7.5835	5.059180355e-11	-1.81199e-05	4.76839e-05	5.6267e-05	120.3
10.4257	7.5875	5.061848875e-11	1.62126e-05	1.04905e-05	1.71663e-05	36.87
11.8962	7.5915	5.0645173949999995e-11	9.53682e-07	1.81199e-05	1.81199e-05	60.75
13.3844	7.5955	5.067185915e-11	-1.71663e-05	1.90736e-05	2.19346e-05	125.31
14.8878	7.5995	5.069854435e-11	-3.81472e-05	-1.33515e-05	4.38693e-05	-153.084
16.359	7.6035	5.072522955e-11	-2.0981e-05	1.90736e-06	1.90736e-05	159.678
18.1023	7.6075	5.0751914749999995e-11	2.19346e-05	-1.14442e-05	2.6703e-05	-30.258
19.5899	7.6115	5.077859995e-11	-1.14442e-05	8.58313e-06	1.52589e-05	146.31
21.093	7.6155	5.080528515e-11	5.81744e-05	2.86103e-05	6.2943e-05	27.696
22.5646	7.6195	5.083197035e-11	9.53682e-07	2.28883e-05	2.57493e-05	81.348
24.0357	7.6235	5.0858655549999994e-11	2.19346e-05	2.9564e-05	3.24252e-05	70.77
25.5232	7.6275	5.088534075e-11	-2.3842e-05	1.62126e-05	2.86103e-05	137.046
27.0106	7.6315	5.0912025949999997e-11	2.19346e-05	-1.52589e-05	2.9564e-05	-26.562
28.4816	7.6355	5.093871115e-11	0.0	3.24252e-05	3.05178e-05	99.864
29.9534	7.6395	5.096539635e-11	6.67577e-05	3.14715e-05	7.24797e-05	32.514
31.4247	7.6435	5.099208155e-11	3.91009e-05	-2.86104e-06	3.43325e-05	0.0
32.9122	7.6475	5.1018766749999996e-11	-9.5368e-06	5.72208e-06	1.62126e-05	169.506
34.383	7.6515	5.104545195e-11	2.3842e-05	4.00546e-05	4.10082e-05	60.126
35.871	7.6555	5.107213715e-11	2.19346e-05	-3.81472e-05	4.48229e-05	-51.606
37.3581	7.6595	5.109882235e-11	4.10082e-05	4.10082e-05	5.9128e-05	36.36
38.8455	7.6635	5.1125507549999995e-11	-5.72208e-06	3.24252e-05	3.62399e-05	103.572
40.3329	7.6675	5.115219275e-11	2.28883e-05	6.67575e-06	2.86103e-05	19.656
41.8353	7.6715	5.117887795e-11	-4.7684e-06	5.72208e-06	5.72208e-06	26.562
43.3075	7.6755	5.120556315e-11	4.7684e-06	1.52589e-05	1.71663e-05	83.658
44.8111	7.6795	5.1232248349999995e-11	-1.71663e-05	1.52589e-05	2.3842e-05	135.0
46.2821	7.6835	5.125893355e-11	1.81199e-05	3.71935e-05	4.19619e-05	64.656
47.7537	7.6875	5.128561875e-11	2.19346e-05	-8.58313e-06	2.3842e-05	-24.444
49.2411	7.6915	5.1312303949999996e-11	3.81473e-06	-1.81199e-05	1.52589e-05	-78.69
50.7123	7.6955	5.133898915e-11	-2.86104e-06	8.58313e-06	9.5368e-06	100.008
52.4547	7.6995	5.136567434999999e-11	7.62945e-06	2.86104e-06	1.14442e-05	11.886
53.9423	7.7035	5.1392359549999997e-11	2.6703e-05	1.71663e-05	4.38693e-05	13.056
55.7013	7.7075	5.1419044749999995e-11	-6.67575e-06	-9.5368e-06	1.23978e-05	-136.848
57.1895	7.7115	5.144572995e-11	-2.47956e-05	2.47956e-05	3.71935e-05	142.548
58.6931	7.7155	5.147241515e-11	1.23978e-05	3.81473e-06	1.04905e-05	24.444
60.1804	7.7195	5.1499100349999996e-11	3.81473e-06	8.58313e-06	1.43052e-05	11.31
61.6678	7.7235	5.1525785549999994e-11	1.52589e-05	3.05178e-05	3.05178e-05	66.45
63.1391	7.7275	5.155247075e-11	-5.72208e-06	-2.86104e-06	3.81473e-06	149.034
64.6105	7.7315	5.157915595e-11	3.81473e-06	2.19346e-05	1.90736e-05	83.658
66.0979	7.7355	5.1605841149999995e-11	0.0	-1.33515e-05	1.23978e-05	-64.8
67.8572	7.7395	5.1632526349999993e-11	-1.33515e-05	-2.86104e-06	2.3842e-05	-177.396
69.3445	7.7435	5.165921155e-11	-1.62126e-05	1.81199e-05	2.19346e-05	128.928
71.0718	7.7475	5.1685896749999996e-11	-9.53682e-07	-3.81473e-06	4.7684e-06	-84.804
72.5428	7.7515	5.171258195e-11	2.00273e-05	2.28883e-05	2.57493e-05	62.7
74.0146	7.7555	5.173926714999999e-11	2.28883e-05	3.81473e-06	2.57493e-05	17.526
75.5017	7.7595	5.176595235e-11	8.58313e-06	0.0	1.52589e-05	-4.236
76.9887	7.7635	5.1792637549999995e-11	1.04905e-05	2.0981e-05	2.47956e-05	71.994
78.4766	7.7675	5.181932275e-11	1.62126e-05	-1.52589e-05	1.71663e-05	-37.878
79.948	7.7715	5.184600794999999e-11	2.0981e-05	-4.7684e-06	1.81199e-05	-23.502
81.4193	7.7755	5.1872693149999997e-11	3.71935e-05	-9.53682e-07	3.52862e-05	2.244
83.1947	7.7795	5.1899378349999995e-11	-4.48229e-05	4.19619e-05	5.43597e-05	124.548
84.666	7.7835	5.192606355e-11	1.62126e-05	2.6703e-05	2.9564e-05	53.976
86.4093	7.7875	5.195274875e-11	-1.62126e-05	3.71935e-05	4.48229e-05	120.03
87.8807	7.7915	5.1979433949999996e-11	1.33515e-05	-2.47956e-05	2.76567e-05	-50.712
89.352	7.7955	5.2006119149999994e-11	4.00546e-05	1.90736e-06	4.00546e-05	3.816
90.8235	7.7995	5.203280435e-11	1.23978e-05	-2.47956e-05	2.3842e-05	-74.748
92.3111	7.8035	5.205948955e-11	-5.14986e-05	-2.19346e-05	5.0545e-05	-154.11
93.7982	7.8075	5.2086174749999995e-11	1.52589e-05	7.62945e-06	2.00273e-05	0.0
95.3018	7.8115	5.2112859949999993e-11	4.38693e-05	2.86104e-06	4.38693e-05	5.358
96.789	7.8155	5.213954515e-11	3.81473e-06	-2.6703e-05	2.57493e-05	-79.824
98.5637	7.8195	5.2166230349999996e-11	-5.72208e-06	5.72208e-06	5.72208e-06	48.816
100.0359	7.8235	5.219291555e-11	-1.71663e-05	5.24523e-05	5.43597e-05	107.988
101.8109	7.8275	5.221960074999999e-11	-2.28883e-05	2.28883e-05	3.24252e-05	143.13
103.2824	7.8315	5.224628595e-11	1.23978e-05	-2.86104e-06	1.43052e-05	-35.538
104.7531	7.8355	5.2272971149999995e-11	2.57493e-05	3.81473e-06	2.0981e-05	15.642
106.2413	7.8395	5.229965635e-11	5.72208e-06	-1.90736e-06	2.86104e-06	33.69
107.7285	7.8435	5.232634155e-11	-1.81199e-05	-2.00273e-05	2.57493e-05	-100.542
109.2154	7.8475	5.2353026749999996e-11	2.86104e-06	-9.53682e-07	1.90736e-06	119.052
110.9753	7.8515	5.2379711949999995e-11	8.58313e-06	-1.14442e-05	1.33515e-05	-52.596
112.4627	7.8555	5.240639715e-11	-9.5368e-06	7.62945e-06	1.04905e-05	138.366
114.2056	7.8595	5.243308235e-11	-2.00273e-05	8.58313e-06	2.3842e-05	156.036
115.6933	7.8635	5.2459767549999996e-11	-1.71663e-05	-2.47956e-05	2.47956e-05	-91.506
117.4527	7.8675	5.2486452749999994e-11	-1.81199e-05	9.53682e-07	1.52589e-05	174.804
118.94	7.8715	5.251313795e-11	-2.00273e-05	1.90736e-06	1.33515e-05	171.03
120.4273	7.8755	5.2539823149999997e-11	-2.00273e-05	3.33788e-05	3.52862e-05	114.864
121.8979	7.8795	5.256650835e-11	7.62945e-06	-2.28883e-05	2.47956e-05	-65.322
123.386	7.8835	5.259319354999999e-11	1.71663e-05	2.57493e-05	3.24252e-05	83.658
124.8893	7.8875	5.261987875e-11	4.48229e-05	9.53682e-07	4.67303e-05	0.816
126.376	7.8915	5.2646563949999996e-11	-2.28883e-05	9.5368e-06	1.81199e-05	158.628
127.8641	7.8955	5.267324915e-11	8.58313e-06	3.05178e-05	3.52862e-05	76.704
129.3352	7.8995	5.269993434999999e-11	8.58313e-06	6.67575e-06	1.23978e-05	48.816
130.8229	7.9035	5.272661955e-11	8.58313e-06	-1.90736e-06	1.23978e-05	21.372
132.3262	7.9075	5.2753304749999995e-11	2.57493e-05	-9.5368e-06	2.6703e-05	-28.392
133.8137	7.9115	5.277998995e-11	1.90736e-05	2.19346e-05	2.86103e-05	39.474
135.3011	7.9155	5.280667515e-11	1.90736e-05	6.67575e-06	2.57493e-05	5.196
136.7881	7.9195	5.2833360349999996e-11	1.04905e-05	4.86376e-05	5.3406e-05	76.608
138.2757	7.9235	5.2860045549999995e-11	9.5368e-06	3.52862e-05	3.71935e-05	96.654
139.7465	7.9275	5.288673075e-11	2.47956e-05	-2.86103e-05	3.71935e-05	-56.31
141.2347	7.9315	5.291341595e-11	2.19346e-05	-4.10082e-05	4.38693e-05	-66.318
142.7062	7.9355	5.2940101149999996e-11	3.91009e-05	-6.67575e-06	3.81472e-05	-13.782
144.1774	7.9395	5.2966786349999994e-11	-3.81473e-06	2.00273e-05	2.0981e-05	119.052
145.6648	7.9435	5.299347155e-11	1.62126e-05	5.72208e-06	1.04905e-05	60.252
147.152	7.9475	5.3020156749999997e-11	-3.62399e-05	1.90736e-06	2.19346e-05	169.506
148.6393	7.9515	5.304684195e-11	1.43052e-05	2.86104e-06	1.04905e-05	-4.086
150.1109	7.9555	5.307352714999999e-11	3.81473e-06	-3.81473e-06	1.04905e-05	8.532
151.598	7.9595	5.310021235e-11	-4.76839e-05	-3.52862e-05	5.53133e-05	-147.918
153.07	7.9635	5.3126897549999996e-11	1.04905e-05	1.52589e-05	1.23978e-05	90.0
154.5893	7.9675	5.315358275e-11	5.53133e-05	-5.6267e-05	7.62944e-05	-47.292
156.0761	7.9715	5.318026795e-11	3.62399e-05	-3.14715e-05	4.19619e-05	-49.71
157.5481	7.9755	5.320695315e-11	-1.43052e-05	5.72208e-06	1.71663e-05	152.526
159.0353	7.9795	5.3233638349999995e-11	3.81473e-06	1.90736e-06	6.67575e-06	45.0
160.538	7.9835	5.326032355e-11	-1.62126e-05	-1.81199e-05	2.00273e-05	-104.472
162.0104	7.9875	5.328700875e-11	-1.33515e-05	1.52589e-05	2.3842e-05	139.086
163.4975	7.9915	5.3313693949999996e-11	4.19619e-05	-2.0981e-05	4.86376e-05	-24.774
164.9851	7.9955	5.3340379149999994e-11	-3.05178e-05	1.81199e-05	3.43325e-05	134.214
166.4721	7.9995	5.336706435e-11	-1.33515e-05	3.24252e-05	3.71935e-05	109.902
167.9438	8.0035	5.3393749550000004e-11	0.0	2.86104e-06	1.90736e-06	146.31
169.4313	8.0075	5.342043475e-11	1.90736e-05	-1.71663e-05	2.3842e-05	-54.09
170.9182	8.0115	5.3447119949999994e-11	5.0545e-05	2.19346e-05	4.76839e-05	38.016
172.4053	8.0155	5.347380514999999e-11	-6.67575e-06	-9.53682e-07	8.58313e-06	162.9
173.893	8.0195	5.350049035e-11	1.04905e-05	-3.81473e-06	1.23978e-05	-43.266
175.3963	8.0235	5.352717555e-11	-1.43052e-05	6.67575e-06	1.04905e-05	120.966
177.14	8.0275	5.355386075e-11	1.90736e-05	1.52589e-05	2.19346e-05	56.766
178.6275	8.0315	5.358054594999999e-11	1.04905e-05	1.23978e-05	1.23978e-05	92.604
180.1148	8.0355	5.360723115e-11	-2.47956e-05	-1.23978e-05	1.71663e-05	-139.086
181.5861	8.0395	5.363391635e-11	1.90736e-06	9.53682e-07	5.72208e-06	50.712
183.0728	8.0435	5.366060155e-11	2.57493e-05	1.71663e-05	4.29156e-05	25.116
184.5446	8.0475	5.368728674999999e-11	-3.43325e-05	-1.43052e-05	3.81472e-05	-168.888
186.032	8.0515	5.371397195e-11	1.23978e-05	1.71663e-05	2.28883e-05	64.092
187.5195	8.0555	5.374065715e-11	-3.62399e-05	4.95913e-05	5.9128e-05	126.078
189.263	8.0595	5.376734235e-11	-2.6703e-05	4.7684e-06	2.3842e-05	178.452
190.7343	8.0635	5.3794027549999996e-11	4.86376e-05	-2.28883e-05	6.00817e-05	-13.134
192.2215	8.0675	5.382071275e-11	-1.14442e-05	-5.72208e-06	9.5368e-06	-135.0
193.7252	8.0715	5.384739795e-11	4.86376e-05	2.6703e-05	6.38966e-05	19.536
195.2125	8.0755	5.387408315e-11	-4.7684e-06	-2.9564e-05	2.57493e-05	-79.284
196.699	8.0795	5.3900768349999995e-11	-2.0981e-05	-1.90736e-06	2.19346e-05	-162.648
198.2029	8.0835	5.392745355e-11	-2.3842e-05	1.71663e-05	3.62399e-05	149.382
199.6905	8.0875	5.395413875e-11	3.05178e-05	-8.58313e-06	3.43325e-05	-21.192
201.1779	8.0915	5.3980823949999996e-11	1.90736e-06	1.90736e-06	3.81473e-06	-29.748
202.6646	8.0955	5.4007509149999995e-11	-1.33515e-05	-1.04905e-05	1.52589e-05	-177.276
204.1527	8.0995	5.4034194350000006e-11	-4.86376e-05	-3.81473e-06	4.57766e-05	-170.676
205.64	8.1035	5.406087955e-11	-4.7684e-06	-7.62945e-06	6.67575e-06	-125.538
207.3832	8.1075	5.4087564749999996e-11	2.86104e-06	4.57766e-05	4.76839e-05	84.45
208.8867	8.1115	5.4114249949999994e-11	-1.33515e-05	7.62945e-06	1.52589e-05	160.824
210.3741	8.1155	5.4140935150000005e-11	-2.86104e-06	1.81199e-05	1.90736e-05	68.196
211.8609	8.1195	5.4167620349999997e-11	-2.28883e-05	-3.81473e-06	3.24252e-05	-169.08
213.3323	8.1235	5.4194305549999995e-11	-1.43052e-05	-3.71935e-05	4.00546e-05	-116.982
215.0763	8.1275	5.422099074999999e-11	-6.67575e-06	5.72208e-06	1.23978e-05	146.976
216.5795	8.1315	5.4247675950000004e-11	-1.62126e-05	-9.5368e-06	1.62126e-05	-127.302
218.0509	8.1355	5.427436115e-11	1.04905e-05	-5.14986e-05	4.86376e-05	-78.024
219.7942	8.1395	5.4301046349999994e-11	-2.0981e-05	2.3842e-05	2.86103e-05	123.69
221.2969	8.1435	5.432773154999999e-11	5.72208e-06	3.81473e-06	1.71663e-05	16.698
222.769	8.1475	5.4354416750000004e-11	1.33515e-05	1.52589e-05	2.28883e-05	47.202
224.272	8.1515	5.438110195e-11	-2.3842e-05	-3.14715e-05	2.76567e-05	-112.992
225.7758	8.1555	5.440778715e-11	4.7684e-06	5.0545e-05	5.0545e-05	96.168
227.2629	8.1595	5.443447234999999e-11	-2.86103e-05	2.3842e-05	3.24252e-05	122.658
228.7498	8.1635	5.446115755e-11	4.48229e-05	-1.33515e-05	4.67303e-05	-8.016
230.2214	8.1675	5.448784275e-11	-1.23978e-05	-2.86104e-06	1.04905e-05	-158.964
231.709	8.1715	5.451452795e-11	-1.81199e-05	2.00273e-05	2.00273e-05	142.596
233.1808	8.1755	5.454121314999999e-11	-2.0981e-05	-4.7684e-06	2.00273e-05	178.152
234.667	8.1795	5.456789835e-11	-2.00273e-05	2.19346e-05	2.9564e-05	148.626
236.1715	8.1835	5.459458355e-11	-6.00817e-05	-3.43325e-05	6.19893e-05	-148.8
237.658	8.1875	5.462126875e-11	-6.67575e-06	-3.05178e-05	2.86103e-05	-95.712
239.162	8.1915	5.4647953949999997e-11	5.72208e-06	-9.53682e-07	2.86104e-06	-123.69
240.6493	8.1955	5.467463914999999e-11	1.90736e-06	2.28883e-05	2.28883e-05	88.452
242.1368	8.1995	5.470132435e-11	2.19346e-05	3.81473e-06	2.00273e-05	20.136
243.6243	8.2035	5.472800955e-11	-2.00273e-05	3.71935e-05	4.19619e-05	113.43
245.4156	8.2075	5.4754694749999996e-11	-1.81199e-05	-1.33515e-05	2.0981e-05	-145.176
246.9187	8.2115	5.4781379949999994e-11	2.9564e-05	1.23978e-05	3.52862e-05	23.202
248.3895	8.2155	5.480806515e-11	1.90736e-05	-2.3842e-05	2.76567e-05	-72.408
249.8617	8.2195	5.483475035e-11	-2.47956e-05	2.3842e-05	3.71935e-05	138.45
251.3324	8.2235	5.4861435549999995e-11	-3.81473e-06	8.58313e-06	1.23978e-05	158.748
253.0761	8.2275	5.4888120749999993e-11	2.6703e-05	-4.7684e-06	2.3842e-05	-19.98
254.5476	8.2315	5.491480595e-11	-2.00273e-05	4.95913e-05	4.86376e-05	115.428
256.0189	8.2355	5.4941491149999996e-11	3.33788e-05	-1.14442e-05	2.86103e-05	-27.822
257.5225	8.2395	5.4968176349999994e-11	-1.14442e-05	1.52589e-05	2.28883e-05	131.634
259.0095	8.2435	5.499486154999999e-11	1.43052e-05	2.86103e-05	3.05178e-05	61.782
260.513	8.2475	5.502154675e-11	2.86104e-06	-7.62945e-06	1.04905e-05	-9.09
262.0005	8.2515	5.5048231949999995e-11	1.04905e-05	-2.00273e-05	2.3842e-05	-52.524
263.5039	8.2555	5.5074917149999994e-11	-1.33515e-05	9.5368e-06	1.81199e-05	125.754
265.2791	8.2595	5.510160234999999e-11	2.86103e-05	-2.00273e-05	3.71935e-05	-27.798
266.7666	8.2635	5.512828755e-11	-3.81473e-06	-4.57766e-05	4.57766e-05	-101.142
268.2375	8.2675	5.5154972749999995e-11	8.58313e-06	2.6703e-05	2.9564e-05	81.162
269.7405	8.2715	5.518165794999999e-11	6.67575e-06	1.04905e-05	1.43052e-05	62.358
271.2448	8.2755	5.520834314999999e-11	8.58313e-06	3.71935e-05	3.71935e-05	80.538
272.7321	8.2795	5.523502835e-11	-9.53682e-07	1.04905e-05	1.23978e-05	92.604
274.2194	8.2835	5.526171355e-11	-6.67575e-06	3.05178e-05	3.52862e-05	101.496
275.9787	8.2875	5.528839874999999e-11	1.23978e-05	1.04905e-05	2.86103e-05	20.694
277.4502	8.2915	5.531508394999999e-11	3.81473e-06	2.0981e-05	1.90736e-05	98.748
278.9368	8.2955	5.534176915e-11	2.00273e-05	-4.7684e-06	2.28883e-05	-21.804
280.4081	8.2995	5.536845435e-11	-3.81473e-06	2.6703e-05	2.86103e-05	98.838
281.8962	8.3035	5.539513955e-11	-2.0981e-05	-2.86104e-06	1.71663e-05	-148.674
283.6395	8.3075	5.542182474999999e-11	-2.19346e-05	2.86104e-06	1.90736e-05	155.226
285.1268	8.3115	5.544850995e-11	3.52862e-05	2.86103e-05	4.86376e-05	40.194
286.5981	8.3155	5.547519515e-11	2.9564e-05	-3.05178e-05	3.91009e-05	-53.328
288.0857	8.3195	5.550188035e-11	9.53682e-07	1.71663e-05	1.71663e-05	105.642
289.5888	8.3235	5.552856554999999e-11	4.10082e-05	-1.33515e-05	3.71935e-05	-16.698
291.0764	8.3275	5.555525075e-11	-9.53682e-07	6.67575e-06	1.33515e-05	22.17
292.5797	8.3315	5.558193595e-11	-4.7684e-06	2.86104e-06	1.04905e-05	-171.87
294.0827	8.3355	5.5608621149999996e-11	5.72208e-06	-3.81473e-06	9.5368e-06	-14.742
295.8264	8.3395	5.5635306349999995e-11	-9.5368e-06	6.67575e-06	1.52589e-05	169.506
297.3135	8.3435	5.566199155e-11	-1.62126e-05	-9.5368e-06	1.52589e-05	-150.252
298.785	8.3475	5.568867675e-11	-2.86103e-05	1.04905e-05	2.86103e-05	156.45
300.2565	8.3515	5.5715361949999996e-11	-4.7684e-06	-2.86104e-06	1.90736e-06	-111.804
301.7753	8.3555	5.5742047149999994e-11	4.7684e-06	1.04905e-05	9.5368e-06	111.804
303.2471	8.3595	5.576873235e-11	-1.04905e-05	-6.67575e-06	8.58313e-06	-119.052
304.7345	8.3635	5.5795417549999997e-11	3.81473e-06	3.91009e-05	4.10082e-05	83.946
306.4938	8.3675	5.5822102749999995e-11	8.58313e-06	-3.81473e-06	1.52589e-05	-4.398
307.9813	8.3715	5.584878794999999e-11	-9.5368e-06	-2.28883e-05	2.57493e-05	-119.052
309.468	8.3755	5.5875473150000004e-11	2.9564e-05	1.90736e-06	3.52862e-05	-13.296
310.956	8.3795	5.5902158349999996e-11	-2.28883e-05	3.62399e-05	4.38693e-05	120.066
312.4273	8.3835	5.5928843549999994e-11	-4.57766e-05	3.91009e-05	6.00817e-05	135.0
314.1706	8.3875	5.595552874999999e-11	-1.14442e-05	-2.0981e-05	1.90736e-05	-84.096
315.6579	8.3915	5.5982213950000004e-11	-4.10082e-05	3.81473e-06	3.71935e-05	173.772
317.1614	8.3955	5.6008899149999995e-11	-1.14442e-05	1.90736e-05	2.19346e-05	144.864
318.6649	8.3995	5.6035584349999993e-11	-3.62399e-05	9.5368e-06	3.62399e-05	178.92
320.1364	8.4035	5.606226954999999e-11	-1.43052e-05	9.5368e-06	1.71663e-05	141.006
321.6237	8.4075	5.608895475e-11	-3.24252e-05	1.52589e-05	2.9564e-05	140.712
323.1105	8.4115	5.611563995e-11	5.14986e-05	1.71663e-05	5.14986e-05	21.936
324.5981	8.4155	5.614232514999999e-11	-1.04905e-05	3.52862e-05	3.52862e-05	111.594
326.3258	8.4195	5.616901034999999e-11	8.58313e-06	-9.53682e-07	1.04905e-05	12.528
327.7971	8.4235	5.619569555e-11	-2.47956e-05	2.57493e-05	3.52862e-05	137.292
329.3006	8.4275	5.622238075e-11	2.3842e-05	4.86376e-05	5.9128e-05	55.956
330.7717	8.4315	5.624906595e-11	1.62126e-05	5.53133e-05	6.10356e-05	68.31
332.2434	8.4355	5.627575114999999e-11	-3.81473e-06	2.19346e-05	1.71663e-05	98.13
333.7468	8.4395	5.630243635e-11	-2.57493e-05	-6.67575e-06	3.05178e-05	178.782
335.2181	8.4435	5.632912155e-11	5.72208e-06	4.76839e-05	4.76839e-05	88.41
336.6895	8.4475	5.635580675e-11	4.76839e-05	1.90736e-06	4.57766e-05	5.046
338.1769	8.4515	5.6382491949999996e-11	-2.6703e-05	-6.67575e-06	2.57493e-05	-162.03
339.6636	8.4555	5.640917715e-11	-4.7684e-06	-2.76567e-05	2.76567e-05	-105.018
341.1508	8.4595	5.643586235e-11	-3.05178e-05	-8.58313e-06	3.05178e-05	-157.482
342.623	8.4635	5.646254755e-11	-1.33515e-05	4.7684e-06	2.0981e-05	168.69
344.3823	8.4675	5.6489232749999995e-11	-9.5368e-06	3.81473e-06	1.90736e-05	162.552
345.8856	8.4715	5.651591795e-11	-3.81473e-06	3.81473e-06	9.5368e-06	115.344
347.357	8.4755	5.654260315e-11	1.33515e-05	1.23978e-05	1.33515e-05	51.84
349.1003	8.4795	5.6569288349999996e-11	2.76567e-05	-2.0981e-05	4.19619e-05	-22.62
350.5876	8.4835	5.6595973549999994e-11	1.90736e-06	1.90736e-05	1.90736e-05	82.65
352.075	8.4875	5.662265875e-11	-7.62945e-06	-1.14442e-05	1.04905e-05	-161.568
353.5622	8.4915	5.664934395e-11	1.23978e-05	-2.9564e-05	3.14715e-05	-62.88
355.0489	8.4955	5.6676029149999995e-11	5.72208e-06	9.5368e-06	1.14442e-05	40.914
356.793	8.4995	5.6702714349999994e-11	-2.86104e-06	-1.81199e-05	1.71663e-05	-61.56
358.2802	8.5035	5.6729399550000005e-11	4.48229e-05	-2.57493e-05	5.0545e-05	-29.652
359.783	8.5075	5.6756084749999997e-11	3.33788e-05	-4.19619e-05	5.14986e-05	-49.158
361.2713	8.5115	5.6782769949999995e-11	-9.53682e-07	-4.7684e-06	1.33515e-05	-147.528
362.7419	8.5155	5.680945514999999e-11	1.62126e-05	-1.62126e-05	2.28883e-05	-38.928
364.2457	8.5195	5.6836140350000004e-11	-1.04905e-05	-1.62126e-05	1.81199e-05	-112.17
365.733	8.5235	5.686282555e-11	-1.04905e-05	3.62399e-05	3.52862e-05	108.432
367.5078	8.5275	5.6889510749999994e-11	-2.86104e-06	3.81473e-06	6.67575e-06	55.302
368.9958	8.5315	5.691619594999999e-11	2.28883e-05	-1.04905e-05	2.6703e-05	-24.102
370.4993	8.5355	5.6942881150000003e-11	-1.33515e-05	1.04905e-05	1.52589e-05	136.848
372.0024	8.5395	5.696956635e-11	3.81473e-06	-1.33515e-05	1.04905e-05	-61.698
373.4896	8.5435	5.699625154999999e-11	-2.00273e-05	-3.33788e-05	3.91009e-05	-126.672
375.2489	8.5475	5.702293674999999e-11	-9.53682e-07	5.81744e-05	5.9128e-05	87.54
376.7367	8.5515	5.704962195e-11	-7.62945e-06	-1.43052e-05	2.28883e-05	-135.0
378.208	8.5555	5.707630715e-11	3.05178e-05	2.28883e-05	3.71935e-05	38.16
379.9674	8.5595	5.710299235e-11	-7.62945e-06	1.04905e-05	8.58313e-06	116.562
381.4546	8.5635	5.712967754999999e-11	2.57493e-05	-1.14442e-05	2.3842e-05	-15.252
382.9415	8.5675	5.715636275e-11	6.67575e-06	1.90736e-06	1.52589e-05	-7.854
384.3967	8.5715	5.718304795e-11	8.58313e-06	1.33515e-05	2.00273e-05	38.16
385.8686	8.5755	5.720973315e-11	2.57493e-05	3.81473e-06	2.3842e-05	11.976
387.6282	8.5795	5.7236418349999996e-11	3.24252e-05	8.58313e-06	3.71935e-05	12.756
389.1152	8.5835	5.726310355e-11	2.19346e-05	2.57493e-05	3.24252e-05	43.266
390.6025	8.5875	5.728978875e-11	2.28883e-05	2.3842e-05	2.86103e-05	70.146
392.0742	8.5915	5.731647395e-11	0.0	2.86104e-06	5.72208e-06	12.096
393.5616	8.5955	5.7343159149999996e-11	-4.29156e-05	2.28883e-05	4.76839e-05	147.408
395.049	8.5995	5.736984435e-11	5.24523e-05	1.71663e-05	6.19893e-05	13.308
396.5523	8.6035	5.739652955e-11	9.5368e-06	-6.67575e-06	8.58313e-06	26.562
398.2957	8.6075	5.7423214749999997e-11	0.0	-5.72208e-06	5.72208e-06	-61.698
399.783	8.6115	5.7449899949999995e-11	-1.33515e-05	4.76839e-05	5.53133e-05	120.162
401.2705	8.6155	5.747658515e-11	2.00273e-05	-3.33788e-05	3.52862e-05	-70.116
402.7579	8.6195	5.750327035e-11	-2.86104e-06	1.04905e-05	1.23978e-05	69.774
404.2449	8.6235	5.7529955549999996e-11	4.00546e-05	-1.81199e-05	4.38693e-05	-22.332
405.988	8.6275	5.7556640749999994e-11	1.33515e-05	2.9564e-05	3.24252e-05	48.69
407.4598	8.6315	5.7583325950000005e-11	1.62126e-05	1.23978e-05	1.90736e-05	62.652
408.9313	8.6355	5.761001115e-11	8.58313e-06	6.67575e-06	1.33515e-05	34.38
410.4184	8.6395	5.7636696349999995e-11	2.00273e-05	-1.23978e-05	2.3842e-05	-41.496
411.9062	8.6435	5.7663381549999993e-11	2.86103e-05	-6.67575e-06	2.86103e-05	-14.676
413.3932	8.6475	5.7690066750000005e-11	-1.33515e-05	2.86103e-05	3.24252e-05	110.556
414.8802	8.6515	5.771675195e-11	1.23978e-05	-3.14715e-05	3.24252e-05	-64.98
416.3683	8.6555	5.7743437149999994e-11	1.71663e-05	-2.47956e-05	2.86103e-05	-57.846
418.1117	8.6595	5.777012234999999e-11	-2.86104e-06	2.28883e-05	1.71663e-05	96.012
419.6151	8.6635	5.7796807550000004e-11	-2.57493e-05	-2.47956e-05	3.71935e-05	-134.31
421.1019	8.6675	5.782349275e-11	1.23978e-05	-4.7684e-06	1.04905e-05	30.966
422.5739	8.6715	5.7850177949999994e-11	-3.81473e-06	-1.71663e-05	1.62126e-05	-111.372
424.0608	8.6755	5.787686314999999e-11	-2.86104e-06	3.52862e-05	3.62399e-05	97.524
425.5478	8.6795	5.790354835e-11	-7.62945e-06	8.58313e-06	7.62945e-06	84.804
427.0361	8.6835	5.793023355e-11	2.86104e-06	3.81473e-06	5.72208e-06	77.004
428.5232	8.6875	5.795691875e-11	2.57493e-05	5.72208e-06	2.86103e-05	14.676
430.0267	8.6915	5.798360394999999e-11	-9.5368e-06	1.71663e-05	1.81199e-05	103.572
431.5293	8.6955	5.801028914999999e-11	-2.3842e-05	1.52589e-05	2.86103e-05	143.394
433.0174	8.6995	5.803697435e-11	1.90736e-05	-1.62126e-05	2.47956e-05	-36.57
434.5049	8.7035	5.806365955e-11	-1.62126e-05	-5.72208e-06	1.90736e-05	-161.568
436.2481	8.7075	5.809034475e-11	-8.01091e-05	1.90736e-06	7.53407e-05	175.326
437.7197	8.7115	5.811702994999999e-11	-1.52589e-05	-2.19346e-05	2.47956e-05	-113.202
439.2231	8.7155	5.814371515e-11	2.19346e-05	-4.7684e-06	2.76567e-05	-10.08
440.7105	8.7195	5.817040035e-11	-1.23978e-05	2.57493e-05	2.86103e-05	107.652
442.1978	8.7235	5.8197085549999996e-11	-3.14715e-05	2.76567e-05	4.57766e-05	155.958
443.6693	8.7275	5.822377075e-11	-2.00273e-05	-2.47956e-05	3.52862e-05	-128.658
445.1725	8.7315	5.825045595e-11	-2.9564e-05	-4.7684e-06	2.86103e-05	-169.458
446.6762	8.7355	5.827714115e-11	0.0	-3.81473e-06	3.81473e-06	-73.302
448.1635	8.7395	5.830382634999999e-11	3.52862e-05	1.23978e-05	4.38693e-05	13.626
449.6504	8.7435	5.833051154999999e-11	-2.00273e-05	3.81473e-06	2.19346e-05	171.87
451.1377	8.7475	5.835719675e-11	-2.0981e-05	-1.04905e-05	2.3842e-05	-142.524
452.6257	8.7515	5.838388195e-11	1.71663e-05	-1.71663e-05	2.76567e-05	-49.686
454.129	8.7555	5.841056715e-11	1.90736e-05	1.14442e-05	1.81199e-05	41.82
455.6325	8.7595	5.843725234999999e-11	-1.90736e-05	2.86104e-06	1.33515e-05	180.0
457.1359	8.7635	5.846393755e-11	2.19346e-05	-1.33515e-05	1.90736e-05	-66.252
458.6546	8.7675	5.849062275e-11	1.52589e-05	1.04905e-05	2.9564e-05	27.072
460.4305	8.7715	5.851730795e-11	8.58313e-06	9.5368e-06	1.04905e-05	106.926
461.9179	8.7755	5.854399314999999e-11	4.7684e-06	3.05178e-05	3.52862e-05	68.388
463.3889	8.7795	5.857067835e-11	1.52589e-05	1.23978e-05	1.90736e-05	41.988
464.8927	8.7835	5.859736355e-11	1.33515e-05	2.86104e-06	2.19346e-05	-1.398
466.636	8.7875	5.862404874999999e-11	-1.14442e-05	3.81473e-06	6.67575e-06	102.528
468.1074	8.7915	5.865073394999999e-11	-3.81472e-05	3.81473e-06	3.91009e-05	166.65
469.5945	8.7955	5.867741915e-11	5.72208e-06	-1.81199e-05	1.81199e-05	-77.004
471.082	8.7995	5.870410435e-11	-2.3842e-05	1.71663e-05	3.24252e-05	142.224
472.5855	8.8035	5.873078955e-11	-1.90736e-06	8.58313e-06	8.58313e-06	135.0
474.0561	8.8075	5.875747475e-11	-9.5368e-06	1.90736e-06	3.81473e-06	135.0
475.5442	8.8115	5.878415995e-11	-1.04905e-05	-1.14442e-05	1.52589e-05	-117.642
477.0157	8.8155	5.881084514999999e-11	2.19346e-05	-2.86104e-06	2.3842e-05	12.996
478.7589	8.8195	5.883753034999999e-11	-1.71663e-05	-2.00273e-05	3.05178e-05	-149.826
480.2464	8.8235	5.886421554999999e-11	3.62399e-05	4.29156e-05	5.72207e-05	48.426
481.7337	8.8275	5.889090075e-11	3.81473e-06	0.0	1.90736e-06	135.0
483.2051	8.8315	5.891758595e-11	-2.86104e-06	2.86103e-05	3.05178e-05	87.708
484.6922	8.8355	5.894427115e-11	-1.43052e-05	2.0981e-05	2.3842e-05	121.506
486.1795	8.8395	5.897095635e-11	-1.04905e-05	5.14986e-05	5.0545e-05	109.44
487.6991	8.8435	5.899764155000001e-11	-1.33515e-05	1.23978e-05	1.62126e-05	128.658
489.1707	8.8475	5.902432674999999e-11	2.19346e-05	1.71663e-05	2.86103e-05	45.882
490.6418	8.8515	5.905101194999999e-11	-3.81473e-06	1.23978e-05	1.43052e-05	120.066
492.1453	8.8555	5.907769714999999e-11	1.52589e-05	-9.5368e-06	1.52589e-05	-24.228
493.6478	8.8595	5.910438235e-11	-2.57493e-05	-5.72208e-06	2.57493e-05	-172.302
495.1198	8.8635	5.913106755e-11	-1.14442e-05	2.19346e-05	2.28883e-05	108.432
496.895	8.8675	5.915775275e-11	-2.28883e-05	-6.67575e-06	2.57493e-05	-156.45
498.3666	8.8715	5.918443795e-11	-3.05178e-05	1.62126e-05	2.6703e-05	125.364
499.8536	8.8755	5.921112315e-11	-1.62126e-05	-5.72208e-06	1.81199e-05	-158.55
501.3573	8.8795	5.923780835e-11	-2.28883e-05	2.00273e-05	3.24252e-05	130.602
502.8446	8.8835	5.926449354999999e-11	3.33788e-05	3.81473e-06	2.86103e-05	11.592
504.3321	8.8875	5.929117874999999e-11	2.86104e-06	4.48229e-05	4.48229e-05	87.474
505.8354	8.8915	5.931786395e-11	-1.23978e-05	-8.58313e-06	1.23978e-05	-140.712
507.3229	8.8955	5.934454915e-11	-6.67575e-06	-2.86104e-06	2.86104e-06	-168.69
509.066	8.8995	5.937123435e-11	-2.0981e-05	0.0	1.90736e-05	169.506
510.5529	8.9035	5.939791954999999e-11	1.52589e-05	2.28883e-05	2.86103e-05	44.064
512.0408	8.9075	5.942460475e-11	8.58313e-06	8.58313e-06	1.04905e-05	39.288
513.5278	8.9115	5.945128995e-11	1.90736e-06	-1.81199e-05	1.43052e-05	-115.02
515.0157	8.9155	5.947797515e-11	2.19346e-05	1.90736e-05	2.76567e-05	53.43
516.503	8.9195	5.950466035e-11	2.28883e-05	1.62126e-05	3.81472e-05	22.836
517.9905	8.9235	5.953134555e-11	3.24252e-05	1.90736e-06	3.43325e-05	1.122
519.4617	8.9275	5.955803075e-11	2.00273e-05	5.81744e-05	6.38966e-05	68.628
520.9651	8.9315	5.958471594999999e-11	-1.81199e-05	-3.05178e-05	3.24252e-05	-113.838
522.4845	8.9355	5.961140114999999e-11	-2.86104e-06	4.29156e-05	4.48229e-05	111.96
523.9717	8.9395	5.963808635e-11	2.86104e-06	7.62945e-06	8.58313e-06	75.966
525.4429	8.9435	5.966477155e-11	-2.86104e-06	1.71663e-05	1.81199e-05	106.506
527.1697	8.9475	5.969145675e-11	-7.62945e-06	2.0981e-05	2.57493e-05	123.69
528.6579	8.9515	5.971814195e-11	2.86103e-05	-2.28883e-05	3.91009e-05	-27.798
530.1614	8.9555	5.974482715e-11	-3.14715e-05	-2.47956e-05	3.43325e-05	-136.686
531.6479	8.9595	5.977151234999999e-11	-2.57493e-05	1.04905e-05	2.28883e-05	164.748
533.1199	8.9635	5.979819754999999e-11	-2.86104e-06	4.7684e-06	1.14442e-05	129.474
534.6225	8.9675	5.982488274999999e-11	-1.23978e-05	2.86104e-06	1.33515e-05	142.122
536.127	8.9715	5.985156795e-11	-2.00273e-05	-5.14986e-05	5.0545e-05	-105.522
537.598	8.9755	5.987825315e-11	0.0	-3.62399e-05	3.14715e-05	-99.246
539.3415	8.9795	5.990493835e-11	0.0	1.71663e-05	1.52589e-05	95.196
540.8288	8.9835	5.993162355e-11	6.67575e-06	-4.38693e-05	4.38693e-05	-86.58
542.3157	8.9875	5.995830875000001e-11	-2.47956e-05	-2.3842e-05	2.86103e-05	-138.012
543.8037	8.9915	5.998499395e-11	-5.53133e-05	8.58313e-06	5.53133e-05	172.452
545.291	8.9955	6.001167914999999e-11	1.33515e-05	1.90736e-06	1.14442e-05	14.934
546.7624	8.9995	6.003836434999999e-11	-1.14442e-05	4.29156e-05	4.38693e-05	98.004
548.2499	9.0035	6.006504955e-11	-2.9564e-05	-1.62126e-05	2.47956e-05	-122.346
549.7209	9.0075	6.009173475e-11	-4.95913e-05	-1.81199e-05	4.38693e-05	-158.388
551.2241	9.0115	6.011841995e-11	3.81473e-06	-1.04905e-05	1.23978e-05	-70.71
552.696	9.0155	6.014510515e-11	-6.67575e-06	1.04905e-05	1.14442e-05	108.432
554.1832	9.0195	6.017179035e-11	-4.19619e-05	-1.90736e-06	4.38693e-05	-174.036
555.6707	9.0235	6.019847555e-11	-1.14442e-05	4.10082e-05	4.48229e-05	103.242
557.4459	9.0275	6.022516075e-11	-2.47956e-05	-2.86104e-06	2.47956e-05	173.832
558.9172	9.0315	6.025184594999999e-11	-2.76567e-05	-3.33788e-05	4.19619e-05	-131.01
560.3881	9.0355	6.027853115e-11	-1.43052e-05	4.95913e-05	5.14986e-05	114.192
561.8759	9.0395	6.030521635e-11	1.33515e-05	2.28883e-05	2.47956e-05	70.02
563.3474	9.0435	6.033190155e-11	-3.33788e-05	-6.67575e-06	3.43325e-05	-174.708
564.8503	9.0475	6.035858674999999e-11	-6.67575e-06	-4.7684e-06	1.33515e-05	155.376
566.3214	9.0515	6.038527195e-11	-3.81472e-05	4.7684e-06	3.81472e-05	162.756
567.8255	9.0555	6.041195715e-11	-7.62945e-06	-1.33515e-05	1.81199e-05	-138.99
569.5849	9.0595	6.043864235e-11	-4.76839e-05	8.58313e-06	4.95913e-05	171.312
571.0563	9.0635	6.046532755e-11	-4.95913e-05	3.81473e-06	4.67303e-05	169.476
572.5436	9.0675	6.049201275e-11	9.5368e-06	1.90736e-06	1.33515e-05	2.49
574.0309	9.0715	6.051869795e-11	-4.00546e-05	2.19346e-05	4.95913e-05	150.066
575.5177	9.0755	6.054538314999999e-11	-4.76839e-05	1.90736e-05	5.6267e-05	159.288
577.0058	9.0795	6.057206834999999e-11	-1.81199e-05	-1.14442e-05	2.19346e-05	-158.838
578.493	9.0835	6.059875355e-11	-2.6703e-05	7.62945e-06	3.05178e-05	162.72
579.9644	9.0875	6.062543875e-11	-2.76567e-05	1.90736e-05	4.10082e-05	148.452
581.4678	9.0915	6.065212395e-11	-2.3842e-05	1.81199e-05	2.86103e-05	155.43
582.9391	9.0955	6.067880915e-11	-2.6703e-05	6.67575e-06	2.76567e-05	166.296
584.4425	9.0995	6.070549435000001e-11	-4.19619e-05	4.10082e-05	6.5804e-05	141.51
585.9298	9.1035	6.073217954999999e-11	-4.95913e-05	6.67575e-06	5.0545e-05	177.708
587.6731	9.1075	6.075886474999999e-11	-1.33515e-05	-3.62399e-05	3.62399e-05	-115.08
589.1606	9.1115	6.078554994999999e-11	-3.43325e-05	-6.67575e-06	3.24252e-05	-161.568
590.6479	9.1155	6.081223515e-11	-2.00273e-05	5.72208e-06	1.62126e-05	145.008
592.1352	9.1195	6.083892035e-11	-2.76567e-05	6.67575e-06	2.76567e-05	164.982
593.6384	9.1235	6.086560555e-11	-1.04905e-05	-2.76567e-05	2.47956e-05	-114.306
595.1257	9.1275	6.089229075e-11	-4.95913e-05	3.71935e-05	5.9128e-05	140.526
596.6455	9.1315	6.091897595e-11	-4.29156e-05	-2.28883e-05	5.0545e-05	-155.88
598.1328	9.1355	6.094566115e-11	-4.48229e-05	-3.81473e-06	4.57766e-05	175.854
599.6199	9.1395	6.097234635e-11	-5.72207e-05	-1.14442e-05	6.67577e-05	-163.302
601.1075	9.1435	6.099903154999999e-11	-4.48229e-05	4.7684e-06	4.48229e-05	172.35
602.5942	9.1475	6.102571675e-11	-6.48503e-05	-5.72208e-06	5.72207e-05	-169.758
604.0663	9.1515	6.105240195e-11	-2.47956e-05	-3.14715e-05	4.00546e-05	-140.316
605.5691	9.1555	6.107908715e-11	-5.3406e-05	-4.67303e-05	7.43871e-05	-140.784
607.0567	9.1595	6.110577235e-11	-3.81472e-05	2.19346e-05	4.67303e-05	159.624
608.5442	9.1635	6.113245755e-11	-2.47956e-05	-4.67303e-05	5.0545e-05	-120.582
610.0471	9.1675	6.115914275e-11	-4.10082e-05	-6.67575e-06	4.19619e-05	-171.738
611.7909	9.1715	6.118582795e-11	-9.5368e-06	-4.95913e-05	4.86376e-05	-106.476
613.2781	9.1755	6.121251315e-11	-1.52589e-05	-3.81473e-06	1.52589e-05	177.882
614.7493	9.1795	6.123919835e-11	-4.48229e-05	-6.67575e-06	4.10082e-05	-175.236
616.2364	9.1835	6.126588355e-11	-6.2943e-05	-3.14715e-05	7.24797e-05	-154.374
617.7083	9.1875	6.129256875e-11	-4.19619e-05	-3.05178e-05	5.24523e-05	-145.56
619.1959	9.1915	6.131925394999999e-11	-6.67577e-05	-6.67575e-06	6.38966e-05	-169.158
620.6831	9.1955	6.134593914999999e-11	9.53682e-07	-2.00273e-05	2.0981e-05	-102.876
622.1706	9.1995	6.137262435e-11	-4.00546e-05	-2.57493e-05	4.67303e-05	-155.622
623.6578	9.2035	6.139930955e-11	-4.19619e-05	-1.90736e-06	4.57766e-05	179.226
625.1445	9.2075	6.142599475e-11	-6.96187e-05	-1.33515e-05	7.53407e-05	-167.262
626.6481	9.2115	6.145267995e-11	-7.72481e-05	2.86104e-06	7.91554e-05	174.012
628.1682	9.2155	6.147936515e-11	-6.67577e-05	-2.6703e-05	7.34334e-05	-155.886
629.6396	9.2195	6.150605034999999e-11	-5.81744e-05	-4.48229e-05	7.43871e-05	-143.334
631.1269	9.2235	6.153273554999999e-11	-4.57766e-05	-4.10082e-05	6.19893e-05	-144.96
632.614	9.2275	6.155942074999999e-11	-5.9128e-05	-2.6703e-05	5.9128e-05	-151.74
634.1016	9.2315	6.158610595e-11	-4.76839e-05	-4.19619e-05	6.10356e-05	-132.744
635.5891	9.2355	6.161279115e-11	-8.48775e-05	-4.57766e-05	9.63216e-05	-151.326
637.3321	9.2395	6.163947635e-11	-9.05995e-05	-2.0981e-05	9.72752e-05	-170.412
638.819	9.2435	6.166616155e-11	-7.82018e-05	-3.33788e-05	9.25069e-05	-156.324
640.3228	9.2475	6.169284675e-11	-7.24797e-05	-4.48229e-05	8.01091e-05	-149.196
641.8101	9.2515	6.171953194999999e-11	-8.67848e-05	-2.86104e-06	8.58312e-05	-172.434
643.297	9.2555	6.174621714999999e-11	-2.9564e-05	-2.86104e-06	3.52862e-05	-172.998
644.7851	9.2595	6.177290234999999e-11	-8.86922e-05	-2.28883e-05	8.39238e-05	-161.268
646.2722	9.2635	6.179958755e-11	-8.58312e-05	-7.91554e-05	0.000117302	-141.24
647.776	9.2675	6.182627275e-11	-6.19893e-05	-5.3406e-05	9.05995e-05	-145.176
649.2472	9.2715	6.185295795e-11	-9.82289e-05	-3.33788e-05	9.72752e-05	-160.56
650.7345	9.2755	6.187964314999999e-11	-7.72481e-05	-9.5368e-06	7.91554e-05	-172.692
652.2378	9.2795	6.190632835e-11	-0.000108719	-4.19619e-05	0.000107766	-156.942
653.7254	9.2835	6.193301355e-11	-0.000115395	-4.29156e-05	0.000130654	-159.576
655.2116	9.2875	6.195969875e-11	-8.58312e-05	-3.62399e-05	7.91554e-05	-154.356
656.9875	9.2915	6.198638394999999e-11	-7.05724e-05	-4.95913e-05	7.72481e-05	-141.342
658.4592	9.2955	6.201306915e-11	-0.000123979	-4.67303e-05	0.000132562	-160.116
659.9467	9.2995	6.203975435e-11	-6.38966e-05	-4.19619e-05	7.72481e-05	-146.994
661.4342	9.3035	6.206643954999999e-11	-0.000113488	-6.5804e-05	0.000123979	-148.986
663.1772	9.3075	6.209312474999999e-11	-9.82289e-05	-3.14715e-05	0.000105858	-166.572
664.6649	9.3115	6.211980995e-11	-8.86922e-05	-5.14986e-05	0.000103951	-147.18
666.1522	9.3155	6.214649515e-11	-0.000133515	-9.34605e-05	0.000168801	-145.938
667.6236	9.3195	6.217318035e-11	-0.00014782	-2.6703e-05	0.000152589	-171.834
669.1108	9.3235	6.219986555e-11	-0.000120163	-7.82018e-05	0.000145913	-147.096
670.598	9.3275	6.222655075e-11	-9.34605e-05	-5.6267e-05	0.000107766	-149.16
672.0857	9.3315	6.225323595e-11	-7.82018e-05	-5.81744e-05	0.000100136	-145.068
673.5562	9.3355	6.227992114999999e-11	-0.000107766	-5.3406e-05	0.000116349	-155.202
675.0277	9.3395	6.230660634999999e-11	-0.000104905	-5.6267e-05	0.000118256	-153.438
676.4999	9.3435	6.233329155e-11	-0.000166894	-3.43325e-05	0.000163079	-167.856
677.9714	9.3475	6.235997675e-11	-0.00013733	-5.43597e-05	0.00014782	-158.778
679.7142	9.3515	6.238666195e-11	-0.00012684	-5.6267e-05	0.000142098	-156.144
681.218	9.3555	6.241334715e-11	-0.000121117	-8.58312e-05	0.000143052	-143.91
682.7054	9.3595	6.244003235000001e-11	-0.000124932	-8.29701e-05	0.000150681	-144.924
684.1768	9.3635	6.246671754999999e-11	-0.000140191	-4.67303e-05	0.000145913	-160.332
685.9201	9.3675	6.249340274999999e-11	-0.000153542	-9.72752e-05	0.000179292	-147.726
687.4074	9.3715	6.252008794999999e-11	-0.000157357	-7.34334e-05	0.000167848	-155.802
688.8788	9.3755	6.254677315e-11	-0.000157357	-6.67577e-05	0.000167848	-158.664
690.382	9.3795	6.257345835e-11	-0.000135423	-0.000106812	0.000172616	-142.914
691.8852	9.3835	6.260014355e-11	-0.000174523	-8.96459e-05	0.000196458	-153.612
693.6288	9.3875	6.262682875e-11	-0.000144006	-8.39238e-05	0.000164987	-150.198
695.1161	9.3915	6.265351395e-11	-0.000175477	-7.53407e-05	0.000186921	-155.37
696.6191	9.3955	6.268019915e-11	-0.000153542	-6.19893e-05	0.000159265	-158.736
698.0909	9.3995	6.270688434999999e-11	-0.000140191	-0.000104905	0.00017357	-143.874
699.5778	9.4035	6.273356954999999e-11	-0.00015545	-3.14715e-05	0.000152589	-165.9
701.0489	9.4075	6.276025475e-11	-0.000180245	-0.000145913	0.000229836	-139.962
702.5205	9.4115	6.278693995e-11	-0.000142098	-8.86922e-05	0.00016594	-147.846
704.0083	9.4155	6.281362515e-11	-0.00015545	-8.01091e-05	0.00017357	-154.026
705.7517	9.4195	6.284031034999999e-11	-0.000142098	-0.000121117	0.000187875	-139.116
707.2391	9.4235	6.286699555e-11	-0.000164033	-8.86922e-05	0.000181199	-150.882
708.7266	9.4275	6.289368075e-11	-0.000180245	-0.000121117	0.0002203	-144.06
710.1976	9.4315	6.292036595e-11	-0.000148774	-7.62944e-05	0.000171662	-153.144
711.6691	9.4355	6.294705115e-11	-0.000193597	-7.82018e-05	0.000205995	-157.854
713.1724	9.4395	6.297373635e-11	-0.000138284	-0.000106812	0.000174523	-142.392
714.6758	9.4435	6.300042155e-11	-0.000163079	-0.000120163	0.000195504	-143.562
716.1635	9.4475	6.302710674999999e-11	-0.000164033	-0.000102044	0.000195504	-148.77
717.9381	9.4515	6.305379194999999e-11	-0.000168801	-0.000100136	0.000195504	-149.376
719.442	9.4555	6.308047715e-11	-0.000113488	-8.20165e-05	0.000136376	-144.822
720.9294	9.4595	6.310716235e-11	-0.000123979	-0.000113488	0.000172616	-139.944
722.401	9.4635	6.313384755e-11	-0.000140191	-0.000112534	0.00017357	-139.596
724.1443	9.4675	6.316053275e-11	-0.00012684	-8.67848e-05	0.000154496	-145.836
725.6311	9.4715	6.318721795e-11	-0.000142098	-8.96459e-05	0.000163079	-143.556
727.1028	9.4755	6.321390315e-11	-8.86922e-05	-0.000108719	0.000132562	-125.94
728.6063	9.4795	6.324058834999999e-11	-9.44142e-05	-3.81473e-06	8.86922e-05	-178.698
730.0928	9.4835	6.326727354999999e-11	-4.76839e-05	-1.71663e-05	5.0545e-05	-160.854
731.597	9.4875	6.329395875e-11	1.52589e-05	-5.53133e-05	5.72207e-05	-70.74
733.0844	9.4915	6.332064395e-11	1.62126e-05	-6.48503e-05	6.77113e-05	-74.052
734.5555	9.4955	6.334732915e-11	5.53133e-05	8.58313e-06	5.24523e-05	7.8
736.0428	9.4995	6.337401435e-11	8.39238e-05	1.04905e-05	8.58312e-05	2.184
737.5139	9.5035	6.340069955000001e-11	0.000123979	7.43871e-05	0.000149728	29.25
739.0019	9.5075	6.342738475e-11	0.000190736	4.38693e-05	0.000192643	13.986
740.4893	9.5115	6.345406994999999e-11	0.000277521	7.91554e-05	0.000282289	16.356
741.9765	9.5155	6.348075514999999e-11	0.000360491	9.44142e-05	0.000365259	16.356
743.464	9.5195	6.350744035e-11	0.000398638	0.000136376	0.000424387	18.69
744.9515	9.5235	6.353412555e-11	0.000485422	0.000121117	0.000500683	13.224
746.438	9.5275	6.356081075e-11	0.000550274	0.000154496	0.000579838	15.702
747.9416	9.5315	6.358749595e-11	0.000647549	0.000236512	0.000683788	20.244
749.4455	9.5355	6.361418115e-11	0.000750545	0.000243188	0.000789646	18.144
750.9489	9.5395	6.364086635e-11	0.000843052	0.000304224	0.000895504	19.854
752.4203	9.5435	6.366755155e-11	0.000898365	0.000328066	0.000954632	20.208
753.9078	9.5475	6.369423674999999e-11	0.000980385	0.000360491	0.00102521	20.466
755.395	9.5515	6.372092195e-11	0.00103379	0.000426294	0.00111867	22.422
756.8819	9.5555	6.374760715e-11	0.00106908	0.000454905	0.00116444	23.184
758.3538	9.5595	6.377429235e-11	0.00112248	0.000501636	0.00123788	24.09
759.857	9.5635	6.380097754999999e-11	0.00114919	0.000503544	0.00125981	23.514
761.3281	9.5675	6.382766275e-11	0.00118256	0.000558857	0.00130368	25.302
762.7839	9.5715	6.385434795e-11	0.00111485	0.000586513	0.00126458	28.008
764.2552	9.5755	6.388103315e-11	0.0010233	0.000561718	0.0011654	28.65
765.7427	9.5795	6.390771835e-11	0.000906948	0.000588421	0.00108052	32.718
767.2298	9.5835	6.393440355e-11	0.000823025	0.000560764	0.000998504	34.53
768.7173	9.5875	6.396108875e-11	0.000672344	0.000533108	0.000859264	38.16
770.188	9.5915	6.398777394999999e-11	0.000490192	0.000529293	0.00072575	47.004
771.6762	9.5955	6.401445914999999e-11	0.000349047	0.000445368	0.000561718	52.17
773.1634	9.5995	6.404114435e-11	0.000140191	0.000411035	0.000434877	70.596
774.65	9.6035	6.406782955e-11	1.04905e-05	0.000325205	0.000324251	88.356
776.1376	9.6075	6.409451475e-11	-0.000181199	0.000211717	0.000280382	131.544
777.6097	9.6115	6.412119995e-11	-0.000313761	0.000144006	0.00033951	155.106
779.097	9.6155	6.414788515000001e-11	-0.000424387	6.77113e-05	0.000425341	170.982
780.6005	9.6195	6.417457034999999e-11	-0.000496868	-9.82289e-05	0.000501636	-167.868
782.1038	9.6235	6.420125554999999e-11	-0.000485422	-0.000171662	0.000506405	-160.872
783.8791	9.6275	6.422794074999999e-11	-0.000493053	-0.00021267	0.000535015	-157.212
785.3665	9.6315	6.425462595e-11	-0.000476839	-0.000308039	0.000569347	-147.534
786.8378	9.6355	6.428131115e-11	-0.000408174	-0.000307085	0.000509266	-143.382
788.3243	9.6395	6.430799635e-11	-0.000311853	-0.000295641	0.000433924	-137.952
789.7963	9.6435	6.433468155e-11	-0.000291826	-0.000358583	0.000462534	-128.88
791.284	9.6475	6.436136675000001e-11	-0.00020218	-0.000299456	0.000361444	-124.392
792.7714	9.6515	6.438805195e-11	-0.00011158	-0.000295641	0.000318529	-112.044
794.2741	9.6555	6.441473714999999e-11	-4.00546e-05	-0.000276567	0.000276567	-99.324
796.034	9.6595	6.444142234999999e-11	-7.62945e-06	-0.000195504	0.000192643	-91.392
797.5368	9.6635	6.446810755e-11	5.72207e-05	-0.000140191	0.000154496	-66.21
799.0242	9.6675	6.449479275e-11	6.67575e-06	-6.00817e-05	6.10356e-05	-91.83
800.512	9.6715	6.452147795e-11	2.3842e-05	-2.00273e-05	3.14715e-05	-33.366
801.9995	9.6755	6.454816315e-11	3.62399e-05	9.5368e-06	3.33788e-05	15.156
803.5029	9.6795	6.457484835e-11	-8.58313e-06	4.29156e-05	4.19619e-05	83.454
805.0062	9.6835	6.460153355e-11	-1.33515e-05	3.91009e-05	4.19619e-05	105.678
806.4928	9.6875	6.462821875e-11	-3.14715e-05	3.05178e-05	4.19619e-05	123.456
807.981	9.6915	6.465490395e-11	-6.00817e-05	9.5368e-06	5.9128e-05	163.608
809.4681	9.6955	6.468158914999999e-11	-4.57766e-05	1.62126e-05	5.24523e-05	167.706
810.9876	9.6995	6.470827435e-11	-4.7684e-06	-2.86104e-06	9.5368e-06	-177.51
812.4751	9.7035	6.473495955e-11	-4.48229e-05	-2.76567e-05	4.38693e-05	-138.9
813.9622	9.7075	6.476164474999999e-11	8.58313e-06	-2.0981e-05	2.0981e-05	-93.468
815.4657	9.7115	6.478832994999999e-11	3.81472e-05	-3.43325e-05	4.86376e-05	-34.134
816.953	9.7155	6.481501515e-11	7.05724e-05	-5.9128e-05	9.05995e-05	-39.912
818.4246	9.7195	6.484170035e-11	5.9128e-05	-2.6703e-05	6.77113e-05	-26.322
819.9118	9.7235	6.486838555e-11	5.9128e-05	-3.81473e-06	5.24523e-05	1.53
821.6712	9.7275	6.489507075e-11	4.86376e-05	-3.81472e-05	6.5804e-05	-37.776
823.1577	9.7315	6.492175595e-11	3.05178e-05	-7.62945e-06	2.0981e-05	-30.966
824.646	9.7355	6.494844114999999e-11	6.67575e-06	2.3842e-05	2.47956e-05	59.304
826.1494	9.7395	6.497512634999999e-11	-4.48229e-05	5.53133e-05	7.24797e-05	132.54
827.6367	9.7435	6.500181154999999e-11	1.33515e-05	2.86104e-06	1.23978e-05	10.008
829.1079	9.7475	6.502849675e-11	-5.3406e-05	3.71935e-05	6.77113e-05	143.892
830.5948	9.7515	6.505518195e-11	-5.53133e-05	-2.3842e-05	5.6267e-05	-157.068
832.099	9.7555	6.508186715e-11	-7.82018e-05	3.91009e-05	8.39238e-05	153.84
833.5863	9.7595	6.510855235e-11	-6.8665e-05	-9.5368e-06	6.8665e-05	-167.172
835.0727	9.7635	6.513523755e-11	-4.19619e-05	-7.62945e-06	4.76839e-05	-169.428
836.5612	9.7675	6.516192274999999e-11	-7.91554e-05	-2.3842e-05	8.29701e-05	-167.52
838.3043	9.7715	6.518860794999999e-11	-3.33788e-05	-6.2943e-05	6.48503e-05	-109.008
839.7907	9.7755	6.521529314999999e-11	-5.3406e-05	-3.62399e-05	5.9128e-05	-142.068
841.2792	9.7795	6.524197835e-11	-1.04905e-05	-8.39238e-05	7.91554e-05	-92.508
842.7665	9.7835	6.526866355e-11	3.52862e-05	-2.47956e-05	3.91009e-05	-51.042
844.526	9.7875	6.529534875e-11	-2.86104e-06	-3.33788e-05	3.05178e-05	-91.272
845.9972	9.7915	6.532203394999999e-11	4.95913e-05	-5.9128e-05	7.91554e-05	-50.904
847.484	9.7955	6.534871915e-11	1.81199e-05	-2.19346e-05	2.3842e-05	-75.174
848.9718	9.7995	6.537540435e-11	6.67575e-06	-4.7684e-06	1.33515e-05	-5.196
850.4593	9.8035	6.540208954999999e-11	-3.33788e-05	2.9564e-05	4.76839e-05	138.744
851.9628	9.8075	6.542877474999999e-11	-0.000105858	9.53682e-07	0.000100136	174.978
853.4662	9.8115	6.545545995e-11	-9.91826e-05	-9.5368e-06	9.25069e-05	-172.77
854.9691	9.8155	6.548214515e-11	-0.000136376	2.28883e-05	0.000145913	168.738
856.7127	9.8195	6.550883035e-11	-0.000148774	4.19619e-05	0.000154496	165.786
858.2002	9.8235	6.553551554999999e-11	-0.00021267	-1.33515e-05	0.000206948	-175.332
859.6717	9.8275	6.556220075e-11	-0.00017357	-2.57493e-05	0.00017357	-173.01
861.1591	9.8315	6.558888595e-11	-0.00020218	-7.82018e-05	0.000216485	-158.328
862.6625	9.8355	6.561557115e-11	-0.000247957	-5.14986e-05	0.000245096	-170.064
864.1499	9.8395	6.564225635e-11	-0.000178338	-9.53679e-05	0.000201226	-151.908
865.6373	9.8435	6.566894155e-11	-0.000128747	-8.96459e-05	0.000152589	-146.028
867.1243	9.8475	6.569562675e-11	-0.000125886	-0.000106812	0.000161172	-136.848
868.6279	9.8515	6.572231194999999e-11	-7.1526e-05	-0.000124932	0.000139237	-122.124
870.0994	9.8555	6.574899714999999e-11	-4.29156e-05	-0.000100136	0.000107766	-113.154
871.5869	9.8595	6.577568235e-11	1.81199e-05	-7.1526e-05	7.1526e-05	-80.802
873.0903	9.8635	6.580236755e-11	-1.33515e-05	-5.43597e-05	5.81744e-05	-98.04
874.8334	9.8675	6.582905275e-11	7.53407e-05	-5.24523e-05	9.15532e-05	-36.21
876.3209	9.8715	6.585573795e-11	7.82018e-05	-4.00546e-05	8.10628e-05	-38.082
877.8243	9.8755	6.588242315e-11	7.43871e-05	-2.86103e-05	8.48775e-05	-12.096
879.2958	9.8795	6.590910834999999e-11	7.82018e-05	2.19346e-05	8.39238e-05	14.79
880.783	9.8835	6.593579354999999e-11	0.000110627	2.0981e-05	0.000107766	11.1
882.2704	9.8875	6.596247874999999e-11	8.10628e-05	5.14986e-05	9.25069e-05	30.894
883.7739	9.8915	6.598916395e-11	6.00817e-05	6.67577e-05	9.44142e-05	47.142
885.2613	9.8955	6.601584915e-11	5.81744e-05	7.72481e-05	9.44142e-05	56.538
887.0365	9.8995	6.604253435e-11	9.5368e-06	5.81744e-05	6.19893e-05	79.692
888.524	9.9035	6.606921955e-11	-2.47956e-05	6.77113e-05	7.34334e-05	109.722
889.9955	9.9075	6.609590475e-11	-6.67575e-06	4.38693e-05	4.57766e-05	95.406
891.4824	9.9115	6.612258995e-11	-4.67303e-05	2.76567e-05	5.24523e-05	143.706
892.9701	9.9155	6.614927514999999e-11	-7.43871e-05	1.23978e-05	7.05724e-05	170.628
894.4574	9.9195	6.617596034999999e-11	-0.000148774	1.71663e-05	0.00013733	169.974
895.9452	9.9235	6.620264555e-11	-0.000115395	5.72208e-06	0.00011158	175.206
897.448	9.9275	6.622933075e-11	-0.000122071	-3.33788e-05	0.000122071	-160.452
898.9518	9.9315	6.625601595e-11	-0.000109673	-3.14715e-05	0.000109673	-164.25
900.4385	9.9355	6.628270114999999e-11	-0.000122071	-5.6267e-05	0.000143052	-155.856
901.9267	9.9395	6.630938635e-11	-0.000106812	-3.24252e-05	0.00011158	-163.074
903.4139	9.9435	6.633607155e-11	-9.82289e-05	-8.20165e-05	0.000124932	-136.962
905.1731	9.9475	6.636275675e-11	-6.8665e-05	-1.52589e-05	6.48503e-05	-166.692
906.6605	9.9515	6.638944194999999e-11	-3.62399e-05	-2.76567e-05	4.57766e-05	-141.984
908.1475	9.9555	6.641612715e-11	-6.8665e-05	-4.48229e-05	8.10628e-05	-143.22
909.6192	9.9595	6.644281235e-11	-1.23978e-05	-3.43325e-05	3.43325e-05	-105.462
911.1069	9.9635	6.646949755e-11	-2.0981e-05	-4.7684e-06	2.0981e-05	178.314
912.5934	9.9675	6.649618274999999e-11	5.72208e-06	-2.86104e-06	1.90736e-05	0.0
914.0973	9.9715	6.652286795e-11	-3.81473e-06	-1.04905e-05	8.58313e-06	-114.444
915.6002	9.9755	6.654955315e-11	-1.81199e-05	-9.5368e-06	1.23978e-05	-175.914
917.3604	9.9795	6.657623835e-11	-2.3842e-05	8.58313e-06	1.90736e-05	145.716
918.8477	9.9835	6.660292355e-11	-4.76839e-05	3.52862e-05	6.38966e-05	146.478
920.3348	9.9875	6.662960875e-11	-4.48229e-05	-3.81473e-06	4.48229e-05	-170.814
921.8225	9.9915	6.665629395e-11	-5.9128e-05	2.47956e-05	7.05724e-05	161.73
923.31	9.9955	6.668297914999999e-11	-1.71663e-05	3.81473e-06	1.43052e-05	165.258
924.7974	9.9995	6.670966434999999e-11	-6.67577e-05	6.00817e-05	8.58312e-05	134.358
926.2842	10.0035	6.673634955e-11	-7.34334e-05	2.28883e-05	7.43871e-05	161.076
927.772	10.0075	6.676303475e-11	-6.67575e-06	5.72208e-06	1.04905e-05	94.968
929.2592	10.0115	6.678971995e-11	-3.62399e-05	-3.33788e-05	5.0545e-05	-143.586
930.7467	10.0155	6.681640515e-11	-7.62945e-06	-1.90736e-05	1.81199e-05	-109.092
932.2343	10.0195	6.684309035000001e-11	-4.7684e-06	1.33515e-05	1.52589e-05	81.57
933.7216	10.0235	6.686977554999999e-11	5.9128e-05	-1.14442e-05	6.38966e-05	-14.598
935.4969	10.0275	6.689646074999999e-11	5.3406e-05	-1.81199e-05	5.53133e-05	-16.23
936.9842	10.0315	6.692314594999999e-11	5.6267e-05	5.9128e-05	7.62944e-05	45.732
938.4717	10.0355	6.694983115e-11	2.86103e-05	0.0	3.24252e-05	0.0
939.9581	10.0395	6.697651635e-11	4.38693e-05	4.7684e-06	4.95913e-05	5.712
941.4623	10.0435	6.700320155e-11	4.48229e-05	3.81473e-06	4.76839e-05	12.438
942.9497	10.0475	6.702988675e-11	2.28883e-05	7.1526e-05	7.43871e-05	69.078
944.4526	10.0515	6.705657195e-11	3.52862e-05	5.53133e-05	6.77113e-05	60.054
945.9406	10.0555	6.708325715e-11	-2.47956e-05	3.52862e-05	4.29156e-05	123.93
947.428	10.0595	6.710994235e-11	1.62126e-05	6.38966e-05	6.77113e-05	68.922
948.8993	10.0635	6.713662754999999e-11	-4.29156e-05	4.48229e-05	5.3406e-05	118.908
950.3708	10.0675	6.716331275e-11	-6.67577e-05	3.62399e-05	7.34334e-05	152.508
951.8581	10.0715	6.718999795e-11	-2.0981e-05	1.04905e-05	2.19346e-05	156.798
953.3453	10.076	6.72200188e-11	-6.00817e-05	8.58313e-06	6.10356e-05	170.136
955.0878	10.08	6.7246704e-11	-9.25069e-05	1.33515e-05	9.82289e-05	170.538
956.5762	10.084	6.72733892e-11	-0.000115395	-2.00273e-05	0.000106812	-170.778
958.0472	10.088	6.73000744e-11	-3.14715e-05	-2.47956e-05	3.71935e-05	-152.97
959.5191	10.092	6.73267596e-11	-0.000115395	-3.81473e-06	0.000110627	180.0
961.0056	10.096	6.73534448e-11	-7.34334e-05	2.86104e-06	6.5804e-05	178.83
962.7496	10.1	6.738012999999999e-11	-0.00010109	-4.67303e-05	0.000110627	-154.356
964.2526	10.104	6.740681519999999e-11	-9.82289e-05	-1.81199e-05	9.53679e-05	-164.112
965.74	10.108	6.74335004e-11	-0.000118256	-2.9564e-05	0.00011921	-167.37
967.2435	10.112	6.74601856e-11	-7.82018e-05	-4.29156e-05	8.58312e-05	-148.422
968.7313	10.116	6.74868708e-11	-6.2943e-05	-2.76567e-05	6.77113e-05	-158.922
970.2178	10.12	6.751355599999999e-11	-3.43325e-05	-8.01091e-05	8.58312e-05	-112.62
971.7057	10.124	6.75402412e-11	-2.9564e-05	-6.00817e-05	6.77113e-05	-112.002
973.4653	10.128	6.75669264e-11	-2.47956e-05	-3.62399e-05	4.19619e-05	-116.964
974.9526	10.132	6.75936116e-11	-2.86104e-06	-2.00273e-05	2.0981e-05	-99.726
976.4402	10.136	6.762029679999999e-11	4.19619e-05	-1.23978e-05	5.0545e-05	-14.034
977.9276	10.14	6.7646982e-11	4.86376e-05	-1.71663e-05	4.95913e-05	-21.654
979.4151	10.144	6.76736672e-11	7.43871e-05	-9.53682e-07	7.72481e-05	-2.424
981.1579	10.148	6.770035239999999e-11	8.77385e-05	1.90736e-05	8.96459e-05	17.904
982.6456	10.152	6.772703759999999e-11	9.72752e-05	4.38693e-05	0.000112534	21.252
984.165	10.156	6.77537228e-11	0.000103951	2.9564e-05	0.000114441	12.318
985.9081	10.16	6.7780408e-11	5.72207e-05	7.91554e-05	0.00010109	51.57
987.4117	10.164	6.78070932e-11	6.96187e-05	4.86376e-05	8.67848e-05	31.722
988.8991	10.168	6.78337784e-11	6.67575e-06	6.10356e-05	6.38966e-05	82.44
990.3864	10.172	6.78604636e-11	1.33515e-05	4.19619e-05	4.57766e-05	72.84
991.8738	10.176	6.788714879999999e-11	-1.52589e-05	8.01091e-05	8.10628e-05	97.008
993.633	10.18	6.791383399999999e-11	-6.96187e-05	3.24252e-05	6.77113e-05	157.854
995.1039	10.184	6.794051919999999e-11	-2.86103e-05	3.05178e-05	4.29156e-05	136.806
996.6078	10.188	6.79672044e-11	-3.81472e-05	5.6267e-05	6.5804e-05	124.848
998.0791	10.192	6.79938896e-11	-3.62399e-05	-1.90736e-05	3.52862e-05	-147.876
999.5666	10.196	6.80205748e-11	-0.000105858	3.05178e-05	0.000112534	167.364
1001.0539	10.2	6.804726e-11	-7.62944e-05	-4.19619e-05	8.48775e-05	-149.808
1002.5573	10.204	6.807394520000001e-11	-9.63216e-05	-1.33515e-05	9.63216e-05	-172.878
1004.3166	10.208	6.810063039999999e-11	-9.82289e-05	-6.67575e-06	9.15532e-05	-172.29
1005.8037	10.212	6.812731559999999e-11	3.81473e-06	-6.00817e-05	5.53133e-05	-92.148
1007.2914	10.216	6.815400079999999e-11	-2.00273e-05	-4.19619e-05	4.67303e-05	-111.654
1008.7947	10.22	6.8180686e-11	-4.7684e-06	-3.43325e-05	3.33788e-05	-91.122
1010.2812	10.224	6.82073712e-11	1.90736e-06	-3.81472e-05	3.91009e-05	-94.536
1011.7694	10.228	6.82340564e-11	0.0	-2.28883e-05	2.19346e-05	-96.912
1013.2568	10.232	6.82607416e-11	5.72207e-05	-1.62126e-05	5.9128e-05	-10.542
1014.7435	10.236	6.82874268e-11	8.10628e-05	-1.71663e-05	8.10628e-05	-14.718
1016.5036	10.24	6.8314112e-11	3.71935e-05	-2.86104e-06	4.10082e-05	-6.24
1018.007	10.244	6.83407972e-11	4.48229e-05	2.3842e-05	5.0545e-05	22.506
1019.5097	10.248	6.836748239999999e-11	6.38966e-05	5.72208e-06	6.19893e-05	6.966
1020.9817	10.252	6.83941676e-11	5.81744e-05	7.82018e-05	9.72752e-05	52.338
1022.4526	10.256	6.84208528e-11	3.52862e-05	4.38693e-05	4.67303e-05	70.71
1024.1966	10.26	6.8447538e-11	5.14986e-05	7.43871e-05	8.67848e-05	61.032
1025.6838	10.264	6.847422319999999e-11	1.52589e-05	4.86376e-05	5.53133e-05	76.278
1027.1713	10.268	6.85009084e-11	-3.05178e-05	7.24797e-05	7.62944e-05	103.44
1028.658	10.272	6.85275936e-11	5.72208e-06	6.10356e-05	5.9128e-05	82.536
1030.1461	10.276	6.85542788e-11	5.72208e-06	3.14715e-05	3.24252e-05	80.73
1031.6334	10.28	6.8580964e-11	6.67575e-06	2.9564e-05	3.24252e-05	75.426
1033.1203	10.284	6.86076492e-11	-2.47956e-05	1.81199e-05	3.62399e-05	147.894
1034.8633	10.288	6.86343344e-11	-4.48229e-05	2.86103e-05	5.24523e-05	148.536
1036.3513	10.292	6.866101959999999e-11	-5.6267e-05	2.57493e-05	5.53133e-05	150.876
1037.8548	10.296	6.868770479999999e-11	-1.81199e-05	2.76567e-05	3.24252e-05	124.698
1039.3422	10.3	6.871439e-11	-2.86104e-06	-4.7684e-06	5.72208e-06	-120.258
1040.8292	10.304	6.87410752e-11	2.86104e-06	-2.47956e-05	2.57493e-05	-84.426
1042.6044	10.308	6.87677604e-11	8.58313e-06	-5.53133e-05	5.6267e-05	-83.13
1044.092	10.312	6.87944456e-11	-2.6703e-05	-2.0981e-05	3.14715e-05	-133.266
1045.5954	10.316	6.88211308e-11	1.90736e-06	-9.5368e-06	5.72208e-06	-143.13
1047.0665	10.32	6.884781599999999e-11	1.52589e-05	-1.62126e-05	2.57493e-05	-36.606
1048.5378	10.324	6.887450119999999e-11	0.0	1.90736e-06	1.90736e-06	-135.0
1050.2973	10.328	6.890118639999999e-11	-7.05724e-05	2.3842e-05	7.91554e-05	165.516
1051.7849	10.332	6.89278716e-11	-3.24252e-05	-3.24252e-05	4.57766e-05	-139.128
1053.271	10.336	6.89545568e-11	-2.28883e-05	2.28883e-05	3.33788e-05	128.832
1055.0315	10.34	6.8981242e-11	-4.38693e-05	1.62126e-05	3.91009e-05	160.278
1056.5026	10.344	6.90079272e-11	3.81473e-06	7.62945e-06	1.14442e-05	29.358
1058.0063	10.348	6.90346124e-11	-2.47956e-05	-2.3842e-05	3.24252e-05	-139.764
1059.4936	10.352	6.90612976e-11	-6.00817e-05	1.43052e-05	6.38966e-05	157.65
1060.965	10.356	6.908798279999999e-11	-2.6703e-05	3.33788e-05	3.91009e-05	115.302
1062.7244	10.36	6.911466799999999e-11	-4.95913e-05	-2.47956e-05	5.24523e-05	-146.514
1064.1959	10.364	6.91413532e-11	-2.76567e-05	0.0	2.57493e-05	-178.602
1065.6671	10.368	6.91680384e-11	-3.43325e-05	-4.19619e-05	5.6267e-05	-130.602
1067.1546	10.372	6.91947236e-11	-6.2943e-05	-9.53682e-07	5.81744e-05	-178.65
1068.6579	10.376	6.92214088e-11	-3.81472e-05	2.86103e-05	4.19619e-05	135.0
1070.1454	10.38	6.9248094e-11	-3.33788e-05	1.62126e-05	3.52862e-05	152.448
1071.6327	10.384	6.92747792e-11	-4.76839e-05	-4.7684e-06	4.57766e-05	-168.342
1073.3759	10.388	6.93014644e-11	-2.86104e-06	-2.28883e-05	2.19346e-05	-76.374
1074.8787	10.392	6.932814959999999e-11	-2.86104e-06	-4.7684e-06	9.5368e-06	-141.84
1076.3506	10.396	6.93548348e-11	-2.6703e-05	-5.14986e-05	5.72207e-05	-114.774
1077.8379	10.4	6.938152e-11	-2.47956e-05	1.90736e-06	1.81199e-05	171.87
1079.3253	10.404	6.94082052e-11	-8.58313e-06	1.62126e-05	1.71663e-05	131.424
1081.0847	10.408	6.943489039999999e-11	2.76567e-05	-1.14442e-05	2.57493e-05	-29.538
1082.5716	10.412	6.94615756e-11	2.19346e-05	-1.71663e-05	2.86103e-05	-15.378
1084.0593	10.416	6.94882608e-11	2.57493e-05	-6.67575e-06	2.86103e-05	-3.9
1085.8024	10.42	6.9514946e-11	3.52862e-05	-6.67575e-06	3.71935e-05	-15.804
1087.3062	10.424	6.95416312e-11	3.33788e-05	1.90736e-05	4.19619e-05	35.34
1088.8093	10.428	6.95683164e-11	2.3842e-05	3.81473e-06	2.00273e-05	10.494
1090.2809	10.432	6.95950016e-11	2.47956e-05	3.33788e-05	4.38693e-05	45.0
1091.7523	10.436	6.962168679999999e-11	4.38693e-05	2.0981e-05	5.24523e-05	39.63
1093.5117	10.44	6.964837199999999e-11	7.82018e-05	4.48229e-05	8.29701e-05	30.882
1094.999	10.444	6.96750572e-11	1.43052e-05	2.76567e-05	3.52862e-05	79.218
1096.4864	10.448	6.97017424e-11	5.72208e-06	1.90736e-05	1.62126e-05	82.566
1097.9736	10.452	6.97284276e-11	-2.6703e-05	8.58313e-06	2.86103e-05	163.302
1099.4611	10.456	6.97551128e-11	-1.33515e-05	5.72208e-06	1.33515e-05	154.656
1100.9644	10.46	6.978179800000001e-11	0.0	2.57493e-05	2.57493e-05	121.704
1102.4517	10.464	6.980848319999999e-11	1.23978e-05	4.10082e-05	4.29156e-05	78.858
1104.2112	10.468	6.983516839999999e-11	1.33515e-05	5.43597e-05	5.43597e-05	75.438
1105.714	10.472	6.986185359999999e-11	2.28883e-05	-1.43052e-05	3.71935e-05	-22.752
1107.2017	10.476	6.98885388e-11	-1.81199e-05	-1.62126e-05	1.90736e-05	-150.522
1108.7211	10.48	6.9915224e-11	9.5368e-06	-1.52589e-05	2.86103e-05	-29.874
1110.2083	10.484	6.99419092e-11	-1.81199e-05	-3.81473e-06	2.0981e-05	-164.292
1111.9678	10.488	6.99685944e-11	1.14442e-05	1.04905e-05	1.71663e-05	43.602
1113.4391	10.492	6.99952796e-11	5.53133e-05	3.81472e-05	6.5804e-05	33.024
1114.9263	10.496	7.00219648e-11	4.19619e-05	-7.62945e-06	3.91009e-05	-5.196
1116.6698	10.5	7.004865e-11	-1.04905e-05	2.86103e-05	3.14715e-05	118.14
1118.1729	10.504	7.007533519999999e-11	6.67575e-06	5.72208e-06	1.43052e-05	2.388
1119.6604	10.508	7.010202039999999e-11	4.57766e-05	3.24252e-05	5.81744e-05	27.726
1121.1317	10.512	7.01287056e-11	-3.33788e-05	2.9564e-05	4.95913e-05	144.714
1122.6025	10.516	7.01553908e-11	-4.7684e-06	-2.76567e-05	2.76567e-05	-100.782
1124.3466	10.52	7.018207599999999e-11	-2.57493e-05	2.86103e-05	3.62399e-05	127.506
1125.8339	10.524	7.020876119999999e-11	-7.24797e-05	1.81199e-05	7.34334e-05	169.41
1127.3054	10.528	7.02354464e-11	-2.28883e-05	5.72208e-06	1.52589e-05	120.066
1128.7927	10.532	7.02621316e-11	-3.14715e-05	2.86103e-05	4.29156e-05	145.812
1130.2641	10.536	7.02888168e-11	-3.33788e-05	-3.43325e-05	5.0545e-05	-135.99
1131.7509	10.54	7.031550199999998e-11	-1.33515e-05	3.05178e-05	3.24252e-05	119.292
1133.2381	10.544	7.03421872e-11	3.24252e-05	-1.04905e-05	2.19346e-05	-45.0
1135.0139	10.548	7.03688724e-11	-1.62126e-05	-8.58313e-06	1.04905e-05	-135.0
1136.5005	10.552	7.039555759999999e-11	-2.6703e-05	-3.81473e-06	2.57493e-05	-175.488
1138.0043	10.556	7.042224279999999e-11	3.62399e-05	-9.5368e-06	3.91009e-05	-17.574
1139.4922	10.56	7.0448928e-11	-1.33515e-05	5.72208e-06	8.58313e-06	161.568
1140.9793	10.564	7.04756132e-11	-1.71663e-05	3.81473e-06	2.28883e-05	175.812
1142.7383	10.568	7.05022984e-11	4.76839e-05	-2.47956e-05	6.2943e-05	-25.536
1144.2263	10.572	7.05289836e-11	4.57766e-05	6.38966e-05	7.82018e-05	50.574
1145.6965	10.576	7.05556688e-11	4.00546e-05	1.33515e-05	3.62399e-05	18.78
1147.4729	10.58	7.058235399999999e-11	3.52862e-05	2.47956e-05	5.6267e-05	32.52
1148.9602	10.584	7.060903919999999e-11	-5.3406e-05	3.33788e-05	6.38966e-05	154.512
1150.4316	10.588	7.063572439999999e-11	5.53133e-05	0.0	5.14986e-05	-2.322
1151.9185	10.592	7.06624096e-11	-1.62126e-05	-1.62126e-05	2.57493e-05	-149.034
1153.4065	10.596	7.06890948e-11	5.72207e-05	4.10082e-05	7.05724e-05	38.064
1154.9097	10.6	7.071578e-11	1.33515e-05	2.47956e-05	3.24252e-05	60.522
1156.3968	10.604	7.07424652e-11	-3.33788e-05	3.81473e-06	3.62399e-05	-178.98
1157.868	10.608	7.07691504e-11	2.57493e-05	-9.5368e-06	2.57493e-05	-10.716
1159.3561	10.612	7.079583559999999e-11	-2.3842e-05	1.71663e-05	3.24252e-05	153.438
1160.8592	10.616	7.082252079999999e-11	-3.14715e-05	5.14986e-05	6.19893e-05	125.19
1162.3627	10.62	7.084920599999999e-11	-2.00273e-05	-4.00546e-05	4.00546e-05	-110.226
1163.8341	10.624	7.08758912e-11	-7.1526e-05	-3.91009e-05	7.43871e-05	-149.934
1165.3211	10.628	7.09025764e-11	-1.14442e-05	-6.67575e-06	8.58313e-06	-118.302
1167.0642	10.632	7.09292616e-11	-6.00817e-05	-5.72208e-06	5.3406e-05	-167.55
1168.568	10.636	7.095594679999999e-11	-1.52589e-05	-2.57493e-05	2.3842e-05	-97.35
1170.0556	10.64	7.0982632e-11	-2.00273e-05	6.67575e-06	2.28883e-05	147.174
1171.543	10.644	7.10093172e-11	-3.05178e-05	-1.04905e-05	3.14715e-05	-159.72
1173.286	10.648	7.10360024e-11	-5.0545e-05	1.23978e-05	5.9128e-05	165.666
1174.7896	10.652	7.106268759999999e-11	-9.5368e-06	-9.53682e-07	1.52589e-05	164.934
1176.277	10.656	7.10893728e-11	-2.3842e-05	-9.5368e-06	1.90736e-05	-168.69
1178.0361	10.66	7.1116058e-11	-3.14715e-05	-1.81199e-05	3.52862e-05	-154.398
1179.5077	10.664	7.114274319999999e-11	-3.81472e-05	3.05178e-05	4.19619e-05	137.79
1181.0112	10.668	7.116942839999999e-11	1.04905e-05	1.71663e-05	2.00273e-05	51.63
1182.4986	10.672	7.11961136e-11	0.0	1.90736e-06	6.67575e-06	45.0
1184.0019	10.676	7.12227988e-11	0.0	-9.53682e-07	1.90736e-06	45.0
1185.5044	10.68	7.1249484e-11	5.72208e-06	3.81473e-06	2.86104e-06	141.342
1186.9928	10.684	7.12761692e-11	-4.29156e-05	2.0981e-05	4.29156e-05	155.154
1188.4962	10.688	7.13028544e-11	7.43871e-05	0.0	8.10628e-05	6.546
1189.9828	10.692	7.132953959999999e-11	-1.43052e-05	3.81473e-06	1.23978e-05	156.036
1191.4701	10.696	7.135622479999999e-11	6.48503e-05	1.90736e-05	6.38966e-05	15.522
1192.9423	10.7	7.138290999999999e-11	1.52589e-05	5.72208e-06	1.52589e-05	18.432
1194.4129	10.704	7.14095952e-11	2.9564e-05	1.23978e-05	3.71935e-05	21.804
1196.1889	10.708	7.14362804e-11	8.58313e-06	1.90736e-05	2.0981e-05	88.266
1197.6764	10.712	7.14629656e-11	-1.90736e-06	4.29156e-05	4.00546e-05	91.008
1199.1638	10.716	7.14896508e-11	6.67575e-06	1.23978e-05	1.52589e-05	96.114
1200.6352	10.72	7.151633600000001e-11	3.33788e-05	6.67575e-06	3.62399e-05	13.536
1202.138	10.724	7.154302119999999e-11	-1.90736e-05	1.81199e-05	2.86103e-05	135.912
1203.8655	10.728	7.156970639999999e-11	-1.90736e-06	3.62399e-05	3.62399e-05	86.88
1205.3524	10.732	7.159639159999999e-11	1.71663e-05	3.14715e-05	3.43325e-05	61.86
1206.8243	10.736	7.16230768e-11	-3.43325e-05	3.43325e-05	5.24523e-05	133.062
1208.5838	10.74	7.1649762e-11	-9.5368e-06	3.71935e-05	3.91009e-05	104.268
1210.0552	10.744	7.16764472e-11	-3.43325e-05	4.48229e-05	5.9128e-05	126.87
1211.5425	10.748	7.17031324e-11	-2.47956e-05	2.57493e-05	3.52862e-05	139.638
1213.0298	10.752	7.17298176e-11	-4.57766e-05	4.10082e-05	5.72207e-05	135.936
1214.5173	10.756	7.17565028e-11	-4.57766e-05	1.71663e-05	5.0545e-05	171.87
1216.0044	10.76	7.178318799999999e-11	-5.14986e-05	-2.9564e-05	5.6267e-05	-144.948
1217.5241	10.764	7.180987319999999e-11	-4.48229e-05	1.04905e-05	4.48229e-05	164.664
1219.0115	10.768	7.18365584e-11	-1.81199e-05	-2.6703e-05	2.86103e-05	-146.724
1220.5149	10.772	7.18632436e-11	-1.23978e-05	2.86103e-05	3.62399e-05	120.618
1221.9863	10.776	7.18899288e-11	4.7684e-06	-1.33515e-05	9.5368e-06	-49.398
1223.473	10.78	7.191661399999999e-11	1.71663e-05	-1.71663e-05	2.28883e-05	-47.388
1224.9611	10.784	7.19432992e-11	4.19619e-05	2.86104e-06	4.57766e-05	8.568
1226.4483	10.788	7.19699844e-11	-6.67575e-06	2.76567e-05	3.05178e-05	112.248
1228.2075	10.792	7.19966696e-11	8.58313e-06	4.10082e-05	4.48229e-05	77.124
1229.6791	10.796	7.20233548e-11	-5.72208e-06	2.19346e-05	2.57493e-05	123.342
1231.1667	10.8	7.205004e-11	1.33515e-05	4.48229e-05	4.38693e-05	69.024
1232.6693	10.804	7.20767252e-11	-2.0981e-05	1.81199e-05	3.24252e-05	160.2
1234.429	10.808	7.210341039999999e-11	-3.62399e-05	1.04905e-05	3.81472e-05	167.154
1235.9164	10.812	7.213009559999999e-11	-1.62126e-05	4.76839e-05	4.57766e-05	93.468
1237.4038	10.816	7.21567808e-11	9.5368e-06	-2.47956e-05	1.71663e-05	-92.724
1238.8911	10.82	7.2183466e-11	-6.67575e-06	2.19346e-05	2.86103e-05	112.008
1240.3625	10.824	7.22101512e-11	-1.52589e-05	-9.53682e-07	1.04905e-05	-168.69
1242.1215	10.828	7.22368364e-11	-1.23978e-05	4.7684e-06	2.57493e-05	167.472
1243.5932	10.832	7.22635216e-11	-2.76567e-05	-3.81473e-06	2.6703e-05	-167.322
1245.0648	10.836	7.229020679999999e-11	-3.14715e-05	-2.00273e-05	3.52862e-05	-138.096
1246.5681	10.84	7.231689199999999e-11	1.04905e-05	1.14442e-05	1.62126e-05	28.608
1248.0556	10.844	7.234357719999999e-11	-2.3842e-05	8.58313e-06	2.57493e-05	165.258
1249.5269	10.848	7.23702624e-11	-4.10082e-05	-5.72208e-06	3.52862e-05	176.496
1251.0302	10.852	7.23969476e-11	8.58313e-06	-1.62126e-05	2.19346e-05	-81.672
1252.5336	10.856	7.24236328e-11	-2.86104e-06	-2.6703e-05	2.6703e-05	-82.404
1254.2924	10.86	7.2450318e-11	9.5368e-06	1.52589e-05	2.00273e-05	41.184
1255.7957	10.864	7.247700320000001e-11	1.71663e-05	-2.86104e-06	1.23978e-05	-9.462
1257.2836	10.868	7.25036884e-11	1.23978e-05	-3.33788e-05	3.33788e-05	-66.642
1258.7711	10.872	7.253037359999999e-11	1.14442e-05	1.71663e-05	2.47956e-05	52.854
1260.2582	10.876	7.255705879999999e-11	-2.0981e-05	6.67575e-06	1.71663e-05	160.824
1261.7459	10.88	7.2583744e-11	3.05178e-05	4.76839e-05	6.00817e-05	54.96
1263.2327	10.884	7.26104292e-11	2.00273e-05	2.19346e-05	3.24252e-05	37.776
1264.9923	10.888	7.26371144e-11	-2.86104e-06	2.76567e-05	2.76567e-05	80.754
1266.4955	10.892	7.26637996e-11	1.04905e-05	2.0981e-05	2.3842e-05	71.076
1267.9511	10.896	7.26904848e-11	6.67575e-06	-1.90736e-05	1.81199e-05	-58.242
1269.4225	10.9	7.271717e-11	-6.00817e-05	1.81199e-05	6.48503e-05	161.028
1270.8939	10.904	7.27438552e-11	-3.05178e-05	-9.5368e-06	3.24252e-05	-165.066
1272.6366	10.908	7.277054039999999e-11	-1.52589e-05	1.14442e-05	1.52589e-05	131.424
1274.1244	10.912	7.27972256e-11	-3.62399e-05	-2.28883e-05	3.71935e-05	-139.398
1275.6116	10.916	7.28239108e-11	-5.81744e-05	-3.81472e-05	6.5804e-05	-145.494
1277.3551	10.92	7.2850596e-11	-5.53133e-05	0.0	5.24523e-05	176.286
1278.8425	10.924	7.287728119999999e-11	-5.81744e-05	3.71935e-05	6.8665e-05	144.21
1280.313	10.928	7.29039664e-11	-7.91554e-05	2.9564e-05	8.58312e-05	159.24
1281.8009	10.932	7.29306516e-11	-6.5804e-05	-6.00817e-05	9.05995e-05	-140.622
1283.2727	10.936	7.29573368e-11	-4.29156e-05	2.3842e-05	4.57766e-05	156.126
1285.0321	10.94	7.2984022e-11	-2.00273e-05	1.52589e-05	1.90736e-05	119.478
1286.5034	10.944	7.30107072e-11	-4.76839e-05	-4.7684e-06	4.48229e-05	-175.668
1288.0066	10.948	7.30373924e-11	-6.00817e-05	-5.81744e-05	8.67848e-05	-141.474
1289.4774	10.952	7.306407759999999e-11	-5.24523e-05	-2.00273e-05	6.2943e-05	-160.116
1290.9656	10.956	7.309076279999999e-11	-5.53133e-05	-4.19619e-05	5.72207e-05	-131.454
1292.453	10.96	7.3117448e-11	-1.43052e-05	-2.86104e-06	1.71663e-05	-173.886
1293.9404	10.964	7.31441332e-11	-8.58313e-06	2.28883e-05	2.3842e-05	102.876
1295.6835	10.968	7.31708184e-11	1.52589e-05	-2.28883e-05	3.14715e-05	-48.918
1297.1542	10.972	7.31975036e-11	-2.86104e-06	1.23978e-05	1.04905e-05	102.996
1298.6416	10.976	7.322418880000001e-11	1.90736e-06	-2.47956e-05	2.57493e-05	-95.442
1300.1138	10.98	7.325087399999999e-11	-1.62126e-05	-6.67575e-06	1.62126e-05	172.878
1301.585	10.984	7.327755919999999e-11	4.10082e-05	-5.43597e-05	6.5804e-05	-52.896
1303.0727	10.988	7.330424439999999e-11	2.9564e-05	2.3842e-05	3.71935e-05	41.382
1304.576	10.992	7.33309296e-11	7.24797e-05	-2.76567e-05	7.34334e-05	-22.494
1306.0632	10.996	7.33576148e-11	4.10082e-05	1.23978e-05	3.91009e-05	10.92
1307.8225	11.0	7.33843e-11	6.10356e-05	1.14442e-05	6.10356e-05	12.666
1309.294	11.004	7.34109852e-11	2.57493e-05	-9.53682e-07	2.86103e-05	-3.732
1310.7808	11.008	7.343767039999999e-11	0.000102044	-9.53682e-07	0.00010109	2.274
1312.2527	11.012	7.34643556e-11	6.77113e-05	1.04905e-05	6.96187e-05	8.916
1313.7394	11.016	7.34910408e-11	5.9128e-05	6.67575e-06	5.3406e-05	6.498
1315.4994	11.02	7.351772599999999e-11	2.47956e-05	5.43597e-05	6.19893e-05	61.536
1316.9867	11.024	7.354441119999999e-11	1.71663e-05	2.47956e-05	2.86103e-05	65.136
1318.4742	11.028	7.35710964e-11	2.3842e-05	3.71935e-05	4.57766e-05	58.338
1319.9614	11.032	7.35977816e-11	-4.76839e-05	3.91009e-05	6.19893e-05	139.872
1321.4488	11.036	7.36244668e-11	2.57493e-05	8.58313e-06	2.19346e-05	41.184
1322.9363	11.04	7.365115199999999e-11	7.62945e-06	-2.6703e-05	2.86103e-05	-44.118
1324.4395	11.044	7.36778372e-11	-3.33788e-05	9.53682e-07	3.33788e-05	169.59
1325.9429	11.048	7.37045224e-11	1.04905e-05	-9.5368e-06	1.04905e-05	-50.196
1327.4306	11.052	7.37312076e-11	7.62945e-06	-1.14442e-05	1.71663e-05	-19.8
1328.9339	11.056	7.375789279999998e-11	-1.33515e-05	-4.38693e-05	4.19619e-05	-94.536
1330.4209	11.06	7.3784578e-11	-2.0981e-05	7.62945e-06	1.62126e-05	142.596
1331.9246	11.064	7.38112632e-11	1.62126e-05	-1.23978e-05	2.6703e-05	-27.15
1333.6831	11.068	7.383794839999999e-11	1.62126e-05	-5.72208e-06	1.90736e-05	-5.358
1335.1553	11.072	7.386463359999999e-11	2.00273e-05	-2.0981e-05	3.33788e-05	-41.904
1336.6426	11.076	7.38913188e-11	6.38966e-05	3.81473e-06	6.5804e-05	0.0
1338.13	11.08	7.3918004e-11	2.3842e-05	0.0	2.76567e-05	-2.664
1339.6331	11.084	7.39446892e-11	3.91009e-05	1.04905e-05	3.91009e-05	10.92
1341.1365	11.088	7.39713744e-11	1.33515e-05	2.0981e-05	3.33788e-05	47.934
1342.6238	11.092	7.39980596e-11	-7.62945e-06	1.90736e-05	1.90736e-05	107.82
1344.1107	11.096	7.402474479999999e-11	3.24252e-05	5.72208e-06	2.57493e-05	18.924
1345.8706	11.1	7.405142999999999e-11	5.43597e-05	3.33788e-05	6.00817e-05	37.764
1347.3579	11.104	7.407811519999999e-11	3.24252e-05	3.24252e-05	4.76839e-05	51.708
1348.8452	11.108	7.41048004e-11	3.52862e-05	4.86376e-05	6.2943e-05	44.148
1350.3646	11.112	7.41314856e-11	2.19346e-05	2.6703e-05	3.71935e-05	45.0
1351.8519	11.116	7.41581708e-11	7.91554e-05	3.52862e-05	8.77385e-05	21.066
1353.3396	11.12	7.4184856e-11	-1.14442e-05	2.00273e-05	2.19346e-05	119.052
1354.8424	11.124	7.42115412e-11	4.19619e-05	2.9564e-05	4.38693e-05	55.08
1356.6178	11.128	7.423822639999999e-11	4.67303e-05	-6.67575e-06	4.57766e-05	-3.972
1358.0896	11.132	7.426491159999999e-11	5.6267e-05	4.19619e-05	6.96187e-05	36.432
1359.5923	11.136	7.429159679999999e-11	5.9128e-05	2.19346e-05	7.43871e-05	23.91
1361.0804	11.14	7.4318282e-11	4.19619e-05	3.43325e-05	5.3406e-05	36.57
1362.5673	11.144	7.43449672e-11	1.23978e-05	3.05178e-05	3.81472e-05	61.878
1364.2951	11.148	7.43716524e-11	7.05724e-05	3.81472e-05	7.91554e-05	26.562
1365.7822	11.152	7.439833759999999e-11	-6.67575e-06	5.0545e-05	5.0545e-05	95.406
1367.2857	11.156	7.44250228e-11	3.14715e-05	3.52862e-05	5.53133e-05	38.97
1368.7891	11.16	7.4451708e-11	1.23978e-05	4.57766e-05	5.14986e-05	70.074
1370.2763	11.164	7.447839319999999e-11	3.05178e-05	2.86103e-05	4.48229e-05	46.146
1371.7477	11.168	7.450507839999999e-11	2.57493e-05	4.29156e-05	5.14986e-05	57.846
1373.2514	11.172	7.45317636e-11	-1.33515e-05	1.33515e-05	1.52589e-05	113.202
1374.7537	11.176	7.45584488e-11	-3.05178e-05	2.86104e-06	3.52862e-05	178.992
1376.5297	11.18	7.458513399999999e-11	5.72208e-06	-1.43052e-05	1.23978e-05	-104.742
1378.0332	11.184	7.461181919999999e-11	-2.28883e-05	-1.62126e-05	2.57493e-05	-141.114
1379.5208	11.188	7.46385044e-11	-2.28883e-05	-2.28883e-05	3.52862e-05	-136.434
1380.9922	11.192	7.46651896e-11	-4.00546e-05	6.67575e-06	4.19619e-05	172.404
1382.4954	11.196	7.46918748e-11	-5.6267e-05	-9.53682e-07	5.72207e-05	179.34
1383.9989	11.2	7.471856e-11	-3.05178e-05	9.5368e-06	3.24252e-05	162.978
1385.4865	11.204	7.47452452e-11	-3.62399e-05	-3.81473e-06	3.05178e-05	178.728
1386.9568	11.208	7.47719304e-11	-5.6267e-05	1.23978e-05	5.6267e-05	161.352
1388.7167	11.212	7.479861559999999e-11	-6.19893e-05	-1.81199e-05	5.9128e-05	-159.444
1390.188	11.216	7.482530079999999e-11	-1.71663e-05	-3.81473e-06	1.52589e-05	-169.218
1391.6758	11.22	7.4851986e-11	-7.53407e-05	1.14442e-05	7.72481e-05	174.096
1393.1629	11.224	7.48786712e-11	-4.29156e-05	-2.86103e-05	4.38693e-05	-145.008
1394.9385	11.228	7.49053564e-11	-8.86922e-05	1.90736e-06	9.44142e-05	-178.83
1396.4256	11.232	7.49320416e-11	-0.000100136	2.47956e-05	0.00010109	159.666
1397.9131	11.236	7.49587268e-11	-7.82018e-05	4.86376e-05	9.44142e-05	148.83
1399.4004	11.24	7.498541199999999e-11	-0.000124932	-2.0981e-05	0.000124932	-173.22
1400.8879	11.244	7.501209719999999e-11	-7.53407e-05	-7.62945e-06	7.72481e-05	-173.712
1402.3752	11.248	7.503878239999999e-11	-8.20165e-05	-2.6703e-05	8.96459e-05	-163.704
1403.8465	11.252	7.50654676e-11	-5.6267e-05	3.05178e-05	6.38966e-05	152.07
1405.3501	11.256	7.50921528e-11	-5.6267e-05	1.62126e-05	5.24523e-05	164.358
1407.0931	11.26	7.5118838e-11	-5.3406e-05	-2.6703e-05	7.05724e-05	-162.042
1408.5809	11.264	7.51455232e-11	-4.29156e-05	-3.24252e-05	4.86376e-05	-130.008
1410.0522	11.268	7.51722084e-11	-2.28883e-05	8.58313e-06	2.3842e-05	150.804
1411.5236	11.272	7.51988936e-11	-1.33515e-05	2.6703e-05	2.86103e-05	117.18
1413.0108	11.276	7.522557879999999e-11	-3.81472e-05	4.7684e-06	3.43325e-05	-174.174
1414.4981	11.28	7.525226399999999e-11	1.04905e-05	5.24523e-05	5.3406e-05	82.962
1415.9698	11.284	7.52789492e-11	-1.14442e-05	-1.33515e-05	1.23978e-05	-120.966
1417.7126	11.288	7.53056344e-11	-2.76567e-05	9.5368e-06	3.05178e-05	166.266
1419.2005	11.292	7.53323196e-11	1.90736e-06	3.52862e-05	3.52862e-05	72.252
1420.703	11.296	7.535900479999999e-11	3.52862e-05	2.0981e-05	5.72207e-05	30.432
1422.2067	11.3	7.538569e-11	4.48229e-05	5.9128e-05	7.91554e-05	44.67
1423.6939	11.304	7.54123752e-11	3.71935e-05	2.3842e-05	4.38693e-05	29.31
1425.4529	11.308	7.54390604e-11	7.05724e-05	6.19893e-05	9.05995e-05	43.782
1426.9411	11.312	7.546574559999999e-11	6.19893e-05	8.77385e-05	0.000107766	57.66
1428.4279	11.316	7.54924308e-11	0.000104905	8.77385e-05	0.000135423	40.602
1429.9158	11.32	7.5519116e-11	0.000120163	4.38693e-05	0.000124932	24.366
1431.4035	11.324	7.554580119999999e-11	0.000108719	4.48229e-05	0.00011921	22.098
1433.1627	11.328	7.557248639999999e-11	4.48229e-05	5.43597e-05	6.67577e-05	50.964
1434.6658	11.332	7.55991716e-11	0.000128747	7.72481e-05	0.000148774	29.586
1436.1535	11.336	7.56258568e-11	5.24523e-05	6.5804e-05	8.29701e-05	49.2
1437.6249	11.34	7.5652542e-11	4.19619e-05	7.53407e-05	9.05995e-05	57.906
1439.1123	11.344	7.56792272e-11	4.95913e-05	5.14986e-05	6.96187e-05	46.548
1440.6156	11.348	7.57059124e-11	8.58313e-06	7.72481e-05	7.62944e-05	82.878
1442.087	11.352	7.57325976e-11	0.0	6.8665e-05	6.8665e-05	90.0
1443.5745	11.356	7.575928279999999e-11	7.62945e-06	3.52862e-05	3.62399e-05	85.764
1445.3328	11.36	7.578596799999999e-11	4.38693e-05	4.95913e-05	7.72481e-05	44.676
1446.8371	11.364	7.58126532e-11	6.67575e-06	1.71663e-05	1.90736e-05	91.788
1448.3245	11.368	7.58393384e-11	-4.67303e-05	2.86104e-06	4.76839e-05	175.098
1449.8109	11.372	7.58660236e-11	-5.3406e-05	5.72208e-06	5.53133e-05	172.536
1451.2994	11.376	7.58927088e-11	-3.62399e-05	1.52589e-05	4.57766e-05	158.79
1452.8022	11.38	7.591939400000001e-11	1.23978e-05	-1.62126e-05	2.0981e-05	-39.804
1454.2903	11.384	7.594607919999999e-11	1.71663e-05	-3.81472e-05	4.19619e-05	-50.772
1456.0655	11.388	7.597276439999999e-11	-1.90736e-06	-3.24252e-05	3.43325e-05	-86.058
1457.5527	11.392	7.599944959999999e-11	2.28883e-05	-5.0545e-05	5.53133e-05	-60.42
1459.0564	11.396	7.60261348e-11	2.86103e-05	-1.62126e-05	3.05178e-05	-36.636
1460.5437	11.4	7.605282e-11	4.10082e-05	-1.23978e-05	4.86376e-05	-17.49
1462.0311	11.404	7.60795052e-11	8.58312e-05	-1.90736e-05	9.05995e-05	-11.394
1463.7743	11.408	7.61061904e-11	5.0545e-05	1.62126e-05	5.53133e-05	10.122
1465.2775	11.412	7.61328756e-11	8.10628e-05	1.04905e-05	8.01091e-05	10.392
1466.7811	11.416	7.61595608e-11	4.48229e-05	4.19619e-05	6.38966e-05	43.314
1468.5243	11.42	7.6186246e-11	5.9128e-05	1.52589e-05	6.5804e-05	10.758
1470.0116	11.424	7.621293119999999e-11	9.82289e-05	1.52589e-05	9.91826e-05	8.892
1471.4829	11.428	7.62396164e-11	6.96187e-05	6.67577e-05	9.82289e-05	44.196
1472.9862	11.432	7.62663016e-11	6.48503e-05	-3.81473e-06	6.19893e-05	-3.048
1474.4737	11.436	7.62929868e-11	4.19619e-05	-3.81473e-06	4.19619e-05	1.818
1475.9612	11.44	7.631967199999999e-11	3.05178e-05	3.71935e-05	5.3406e-05	46.848
1477.4324	11.444	7.63463572e-11	1.33515e-05	6.5804e-05	6.38966e-05	81.348
1478.936	11.448	7.63730424e-11	6.67575e-06	2.00273e-05	2.00273e-05	62.592
1480.4064	11.452	7.63997276e-11	5.72207e-05	4.00546e-05	8.01091e-05	34.416
1481.8946	11.456	7.64264128e-11	3.81473e-06	2.28883e-05	2.19346e-05	84.642
1483.3978	11.46	7.6453098e-11	-4.00546e-05	1.90736e-06	3.24252e-05	180.0
1484.8853	11.464	7.64797832e-11	2.86104e-06	2.19346e-05	2.57493e-05	50.712
1486.6445	11.468	7.650646839999999e-11	-3.71935e-05	-4.7684e-06	2.6703e-05	-162.552
1488.1311	11.472	7.653315359999999e-11	-9.34605e-05	3.81473e-06	9.72752e-05	177.708
1489.6192	11.476	7.65598388e-11	-8.86922e-05	-1.52589e-05	9.15532e-05	-171.282
1491.1066	11.48	7.6586524e-11	-4.29156e-05	1.43052e-05	4.48229e-05	161.568
1492.5939	11.484	7.66132092e-11	-2.86103e-05	1.33515e-05	3.14715e-05	159.306
1494.3206	11.488	7.66398944e-11	-7.34334e-05	-1.71663e-05	7.72481e-05	-166.314
1495.8079	11.492	7.666657960000001e-11	-3.43325e-05	-6.8665e-05	7.62944e-05	-112.542
1497.328	11.496	7.669326479999999e-11	-2.6703e-05	-6.67575e-06	2.47956e-05	-153.438
1498.7992	11.5	7.671994999999999e-11	3.81473e-06	-3.14715e-05	3.24252e-05	-83.538
1500.2861	11.504	7.674663519999999e-11	-1.43052e-05	-2.3842e-05	2.47956e-05	-117.978
1501.7738	11.508	7.677332039999999e-11	1.43052e-05	-3.33788e-05	3.14715e-05	-80.136
1503.2775	11.512	7.68000056e-11	1.62126e-05	1.33515e-05	1.71663e-05	34.38
1504.7647	11.516	7.68266908e-11	2.86103e-05	3.81473e-06	3.14715e-05	-3.366
1506.5074	11.52	7.6853376e-11	4.19619e-05	-2.00273e-05	4.95913e-05	-20.556
1507.9796	11.524	7.68800612e-11	5.24523e-05	1.23978e-05	5.81744e-05	12.264
1509.4669	11.528	7.69067464e-11	3.91009e-05	4.38693e-05	6.00817e-05	48.108
1510.9537	11.532	7.693343159999999e-11	9.05995e-05	-2.86104e-06	8.58312e-05	-1.362
1512.4258	11.536	7.696011679999999e-11	3.91009e-05	9.53682e-07	4.10082e-05	5.526
1513.913	11.54	7.698680199999999e-11	5.0545e-05	5.3406e-05	7.05724e-05	42.234
1515.4007	11.544	7.70134872e-11	6.77113e-05	2.3842e-05	7.53407e-05	21.612
1517.16	11.548	7.70401724e-11	-3.81473e-06	5.81744e-05	5.9128e-05	90.0
1518.6471	11.552	7.70668576e-11	5.72208e-06	2.57493e-05	2.86103e-05	55.302
1520.118	11.556	7.709354279999999e-11	1.71663e-05	6.8665e-05	7.05724e-05	71.916
1521.6061	11.56	7.7120228e-11	2.3842e-05	1.71663e-05	2.6703e-05	45.0
1523.1093	11.564	7.71469132e-11	-1.43052e-05	4.10082e-05	4.38693e-05	118.968