Time (s) 	 Position (mm) 	 Delay (s) 	 X 	 Y 	 R 	 theta 
#Without Preamplifier,Fluence with Filter (NE07A-B), ZnTe detector angle 40deg, Chopper 230Hz, time constant=0.1s 18dB, waiting time= 0.9s, sensitivity=20mV
1.4599	7.37	4.9167480999999997e-11	1.90736e-06	1.14442e-05	1.23978e-05	59.532
2.9952	7.374	4.9194166199999995e-11	-1.04905e-05	1.33515e-05	2.0981e-05	147.654
4.4668	7.378	4.92208514e-11	-3.05178e-05	-1.71663e-05	3.71935e-05	-145.752
5.9547	7.382	4.92475366e-11	8.58313e-06	2.57493e-05	2.86103e-05	59.268
7.4418	7.386	4.9274221799999996e-11	-3.05178e-05	-1.14442e-05	3.71935e-05	-165.498
8.929	7.39	4.9300906999999994e-11	-1.23978e-05	-8.58313e-06	1.23978e-05	176.82
10.4332	7.394	4.93275922e-11	-3.24252e-05	1.23978e-05	2.57493e-05	137.202
11.8875	7.398	4.93542774e-11	4.67303e-05	3.14715e-05	5.14986e-05	37.662
13.3745	7.402	4.93809626e-11	1.43052e-05	-1.81199e-05	1.52589e-05	-66.372
14.8624	7.406	4.9407647799999993e-11	-2.86104e-06	3.62399e-05	3.33788e-05	94.968
16.3661	7.41	4.9434333e-11	5.9128e-05	-1.90736e-06	5.0545e-05	2.352
17.8371	7.414	4.9461018199999996e-11	3.24252e-05	-6.67575e-06	3.81472e-05	-23.202
19.3253	7.418	4.94877034e-11	2.86104e-06	3.81473e-06	4.7684e-06	60.948
20.8281	7.422	4.951438859999999e-11	1.90736e-06	1.04905e-05	1.62126e-05	63.438
22.3318	7.426	4.95410738e-11	-1.14442e-05	1.04905e-05	1.52589e-05	121.428
23.8027	7.43	4.9567758999999995e-11	-5.24523e-05	3.05178e-05	6.2943e-05	151.824
25.2752	7.434	4.95944442e-11	1.71663e-05	-2.0981e-05	2.86103e-05	-35.094
26.7616	7.438	4.96211294e-11	6.67575e-06	-1.33515e-05	1.52589e-05	-94.236
28.2648	7.442	4.9647814599999996e-11	-6.67575e-06	2.86104e-06	1.04905e-05	-164.478
29.7533	7.446	4.9674499799999995e-11	-9.53682e-07	4.76839e-05	4.67303e-05	85.794
31.2566	7.45	4.9701185e-11	-2.86104e-06	8.58313e-06	1.04905e-05	101.31
32.7431	7.454	4.97278702e-11	-3.43325e-05	-3.81472e-05	4.86376e-05	-125.058
34.2469	7.458	4.9754555399999996e-11	-1.81199e-05	5.72208e-06	1.62126e-05	152.358
35.7498	7.462	4.9781240599999994e-11	-1.33515e-05	3.71935e-05	4.67303e-05	126.87
37.2364	7.466	4.98079258e-11	2.86103e-05	-4.29156e-05	4.76839e-05	-58.452
38.9968	7.47	4.9834611e-11	1.62126e-05	-2.6703e-05	2.57493e-05	-45.0
40.4689	7.474	4.98612962e-11	2.28883e-05	-7.62945e-06	2.28883e-05	-17.352
42.2108	7.478	4.988798139999999e-11	-6.67575e-06	3.52862e-05	3.62399e-05	104.298
43.6833	7.482	4.99146666e-11	-7.62945e-06	-2.9564e-05	2.86103e-05	-81.162
45.1867	7.486	4.9941351799999996e-11	-6.67575e-06	-1.14442e-05	7.62945e-06	-153.438
46.6744	7.49	4.9968037e-11	6.67575e-06	0.0	1.43052e-05	23.748
48.1606	7.494	4.99947222e-11	-4.48229e-05	1.90736e-06	4.76839e-05	172.092
49.6641	7.498	5.00214074e-11	0.0	2.19346e-05	2.19346e-05	103.572
51.1519	7.502	5.0048092599999995e-11	-1.43052e-05	-1.62126e-05	2.19346e-05	-143.472
52.6559	7.506	5.00747778e-11	1.14442e-05	-9.5368e-06	1.71663e-05	-30.582
54.4143	7.51	5.0101463e-11	1.23978e-05	2.6703e-05	2.47956e-05	64.29
55.9014	7.514	5.0128148199999996e-11	-2.86103e-05	-4.7684e-06	2.57493e-05	-153.438
57.6603	7.518	5.0154833399999995e-11	3.24252e-05	-4.48229e-05	4.86376e-05	-52.956
59.1652	7.522	5.01815186e-11	3.81473e-06	7.62945e-06	8.58313e-06	71.568
60.6519	7.526	5.02082038e-11	1.23978e-05	2.19346e-05	2.28883e-05	49.968
62.1399	7.53	5.0234889e-11	-3.71935e-05	2.19346e-05	4.10082e-05	139.086
63.6434	7.534	5.0261574199999994e-11	-4.57766e-05	-2.0981e-05	4.95913e-05	-165.966
65.1305	7.538	5.02882594e-11	-2.0981e-05	-9.5368e-06	1.52589e-05	-169.218
66.6014	7.542	5.0314944599999997e-11	-9.5368e-06	0.0	1.14442e-05	176.988
68.1048	7.546	5.03416298e-11	-2.86104e-06	2.19346e-05	2.28883e-05	78.408
69.8631	7.55	5.036831499999999e-11	8.58313e-06	-6.67575e-06	1.52589e-05	-19.8
71.3669	7.554	5.03950002e-11	3.81473e-06	3.52862e-05	3.71935e-05	96.24
73.1264	7.558	5.0421685399999996e-11	-3.43325e-05	1.90736e-06	3.62399e-05	-172.746
74.6145	7.562	5.04483706e-11	-6.67575e-06	2.86104e-06	5.72208e-06	80.538
76.117	7.566	5.04750558e-11	0.0	-4.7684e-06	4.7684e-06	-142.122
77.6215	7.57	5.0501741e-11	1.33515e-05	-1.81199e-05	2.57493e-05	-48.942
79.1239	7.574	5.0528426199999995e-11	-7.62945e-06	1.04905e-05	1.43052e-05	106.926
80.627	7.578	5.05551114e-11	-2.28883e-05	-1.43052e-05	2.3842e-05	-132.798
82.1153	7.582	5.05817966e-11	-1.14442e-05	1.52589e-05	1.90736e-05	124.212
83.6018	7.586	5.0608481799999996e-11	4.76839e-05	-1.81199e-05	5.14986e-05	-23.586
85.073	7.59	5.0635166999999994e-11	-2.0981e-05	-8.58313e-06	1.23978e-05	-120.258
86.561	7.594	5.06618522e-11	1.43052e-05	3.62399e-05	3.81472e-05	70.278
88.0482	7.598	5.06885374e-11	-1.14442e-05	-2.0981e-05	2.28883e-05	-127.236
89.5519	7.602	5.07152226e-11	-1.04905e-05	1.62126e-05	2.57493e-05	146.61
91.0227	7.606	5.0741907799999994e-11	-1.14442e-05	1.52589e-05	1.62126e-05	139.086
92.7669	7.61	5.0768593e-11	-2.86104e-06	-4.29156e-05	4.10082e-05	-98.97
94.2535	7.614	5.0795278199999997e-11	-3.14715e-05	0.0	2.47956e-05	-157.008
96.0445	7.618	5.08219634e-11	-2.6703e-05	-2.86104e-06	2.0981e-05	156.252
97.5476	7.622	5.08486486e-11	-1.43052e-05	1.04905e-05	2.57493e-05	144.462
99.0503	7.626	5.08753338e-11	-1.43052e-05	7.62945e-06	1.52589e-05	143.616
100.5546	7.63	5.0902018999999996e-11	0.0	2.28883e-05	2.57493e-05	126.024
102.0581	7.634	5.09287042e-11	-1.81199e-05	-1.33515e-05	1.52589e-05	-122.904
103.5456	7.638	5.09553894e-11	-2.47956e-05	2.19346e-05	3.24252e-05	128.832
105.0338	7.642	5.09820746e-11	-2.47956e-05	1.04905e-05	2.76567e-05	159.906
106.5532	7.646	5.1008759799999995e-11	-6.67575e-06	3.81473e-06	1.90736e-06	-77.004
108.3434	7.65	5.1035445e-11	-2.6703e-05	-3.33788e-05	4.57766e-05	-135.57
109.8799	7.654	5.10621302e-11	2.28883e-05	2.86103e-05	2.9564e-05	67.38
111.6392	7.658	5.10888154e-11	-2.00273e-05	1.81199e-05	2.57493e-05	135.0
113.1266	7.662	5.1115500599999994e-11	-2.3842e-05	-9.5368e-06	2.3842e-05	-149.856
114.6293	7.666	5.11421858e-11	-1.52589e-05	-7.62945e-06	2.28883e-05	-159.276
116.1168	7.67	5.1168871e-11	-2.3842e-05	-1.71663e-05	2.3842e-05	-147.996
117.5878	7.674	5.11955562e-11	3.24252e-05	4.76839e-05	6.19893e-05	57.126
119.0759	7.678	5.12222414e-11	1.90736e-06	-2.00273e-05	1.90736e-05	-93.69
120.5785	7.682	5.12489266e-11	1.23978e-05	5.72208e-06	1.62126e-05	29.748
122.0819	7.686	5.1275611799999996e-11	-9.53682e-07	-1.71663e-05	1.52589e-05	-113.202
123.5528	7.69	5.1302297e-11	-7.62945e-06	1.71663e-05	2.00273e-05	99.162
125.0569	7.694	5.13289822e-11	-1.33515e-05	-2.86104e-06	1.52589e-05	133.452
126.544	7.698	5.13556674e-11	1.23978e-05	-2.0981e-05	2.47956e-05	-49.236
128.0312	7.702	5.1382352599999996e-11	2.00273e-05	2.57493e-05	3.52862e-05	45.0
129.5196	7.706	5.14090378e-11	3.91009e-05	1.52589e-05	3.71935e-05	24.078
131.0068	7.71	5.1435723e-11	3.52862e-05	-4.00546e-05	5.9128e-05	-39.156
132.494	7.714	5.1462408200000003e-11	4.38693e-05	-2.86104e-06	4.10082e-05	-7.854
133.981	7.718	5.1489093399999995e-11	-8.58313e-06	1.71663e-05	2.19346e-05	122.826
135.4691	7.722	5.15157786e-11	0.0	4.76839e-05	4.67303e-05	82.674
136.9566	7.726	5.15424638e-11	3.81473e-06	-4.95913e-05	5.24523e-05	-89.316
138.7158	7.73	5.1569149e-11	1.04905e-05	1.90736e-06	3.81473e-06	-26.562
140.2024	7.734	5.1595834199999994e-11	3.71935e-05	2.57493e-05	4.76839e-05	31.506
141.9785	7.738	5.16225194e-11	2.19346e-05	3.62399e-05	4.10082e-05	64.29
143.4659	7.742	5.16492046e-11	-1.04905e-05	-1.71663e-05	1.90736e-05	-119.982
144.9853	7.746	5.16758898e-11	-1.90736e-06	1.90736e-06	5.72208e-06	68.196
146.4718	7.75	5.1702575e-11	-2.6703e-05	-1.90736e-05	3.24252e-05	-146.634
147.976	7.754	5.172926019999999e-11	-1.04905e-05	1.90736e-06	1.33515e-05	-160.824
149.4795	7.758	5.1755945399999996e-11	-6.67575e-06	-1.43052e-05	1.14442e-05	-93.366
150.9817	7.762	5.1782630599999995e-11	-1.81199e-05	-2.86104e-06	1.90736e-05	174.096
152.5019	7.766	5.18093158e-11	-2.00273e-05	-2.86104e-06	3.14715e-05	175.602
154.2764	7.77	5.1836001e-11	-7.62945e-06	1.81199e-05	1.81199e-05	75.468
155.7803	7.774	5.1862686199999996e-11	-2.86104e-06	3.81472e-05	4.29156e-05	99.186
157.5386	7.778	5.1889371399999994e-11	9.53682e-07	1.81199e-05	1.71663e-05	92.118
159.0433	7.782	5.19160566e-11	1.71663e-05	3.81473e-06	1.81199e-05	19.8
160.5128	7.786	5.1942741799999997e-11	6.67575e-06	-2.28883e-05	2.57493e-05	-62.82
162.0018	7.79	5.1969426999999995e-11	-3.14715e-05	1.90736e-05	3.24252e-05	139.398
163.4569	7.794	5.199611219999999e-11	1.33515e-05	3.91009e-05	4.29156e-05	83.292
164.9445	7.798	5.20227974e-11	6.67575e-06	-2.57493e-05	2.6703e-05	-76.608
166.4319	7.802	5.2049482599999996e-11	1.43052e-05	1.43052e-05	2.0981e-05	33.69
167.9197	7.806	5.20761678e-11	-1.81199e-05	-1.33515e-05	1.43052e-05	-120.966
169.662	7.81	5.210285299999999e-11	-3.33788e-05	8.58313e-06	2.9564e-05	160.644
171.1504	7.814	5.21295382e-11	2.86103e-05	1.62126e-05	3.33788e-05	26.562
172.9081	7.818	5.2156223399999995e-11	-1.81199e-05	1.23978e-05	2.19346e-05	135.0
174.397	7.822	5.21829086e-11	3.81473e-06	1.71663e-05	1.52589e-05	108.432
175.8838	7.826	5.220959379999999e-11	-5.3406e-05	9.53682e-07	5.3406e-05	178.566
177.3873	7.83	5.2236278999999996e-11	-4.7684e-06	3.71935e-05	3.91009e-05	90.0
178.8753	7.834	5.2262964199999994e-11	2.00273e-05	1.90736e-05	3.24252e-05	33.996
180.3779	7.838	5.22896494e-11	-4.57766e-05	3.81473e-06	4.38693e-05	171.252
181.8659	7.842	5.23163346e-11	8.58313e-06	-2.0981e-05	2.57493e-05	-69.906
183.3694	7.846	5.2343019799999995e-11	-7.62945e-06	-5.81744e-05	5.72207e-05	-101.85
185.1447	7.85	5.2369704999999994e-11	3.81473e-06	-8.58313e-06	8.58313e-06	-85.914
186.6313	7.854	5.23963902e-11	1.90736e-06	8.58313e-06	1.23978e-05	64.656
188.3912	7.858	5.2423075399999997e-11	-2.19346e-05	-4.29156e-05	4.38693e-05	-119.052
189.8941	7.862	5.2449760599999995e-11	1.71663e-05	5.72208e-06	2.0981e-05	33.18
191.3818	7.866	5.247644579999999e-11	3.52862e-05	3.81473e-06	4.38693e-05	0.786
192.8855	7.87	5.2503131e-11	6.67575e-06	-5.72208e-06	3.81473e-06	-53.13
194.3568	7.874	5.2529816199999996e-11	-3.71935e-05	3.14715e-05	5.24523e-05	144.546
195.8442	7.878	5.25565014e-11	-2.76567e-05	1.23978e-05	3.43325e-05	151.05
197.3469	7.882	5.258318659999999e-11	2.47956e-05	4.19619e-05	5.14986e-05	61.506
198.8669	7.886	5.26098718e-11	-1.33515e-05	2.00273e-05	2.47956e-05	109.356
200.3544	7.89	5.2636556999999995e-11	1.71663e-05	1.90736e-06	1.23978e-05	25.02
201.8737	7.894	5.26632422e-11	1.14442e-05	-2.76567e-05	3.05178e-05	-72.348
203.665	7.898	5.26899274e-11	-9.53682e-07	-4.7684e-06	9.53682e-07	45.0
205.1843	7.902	5.2716612599999996e-11	-9.53682e-07	1.52589e-05	1.71663e-05	106.698
206.7037	7.906	5.2743297799999994e-11	1.90736e-06	-2.86104e-06	7.62945e-06	12.996
208.2069	7.91	5.2769983e-11	-3.05178e-05	1.52589e-05	2.86103e-05	142.854
209.6945	7.914	5.27966682e-11	3.81473e-06	4.38693e-05	4.38693e-05	80.25
211.1817	7.918	5.2823353399999995e-11	8.58313e-06	2.3842e-05	2.57493e-05	82.878
212.6532	7.922	5.2850038599999994e-11	3.81473e-06	1.90736e-06	1.90736e-06	78.69
214.1407	7.926	5.28767238e-11	2.86104e-06	-2.6703e-05	2.28883e-05	-103.134
215.9159	7.93	5.2903408999999996e-11	-2.00273e-05	5.72208e-06	2.19346e-05	165.528
217.4181	7.934	5.29300942e-11	3.81473e-06	3.81473e-06	3.81473e-06	90.0
219.1774	7.938	5.295677939999999e-11	1.90736e-06	-2.86104e-06	7.62945e-06	-26.562
220.666	7.942	5.29834646e-11	6.67575e-06	2.19346e-05	2.28883e-05	57.264
222.1681	7.946	5.3010149799999996e-11	3.05178e-05	0.0	2.6703e-05	-4.398
223.6717	7.95	5.3036835e-11	4.95913e-05	3.24252e-05	5.72207e-05	30.162
225.176	7.954	5.30635202e-11	-1.81199e-05	0.0	8.58313e-06	-119.052
226.6633	7.958	5.3090205399999997e-11	3.24252e-05	5.72208e-06	3.24252e-05	20.694
228.1667	7.962	5.3116890599999995e-11	-3.62399e-05	-1.90736e-05	4.57766e-05	-160.236
229.654	7.966	5.31435758e-11	2.28883e-05	-1.71663e-05	1.90736e-05	-46.734
231.4133	7.97	5.3170261e-11	1.62126e-05	2.3842e-05	3.14715e-05	55.374
232.9006	7.974	5.3196946199999996e-11	1.33515e-05	-4.19619e-05	4.38693e-05	-63.822
234.6755	7.978	5.3223631399999994e-11	2.6703e-05	-1.04905e-05	3.81472e-05	-10.392
236.1633	7.982	5.32503166e-11	1.23978e-05	1.14442e-05	2.00273e-05	37.566
237.6667	7.986	5.32770018e-11	2.86104e-06	4.19619e-05	4.19619e-05	72.15
239.153	7.99	5.3303687e-11	6.67575e-06	2.47956e-05	2.6703e-05	70.71
240.6415	7.994	5.3330372199999993e-11	3.52862e-05	2.57493e-05	4.00546e-05	39.426
242.1281	7.998	5.33570574e-11	-4.7684e-06	5.14986e-05	5.0545e-05	92.388
243.6314	8.002	5.33837426e-11	-9.5368e-06	3.43325e-05	3.43325e-05	100.206
245.1195	8.006	5.34104278e-11	1.04905e-05	3.05178e-05	3.14715e-05	91.218
246.8618	8.01	5.343711299999999e-11	-3.14715e-05	4.19619e-05	6.00817e-05	131.13
248.3501	8.014	5.346379819999999e-11	-1.71663e-05	5.72208e-06	1.52589e-05	180.0
249.8695	8.018	5.34904834e-11	-7.62945e-06	3.91009e-05	4.57766e-05	115.5
251.3563	8.022	5.35171686e-11	-3.62399e-05	-2.9564e-05	4.57766e-05	-140.712
252.8442	8.026	5.35438538e-11	8.58313e-06	2.28883e-05	2.76567e-05	56.688
254.3305	8.03	5.357053899999999e-11	2.86103e-05	-6.67575e-06	3.43325e-05	-12.174
255.8179	8.034	5.35972242e-11	1.90736e-05	-6.67575e-06	2.0981e-05	-12.726
257.5781	8.038	5.36239094e-11	-2.86104e-06	7.62945e-06	8.58313e-06	101.31
259.064	8.042	5.36505946e-11	-1.90736e-05	3.81473e-06	1.52589e-05	165.258
260.5513	8.046	5.3677279799999996e-11	-1.04905e-05	2.0981e-05	2.57493e-05	130.914
262.0562	8.05	5.3703965e-11	-1.90736e-06	1.14442e-05	1.23978e-05	112.836
263.5428	8.054	5.37306502e-11	2.3842e-05	-1.43052e-05	2.19346e-05	-28.44
265.2868	8.058	5.37573354e-11	3.43325e-05	1.23978e-05	2.28883e-05	30.966
266.773	8.062	5.3784020599999995e-11	2.86104e-06	-1.62126e-05	1.14442e-05	-114.774
268.2616	8.066	5.38107058e-11	-7.62945e-06	-2.57493e-05	2.76567e-05	-86.184
269.7808	8.07	5.3837391e-11	-6.67575e-06	1.71663e-05	2.19346e-05	149.304
271.2669	8.074	5.3864076199999996e-11	-3.33788e-05	2.86103e-05	3.91009e-05	136.434
272.7397	8.078	5.3890761399999994e-11	2.3842e-05	1.90736e-06	2.47956e-05	1.47
274.226	8.082	5.39174466e-11	4.67303e-05	-2.00273e-05	5.14986e-05	-24.93
275.7304	8.086	5.39441318e-11	5.72208e-06	-1.52589e-05	2.00273e-05	-49.968
277.5042	8.09	5.3970816999999995e-11	2.28883e-05	3.05178e-05	3.81472e-05	48.714
279.0081	8.094	5.3997502199999994e-11	6.67575e-06	2.9564e-05	2.9564e-05	88.668
280.5113	8.098	5.4024187400000005e-11	-1.62126e-05	1.04905e-05	1.23978e-05	126.252
281.9999	8.102	5.4050872599999997e-11	6.00817e-05	2.76567e-05	6.38966e-05	25.464
283.5032	8.106	5.4077557799999995e-11	1.52589e-05	-6.67575e-06	1.62126e-05	-35.538
285.2613	8.11	5.410424299999999e-11	-4.19619e-05	4.67303e-05	5.9128e-05	126.468
286.7659	8.114	5.4130928200000004e-11	-2.3842e-05	-1.90736e-06	2.57493e-05	152.178
288.2852	8.118	5.41576134e-11	0.0	-2.00273e-05	2.19346e-05	-118.884
289.7882	8.122	5.4184298599999994e-11	-6.67575e-06	-9.5368e-06	1.23978e-05	-157.164
291.2759	8.126	5.421098379999999e-11	5.72208e-06	1.52589e-05	1.14442e-05	109.656
292.7781	8.13	5.4237669000000003e-11	2.86103e-05	2.9564e-05	3.71935e-05	58.326
294.2505	8.134	5.42643542e-11	-2.00273e-05	2.19346e-05	2.9564e-05	132.276
296.024	8.138	5.42910394e-11	-3.33788e-05	1.33515e-05	3.05178e-05	163.182
297.5281	8.142	5.431772459999999e-11	6.67575e-06	0.0	1.62126e-05	-17.82
299.0485	8.146	5.43444098e-11	-1.62126e-05	8.58313e-06	1.81199e-05	126.156
300.5518	8.15	5.4371095e-11	5.72208e-06	-4.67303e-05	4.57766e-05	-95.874
302.0715	8.154	5.43977802e-11	9.53682e-07	1.04905e-05	1.33515e-05	82.566
303.8308	8.158	5.442446539999999e-11	-2.86104e-06	0.0	8.58313e-06	171.468
305.3168	8.162	5.44511506e-11	-4.95913e-05	8.58313e-06	4.95913e-05	165.6
306.8207	8.166	5.44778358e-11	1.33515e-05	1.23978e-05	1.14442e-05	129.474
308.5807	8.17	5.4504521e-11	1.04905e-05	-2.3842e-05	2.3842e-05	-73.14
310.1001	8.174	5.4531206199999996e-11	-1.14442e-05	2.86103e-05	3.43325e-05	128.334
311.6195	8.178	5.45578914e-11	-2.9564e-05	1.04905e-05	2.6703e-05	-167.796
313.1068	8.182	5.45845766e-11	-1.14442e-05	-1.14442e-05	1.43052e-05	-116.562
314.5942	8.186	5.46112618e-11	-1.81199e-05	1.23978e-05	1.90736e-05	136.332
316.113	8.19	5.4637946999999996e-11	-2.86104e-06	-2.00273e-05	1.04905e-05	-63.438
317.6168	8.194	5.46646322e-11	-6.67575e-06	-2.6703e-05	2.76567e-05	-93.99
319.1033	8.198	5.46913174e-11	0.0	-6.67575e-06	9.5368e-06	-113.748
320.879	8.202	5.4718002599999997e-11	-1.71663e-05	2.3842e-05	2.57493e-05	106.392
322.3662	8.206	5.4744687799999995e-11	-9.5368e-06	-2.00273e-05	2.57493e-05	-127.65
323.8543	8.21	5.4771373000000006e-11	8.58313e-06	-1.62126e-05	1.33515e-05	-135.0
325.3569	8.214	5.47980582e-11	1.52589e-05	-4.48229e-05	3.71935e-05	-88.878
327.1169	8.218	5.4824743399999996e-11	-4.19619e-05	-2.00273e-05	4.29156e-05	-148.572
328.6035	8.222	5.4851428599999994e-11	-5.72208e-06	1.52589e-05	1.62126e-05	139.638
330.0911	8.226	5.4878113800000005e-11	-1.71663e-05	1.71663e-05	2.00273e-05	119.25
331.5781	8.23	5.4904799e-11	-2.76567e-05	1.33515e-05	3.33788e-05	165.702
333.0663	8.234	5.4931484199999995e-11	3.33788e-05	-1.14442e-05	3.14715e-05	-18.036
334.8256	8.238	5.4958169399999993e-11	-2.86103e-05	1.90736e-05	3.05178e-05	145.956
336.3112	8.242	5.4984854600000005e-11	1.90736e-06	-6.67575e-06	1.04905e-05	-22.836
337.7986	8.246	5.50115398e-11	1.23978e-05	-3.14715e-05	3.62399e-05	-61.146
339.5428	8.25	5.5038224999999995e-11	0.0	-9.5368e-06	1.23978e-05	-114.444
341.062	8.254	5.506491019999999e-11	-1.81199e-05	-1.33515e-05	2.3842e-05	-156.612
342.5505	8.258	5.509159539999999e-11	4.38693e-05	-1.81199e-05	4.86376e-05	-19.176
344.0538	8.262	5.51182806e-11	8.58313e-06	-9.53682e-07	6.67575e-06	-19.98
345.5412	8.266	5.51449658e-11	6.67575e-06	8.58313e-06	8.58313e-06	131.988
347.0437	8.27	5.517165099999999e-11	-2.19346e-05	-3.24252e-05	3.24252e-05	-113.838
348.5318	8.274	5.519833619999999e-11	1.90736e-05	7.62945e-06	2.19346e-05	27.3
350.0194	8.278	5.52250214e-11	3.05178e-05	-2.86104e-06	2.57493e-05	1.638
351.5214	8.282	5.52517066e-11	-2.86104e-06	8.58313e-06	1.04905e-05	96.708
353.0251	8.286	5.527839179999999e-11	2.3842e-05	1.90736e-06	1.71663e-05	12.264
354.5127	8.29	5.530507699999999e-11	2.86104e-06	-9.5368e-06	9.5368e-06	-85.602
356.017	8.294	5.53317622e-11	2.86104e-06	3.05178e-05	3.05178e-05	81.348
357.7762	8.298	5.53584474e-11	2.28883e-05	0.0	2.00273e-05	0.0
359.3116	8.302	5.53851326e-11	5.72208e-06	-3.81473e-06	4.7684e-06	-109.98
360.7989	8.306	5.541181779999999e-11	-7.62945e-06	2.57493e-05	2.86103e-05	94.866
362.2864	8.31	5.5438503e-11	5.72208e-06	3.52862e-05	3.52862e-05	63.438
363.805	8.314	5.54651882e-11	-2.00273e-05	-1.33515e-05	2.47956e-05	-152.022
365.5639	8.318	5.5491873399999996e-11	-3.81472e-05	1.71663e-05	3.91009e-05	160.02
367.0669	8.322	5.5518558599999994e-11	-5.43597e-05	4.7684e-06	5.3406e-05	171.252
368.5399	8.326	5.55452438e-11	-9.5368e-06	-1.62126e-05	1.71663e-05	-111.372
370.33	8.33	5.5571929e-11	-3.91009e-05	2.9564e-05	5.3406e-05	137.328
371.8181	8.334	5.5598614199999995e-11	3.71935e-05	6.67575e-06	3.71935e-05	20.322
373.3059	8.338	5.5625299399999994e-11	1.52589e-05	1.23978e-05	2.00273e-05	66.372
374.8251	8.342	5.56519846e-11	2.76567e-05	3.81473e-06	2.3842e-05	24.444
376.3118	8.346	5.5678669799999997e-11	1.23978e-05	-2.57493e-05	2.76567e-05	-67.932
378.104	8.35	5.5705354999999995e-11	-2.86104e-06	5.72208e-06	5.72208e-06	60.948
379.6069	8.354	5.573204019999999e-11	1.90736e-05	2.6703e-05	3.62399e-05	51.342
381.1102	8.358	5.57587254e-11	1.14442e-05	1.33515e-05	1.90736e-05	38.37
382.6132	8.362	5.5785410599999996e-11	1.33515e-05	-1.71663e-05	1.90736e-05	-66.252
384.1161	8.366	5.5812095799999994e-11	-6.67575e-06	-1.33515e-05	1.71663e-05	-112.482
385.6035	8.37	5.583878099999999e-11	-3.81473e-06	1.90736e-05	1.71663e-05	99.09
387.0912	8.3745	5.5868801849999995e-11	9.5368e-06	-5.72208e-06	1.04905e-05	-3.18
388.5781	8.3785	5.589548705e-11	1.43052e-05	9.5368e-06	1.52589e-05	30.066
390.0507	8.3825	5.592217225e-11	-9.5368e-06	5.72208e-06	5.72208e-06	-139.398
391.5691	8.3865	5.5948857449999996e-11	2.57493e-05	-2.6703e-05	3.52862e-05	-63.948
393.3293	8.3905	5.5975542649999994e-11	8.58313e-06	-9.5368e-06	8.58313e-06	-37.878
394.8318	8.3945	5.600222785e-11	-1.81199e-05	-5.14986e-05	5.0545e-05	-115.464
396.3033	8.3985	5.602891305e-11	-1.71663e-05	1.90736e-06	1.04905e-05	140.196
397.8059	8.4025	5.6055598249999995e-11	3.05178e-05	-2.86104e-06	2.19346e-05	5.526
399.3108	8.4065	5.6082283449999994e-11	-4.7684e-06	9.5368e-06	1.52589e-05	138.18
400.8133	8.4105	5.6108968650000005e-11	-2.47956e-05	7.05724e-05	7.43871e-05	106.092
402.3015	8.4145	5.6135653849999996e-11	-3.81473e-06	2.86104e-06	6.67575e-06	171.252
404.0767	8.4185	5.6162339049999995e-11	-1.43052e-05	-2.9564e-05	2.76567e-05	-122.196
405.5638	8.4225	5.618902424999999e-11	1.04905e-05	3.24252e-05	3.24252e-05	90.0
407.0506	8.4265	5.6215709450000004e-11	0.0	-1.81199e-05	1.90736e-05	-106.698
408.5388	8.4305	5.624239465e-11	-5.81744e-05	-1.81199e-05	6.67577e-05	-165.282
410.0261	8.4345	5.6269079849999994e-11	1.71663e-05	1.71663e-05	3.24252e-05	40.488
411.5134	8.4385	5.629576504999999e-11	1.33515e-05	3.24252e-05	3.71935e-05	54.924
413.0318	8.4425	5.632245025e-11	1.81199e-05	3.81473e-06	1.52589e-05	34.38
414.503	8.4465	5.634913545e-11	-2.76567e-05	3.52862e-05	4.48229e-05	121.548
416.0071	8.4505	5.637582065e-11	-2.86104e-06	-1.81199e-05	1.71663e-05	-132.138
417.5268	8.4545	5.640250584999999e-11	5.53133e-05	-1.33515e-05	5.53133e-05	-7.494
418.9974	8.4585	5.642919105e-11	-4.67303e-05	-1.90736e-06	4.76839e-05	176.028
420.4857	8.4625	5.645587625e-11	7.62945e-06	0.0	9.53682e-07	-161.568
421.9879	8.4665	5.648256145e-11	2.3842e-05	1.90736e-06	2.86103e-05	37.566
423.4766	8.4705	5.650924664999999e-11	-3.62399e-05	3.81473e-06	3.71935e-05	167.154
424.995	8.4745	5.653593185e-11	-1.33515e-05	2.86104e-06	1.71663e-05	160.908
426.4659	8.4785	5.656261705e-11	1.04905e-05	-2.9564e-05	3.33788e-05	-38.16
427.9697	8.4825	5.658930225e-11	-1.14442e-05	0.0	1.14442e-05	156.036
429.4569	8.4865	5.6615987449999996e-11	-9.53682e-07	1.71663e-05	1.62126e-05	102.264
430.9615	8.4905	5.664267265e-11	-1.14442e-05	2.86104e-06	1.33515e-05	-174.288
432.4478	8.4945	5.666935785e-11	2.57493e-05	-4.7684e-06	2.28883e-05	-15.252
434.224	8.4985	5.669604305e-11	1.90736e-06	-7.62945e-06	1.14442e-05	-78.234
435.7269	8.5025	5.6722728249999996e-11	4.86376e-05	2.57493e-05	5.53133e-05	28.11
437.2307	8.5065	5.674941345e-11	3.81473e-06	5.72208e-06	6.67575e-06	140.712
438.7341	8.5105	5.677609865e-11	3.81473e-06	-3.33788e-05	2.76567e-05	-85.428
440.237	8.5145	5.6802783849999997e-11	-3.52862e-05	5.72207e-05	6.10356e-05	119.502
441.9807	8.5185	5.6829469049999995e-11	-3.62399e-05	2.28883e-05	3.71935e-05	131.184
443.4842	8.5225	5.6856154250000006e-11	-1.04905e-05	-2.76567e-05	2.57493e-05	-109.98
444.9556	8.5265	5.688283945e-11	6.67575e-06	1.90736e-06	9.5368e-06	10.008
446.7149	8.5305	5.6909524649999996e-11	-1.62126e-05	3.81473e-06	1.52589e-05	160.824
448.2343	8.5345	5.6936209849999994e-11	6.67575e-06	3.81473e-06	1.71663e-05	20.772
449.7369	8.5385	5.6962895050000005e-11	1.43052e-05	2.9564e-05	2.86103e-05	46.08
451.2403	8.5425	5.698958025e-11	2.6703e-05	-9.5368e-06	2.86103e-05	-23.028
452.7444	8.5465	5.7016265449999995e-11	-8.58313e-06	-2.0981e-05	2.3842e-05	-126.87
454.5196	8.5505	5.7042950649999993e-11	2.86104e-06	1.62126e-05	2.0981e-05	64.176
456.0379	8.5545	5.7069635850000004e-11	-2.86104e-06	-3.81473e-06	5.72208e-06	133.026
457.541	8.5585	5.709632105e-11	-3.43325e-05	-2.0981e-05	3.62399e-05	-155.922
459.0439	8.5625	5.7123006249999994e-11	-2.0981e-05	-1.81199e-05	2.47956e-05	-131.346
460.5811	8.5665	5.714969144999999e-11	1.90736e-06	-9.5368e-06	9.5368e-06	-34.698
462.3392	8.5705	5.717637664999999e-11	-3.24252e-05	2.19346e-05	3.43325e-05	148.626
463.8261	8.5745	5.720306185e-11	9.5368e-06	-2.47956e-05	3.24252e-05	-58.242
465.346	8.5785	5.722974705e-11	-2.86104e-06	-6.67575e-06	1.23978e-05	-41.82
466.8345	8.5825	5.725643224999999e-11	1.23978e-05	-2.00273e-05	2.3842e-05	-48.366
468.354	8.5865	5.728311744999999e-11	3.24252e-05	7.62945e-06	3.81472e-05	2.964
469.8413	8.5905	5.730980265e-11	-2.28883e-05	3.81473e-06	1.90736e-05	-177.882
471.3446	8.5945	5.733648785e-11	5.72208e-06	1.33515e-05	1.23978e-05	61.698
472.863	8.5985	5.736317304999999e-11	9.5368e-06	9.05995e-05	9.05995e-05	90.432
474.3827	8.6025	5.738985824999999e-11	-8.58313e-06	2.9564e-05	3.14715e-05	123.69
475.8707	8.6065	5.741654345e-11	2.19346e-05	-2.86103e-05	3.52862e-05	-45.0
477.3569	8.6105	5.744322865e-11	8.58313e-06	-3.33788e-05	4.19619e-05	-62.358
478.8456	8.6145	5.746991385e-11	1.90736e-06	2.3842e-05	2.3842e-05	81.636
480.6048	8.6185	5.749659904999999e-11	2.86104e-06	3.71935e-05	3.52862e-05	93.654
482.0915	8.6225	5.752328425e-11	2.19346e-05	-2.3842e-05	2.86103e-05	-52.254
483.5797	8.6265	5.754996945e-11	-2.47956e-05	-4.00546e-05	4.86376e-05	-126.252
485.3549	8.6305	5.7576654649999996e-11	-3.05178e-05	1.71663e-05	4.19619e-05	165.966
486.8403	8.6345	5.7603339849999994e-11	-9.5368e-06	1.90736e-06	9.5368e-06	150.252
488.3296	8.6385	5.763002505e-11	5.72208e-06	-1.62126e-05	1.33515e-05	-59.532
489.8318	8.6425	5.765671025e-11	-1.71663e-05	-6.67575e-06	2.57493e-05	-156.972
491.3203	8.6465	5.7683395449999995e-11	-1.62126e-05	-1.62126e-05	2.57493e-05	-135.0
492.8069	8.6505	5.7710080649999994e-11	-9.5368e-06	-1.71663e-05	2.19346e-05	-116.562
494.295	8.6545	5.773676585e-11	-3.24252e-05	-9.53682e-07	3.62399e-05	175.236
495.7981	8.6585	5.7763451049999996e-11	-3.71935e-05	-4.7684e-06	3.24252e-05	-173.658
497.285	8.6625	5.7790136249999995e-11	-4.10082e-05	-3.81473e-06	3.81472e-05	178.992
498.7718	8.6665	5.781682144999999e-11	1.90736e-05	2.28883e-05	2.6703e-05	67.38
500.2592	8.6705	5.784350665e-11	3.24252e-05	-3.62399e-05	4.29156e-05	-51.792
501.7469	8.6745	5.7870191849999996e-11	-2.0981e-05	2.0981e-05	3.05178e-05	140.964
503.5068	8.6785	5.7896877049999994e-11	3.81473e-06	2.28883e-05	2.00273e-05	88.026
505.0102	8.6825	5.792356224999999e-11	6.19893e-05	1.23978e-05	6.38966e-05	6.894
506.5138	8.6865	5.795024745e-11	2.86103e-05	2.86104e-06	3.71935e-05	2.964
508.0164	8.6905	5.7976932649999995e-11	-1.81199e-05	6.67575e-06	2.19346e-05	166.374
509.5046	8.6945	5.800361784999999e-11	-9.53682e-07	-3.81472e-05	3.81472e-05	-76.932
511.0227	8.6985	5.803030304999999e-11	-2.6703e-05	1.90736e-05	3.43325e-05	128.16
512.5267	8.7025	5.805698825e-11	5.24523e-05	9.53682e-07	5.24523e-05	1.47
514.0147	8.7065	5.808367345e-11	1.90736e-06	4.76839e-05	4.76839e-05	77.904
515.8218	8.7105	5.811035864999999e-11	3.81473e-06	-3.81473e-06	1.04905e-05	37.302
517.3074	8.7145	5.813704384999999e-11	1.04905e-05	-3.43325e-05	3.52862e-05	-82.182
518.7954	8.7185	5.816372905e-11	-6.67575e-06	-3.14715e-05	3.05178e-05	-96.984
520.3	8.7225	5.819041425e-11	-1.33515e-05	-2.0981e-05	2.57493e-05	-145.122
521.7857	8.7265	5.821709945e-11	-6.00817e-05	1.90736e-06	5.72207e-05	177.954
523.5306	8.7305	5.824378465e-11	8.58313e-06	-1.81199e-05	1.90736e-05	-80.838
525.0171	8.7345	5.827046985000001e-11	-7.62945e-06	1.52589e-05	1.52589e-05	145.494
526.553	8.7385	5.829715504999999e-11	-4.7684e-06	6.67575e-06	1.23978e-05	157.38
528.0567	8.7425	5.832384024999999e-11	-9.5368e-06	8.58313e-06	1.04905e-05	154.98
529.5437	8.7465	5.835052544999999e-11	1.90736e-06	3.24252e-05	3.71935e-05	71.004
531.0138	8.7505	5.837721065e-11	0.0	1.71663e-05	1.71663e-05	87.954
532.5189	8.7545	5.840389585e-11	-8.58313e-06	-2.6703e-05	3.05178e-05	-117.12
534.2768	8.7585	5.843058105e-11	1.23978e-05	-3.14715e-05	3.33788e-05	-70.824
535.7656	8.7625	5.845726625e-11	0.0	-2.00273e-05	1.90736e-05	-54.69
537.2848	8.7665	5.848395145e-11	-2.19346e-05	-2.86104e-06	1.62126e-05	162.348
538.7881	8.7705	5.851063665e-11	-1.33515e-05	1.90736e-05	2.3842e-05	125.538
540.2917	8.7745	5.853732184999999e-11	1.90736e-06	2.57493e-05	2.86103e-05	76.266
542.0659	8.7785	5.856400704999999e-11	3.52862e-05	-2.0981e-05	3.91009e-05	-30.618
543.5218	8.7825	5.859069225e-11	2.57493e-05	1.71663e-05	3.52862e-05	43.566
545.025	8.7865	5.861737745e-11	-1.14442e-05	1.90736e-06	1.04905e-05	168.69
546.7849	8.7905	5.864406265e-11	-3.33788e-05	3.62399e-05	4.57766e-05	122.904
548.2881	8.7945	5.867074784999999e-11	5.72208e-06	-1.52589e-05	1.43052e-05	-100.308
549.7905	8.7985	5.869743305e-11	9.5368e-06	1.81199e-05	1.90736e-05	55.62
551.279	8.8025	5.872411825e-11	1.90736e-05	1.23978e-05	1.52589e-05	62.244
552.7818	8.8065	5.875080345e-11	-1.33515e-05	8.58313e-06	1.23978e-05	120.468
554.5416	8.8105	5.877748864999999e-11	1.52589e-05	0.0	1.52589e-05	2.388
556.0608	8.8145	5.880417385e-11	-6.67575e-06	8.58313e-06	4.7684e-06	51.342
557.5481	8.8185	5.883085905e-11	-9.53682e-07	2.0981e-05	2.28883e-05	97.908
559.0357	8.8225	5.885754425e-11	1.62126e-05	-2.6703e-05	2.57493e-05	-74.748
560.5232	8.8265	5.888422944999999e-11	-5.72208e-06	-2.00273e-05	2.0981e-05	-88.362
562.0097	8.8305	5.891091465e-11	1.90736e-06	-1.14442e-05	1.23978e-05	-40.914
563.5138	8.8345	5.893759985e-11	-1.04905e-05	1.04905e-05	1.52589e-05	124.992
565.273	8.8385	5.896428505e-11	-3.05178e-05	0.0	4.76839e-05	-179.298
566.7918	8.8425	5.899097025e-11	2.9564e-05	4.10082e-05	5.24523e-05	64.074
568.2958	8.8465	5.901765545e-11	1.04905e-05	-3.24252e-05	3.05178e-05	-74.406
569.7832	8.8505	5.904434065e-11	-6.67575e-06	-1.52589e-05	1.52589e-05	-111.372
571.2866	8.8545	5.907102584999999e-11	-2.19346e-05	-7.62945e-06	2.00273e-05	-146.82
573.0451	8.8585	5.909771104999999e-11	-4.67303e-05	-1.90736e-06	4.00546e-05	-170.868
574.5482	8.8625	5.912439625e-11	-2.9564e-05	1.71663e-05	3.33788e-05	133.494
576.0356	8.8665	5.915108145e-11	-1.14442e-05	3.71935e-05	3.71935e-05	102.756
577.7942	8.8705	5.917776665e-11	5.72208e-06	1.52589e-05	1.23978e-05	97.122
579.2976	8.8745	5.920445185e-11	-6.67575e-06	-1.33515e-05	1.23978e-05	-81.87
580.8014	8.8785	5.923113705000001e-11	-2.86103e-05	4.38693e-05	4.86376e-05	129.804
582.306	8.8825	5.925782224999999e-11	5.72208e-06	-1.33515e-05	1.23978e-05	-107.526
583.8089	8.8865	5.928450744999999e-11	-2.86103e-05	1.04905e-05	3.52862e-05	172.476
585.5686	8.8905	5.931119264999999e-11	-1.62126e-05	4.38693e-05	4.38693e-05	106.782
587.0553	8.8945	5.933787785e-11	1.90736e-06	1.52589e-05	1.62126e-05	77.736
588.5434	8.8985	5.936456305e-11	-4.19619e-05	-2.19346e-05	5.53133e-05	-152.574
590.0307	8.9025	5.939124825e-11	-3.05178e-05	8.58313e-06	2.19346e-05	164.934
591.5166	8.9065	5.941793345e-11	-6.67575e-06	-1.52589e-05	1.14442e-05	-102.996
593.0369	8.9105	5.944461865e-11	8.58313e-06	-3.81473e-06	1.14442e-05	34.506
594.5397	8.9145	5.947130385e-11	1.71663e-05	3.33788e-05	3.81472e-05	69.774
596.3161	8.9185	5.949798905e-11	-7.62945e-06	-2.6703e-05	3.05178e-05	-100.41
597.8025	8.9225	5.952467424999999e-11	-4.19619e-05	3.43325e-05	5.43597e-05	128.658
599.3061	8.9265	5.955135945e-11	-2.6703e-05	1.33515e-05	2.86103e-05	150.42
600.794	8.9305	5.957804465e-11	-1.33515e-05	-3.81472e-05	4.00546e-05	-112.692
602.297	8.9345	5.960472985e-11	-4.7684e-06	1.04905e-05	1.52589e-05	139.896
604.0569	8.9385	5.963141504999999e-11	-1.14442e-05	3.05178e-05	3.43325e-05	107.784
605.5603	8.9425	5.965810025e-11	-3.52862e-05	-2.86104e-06	2.86103e-05	167.622
607.0469	8.9465	5.968478545e-11	-4.19619e-05	-2.9564e-05	5.24523e-05	-150.522
608.8066	8.9505	5.971147065e-11	-1.04905e-05	1.71663e-05	2.19346e-05	117.3
610.3103	8.9545	5.973815585e-11	5.72208e-06	-1.33515e-05	1.23978e-05	-73.302
611.8137	8.9585	5.976484105e-11	-5.14986e-05	-2.3842e-05	5.72207e-05	-155.226
613.3321	8.9625	5.979152625e-11	-9.53682e-07	-9.53682e-07	1.90736e-06	98.13
614.8351	8.9665	5.981821144999999e-11	-2.00273e-05	-1.90736e-06	1.33515e-05	169.992
616.5957	8.9705	5.984489664999999e-11	-4.67303e-05	-3.81473e-06	4.57766e-05	176.862
618.0991	8.9745	5.987158185e-11	-1.62126e-05	-9.5368e-06	2.86103e-05	-154.488
619.5864	8.9785	5.989826705e-11	3.81473e-06	-2.28883e-05	2.47956e-05	-77.622
621.0898	8.9825	5.992495225e-11	5.72208e-06	-1.81199e-05	2.00273e-05	-46.332
622.5769	8.9865	5.995163745e-11	1.62126e-05	-6.67575e-06	1.52589e-05	-36.384
624.0805	8.9905	5.997832265000001e-11	8.58313e-06	2.00273e-05	1.90736e-05	104.532
625.584	8.9945	6.000500785e-11	1.90736e-06	-1.81199e-05	1.62126e-05	-106.26
627.3593	8.9985	6.003169304999999e-11	-1.90736e-06	-3.81472e-05	3.62399e-05	-94.398
628.8614	9.0025	6.005837824999999e-11	-2.3842e-05	-9.5368e-06	2.6703e-05	-173.208
630.3498	9.0065	6.008506345e-11	3.81473e-06	-3.81473e-06	5.72208e-06	51.342
631.8533	9.0105	6.011174865e-11	-1.14442e-05	-7.62945e-06	1.23978e-05	-171.03
633.3718	9.0145	6.013843385e-11	-3.05178e-05	2.86104e-06	2.76567e-05	172.878
635.1314	9.0185	6.016511905e-11	3.52862e-05	-2.19346e-05	4.76839e-05	-26.562
636.619	9.0225	6.019180425000001e-11	-3.14715e-05	2.57493e-05	3.62399e-05	130.362
638.1212	9.0265	6.021848945e-11	-5.14986e-05	-3.14715e-05	5.81744e-05	-140.196
639.8818	9.0305	6.024517464999999e-11	-4.29156e-05	3.05178e-05	5.6267e-05	143.394
641.3852	9.0345	6.027185984999999e-11	-2.00273e-05	2.19346e-05	2.9564e-05	125.538
642.8711	9.0385	6.029854505e-11	1.14442e-05	7.62945e-06	9.5368e-06	29.052
644.3753	9.0425	6.032523025e-11	-5.0545e-05	-3.81472e-05	6.67577e-05	-140.052
645.8624	9.0465	6.035191545e-11	-1.52589e-05	-6.2943e-05	6.38966e-05	-107.862
647.6218	9.0505	6.037860065e-11	-4.10082e-05	-4.7684e-06	3.62399e-05	178.92
649.093	9.0545	6.040528585e-11	-7.24797e-05	1.33515e-05	6.96187e-05	169.134
650.5958	9.0585	6.043197105e-11	-2.9564e-05	1.33515e-05	3.52862e-05	160.908
652.0998	9.0625	6.045865625e-11	-2.00273e-05	-2.86104e-06	1.90736e-05	174.642
653.5869	9.0665	6.048534145e-11	1.43052e-05	5.3406e-05	5.72207e-05	72.804
655.0752	9.0705	6.051202664999999e-11	-2.9564e-05	-3.24252e-05	5.0545e-05	-144.294
656.5781	9.0745	6.053871185e-11	-1.14442e-05	-1.71663e-05	2.19346e-05	-150.066
658.0659	9.0785	6.056539705e-11	1.90736e-06	-4.95913e-05	4.57766e-05	-92.682
659.5683	9.0825	6.059208224999999e-11	-2.3842e-05	-1.62126e-05	2.86103e-05	-159.588
661.0566	9.0865	6.061876744999999e-11	-5.53133e-05	1.62126e-05	5.72207e-05	158.82
662.5601	9.0905	6.064545265e-11	-8.48775e-05	-2.86104e-06	8.77385e-05	-174.462
664.0469	9.0945	6.067213785e-11	-2.6703e-05	-3.14715e-05	4.38693e-05	-145.41
665.8218	9.0985	6.069882305e-11	-2.57493e-05	-9.5368e-06	2.57493e-05	-143.394
667.3091	9.1025	6.072550825e-11	9.5368e-06	-2.76567e-05	3.14715e-05	-73.302
668.8115	9.1065	6.075219345e-11	-1.71663e-05	-1.90736e-05	2.00273e-05	-119.25
670.3318	9.1105	6.077887864999999e-11	-3.05178e-05	-1.23978e-05	2.19346e-05	-152.448
671.8518	9.1145	6.080556384999999e-11	-5.81744e-05	-2.19346e-05	5.0545e-05	-147.468
673.3555	9.1185	6.083224904999999e-11	-5.6267e-05	-6.2943e-05	8.20165e-05	-135.0
674.8748	9.1225	6.085893425e-11	-4.48229e-05	-1.62126e-05	4.67303e-05	-158.664
676.3772	9.1265	6.088561945e-11	-4.86376e-05	-1.71663e-05	5.6267e-05	-163.428
677.8816	9.1305	6.091230465e-11	-4.95913e-05	-5.9128e-05	8.20165e-05	-135.318
679.3689	9.1345	6.093898985e-11	-4.48229e-05	-5.24523e-05	6.77113e-05	-123.846
680.8718	9.1385	6.096567505e-11	-8.86922e-05	-7.62944e-05	0.000112534	-141.612
682.3747	9.1425	6.099236024999999e-11	-5.3406e-05	-2.0981e-05	6.77113e-05	-157.62
683.8788	9.1465	6.101904544999999e-11	-3.81472e-05	1.71663e-05	4.86376e-05	169.284
685.6372	9.1505	6.104573064999999e-11	-5.14986e-05	-6.67575e-06	4.95913e-05	-173.16
687.1256	9.1545	6.107241585e-11	-6.19893e-05	-3.91009e-05	6.96187e-05	-149.13
688.629	9.1585	6.109910105e-11	-8.48775e-05	-3.43325e-05	8.39238e-05	-150.72
690.1318	9.1625	6.112578625e-11	-5.9128e-05	9.53682e-07	5.53133e-05	-176.514
691.6357	9.1665	6.115247145e-11	-6.5804e-05	-5.53133e-05	8.96459e-05	-147.366
693.1391	9.1705	6.117915665e-11	-6.19893e-05	-2.00273e-05	6.2943e-05	-161.76
694.6585	9.1745	6.120584185e-11	-3.14715e-05	-7.34334e-05	8.39238e-05	-113.73
696.4337	9.1785	6.123252704999999e-11	-6.2943e-05	-4.95913e-05	7.05724e-05	-139.83
697.9353	9.1825	6.125921224999999e-11	-9.63216e-05	-8.58313e-06	9.91826e-05	-175.776
699.4244	9.1865	6.128589745e-11	-6.2943e-05	-1.43052e-05	6.8665e-05	-164.79
700.9117	9.1905	6.131258265e-11	-6.48503e-05	-7.43871e-05	9.82289e-05	-129.51
702.3981	9.1945	6.133926785e-11	-2.28883e-05	-4.48229e-05	5.24523e-05	-122.526
704.1744	9.1985	6.136595304999999e-11	-4.00546e-05	-1.43052e-05	3.91009e-05	-150.594
705.6937	9.2025	6.139263825e-11	-9.25069e-05	-4.95913e-05	0.000103951	-144.75
707.1804	9.2065	6.141932345e-11	-5.53133e-05	-3.05178e-05	5.81744e-05	-147.996
708.94	9.2105	6.144600865e-11	-6.00817e-05	-3.43325e-05	7.05724e-05	-157.008
710.4117	9.2145	6.147269385e-11	-9.05995e-05	-5.24523e-05	9.72752e-05	-149.454
711.9152	9.2185	6.149937905e-11	-4.95913e-05	-2.28883e-05	5.53133e-05	-155.616
713.4341	9.2225	6.152606425e-11	-5.6267e-05	-6.67575e-06	4.86376e-05	-172.674
714.9218	9.2265	6.155274944999999e-11	-9.72752e-05	-3.43325e-05	0.000103951	-164.556
716.6811	9.2305	6.157943464999999e-11	-6.8665e-05	-3.05178e-05	7.72481e-05	-155.598
718.1834	9.2345	6.160611985e-11	-7.72481e-05	-4.7684e-06	7.34334e-05	-175.326
719.6717	9.2385	6.163280505e-11	-8.48775e-05	-2.28883e-05	9.05995e-05	-166.974
721.1592	9.2425	6.165949025e-11	-2.9564e-05	-2.3842e-05	3.52862e-05	-143.568
722.6461	9.2465	6.168617545e-11	-5.24523e-05	-4.67303e-05	7.05724e-05	-143.13
724.134	9.2505	6.171286065e-11	-5.53133e-05	-3.81472e-05	5.9128e-05	-135.456
725.6215	9.2545	6.173954584999999e-11	-8.77385e-05	-4.29156e-05	9.63216e-05	-149.916
727.3807	9.2585	6.176623104999999e-11	-8.67848e-05	-5.53133e-05	0.000102044	-149.418
728.8826	9.2625	6.179291624999999e-11	-5.9128e-05	-6.48503e-05	9.34605e-05	-133.632
730.3869	9.2665	6.181960145e-11	-6.48503e-05	-4.48229e-05	7.82018e-05	-148.458
731.8739	9.2705	6.184628665e-11	-0.000135423	-1.52589e-05	0.000142098	-169.932
733.3771	9.2745	6.187297185e-11	-6.48503e-05	-2.6703e-05	7.43871e-05	-156.996
734.8815	9.2785	6.189965705e-11	-6.2943e-05	-3.81472e-05	7.05724e-05	-152.952
736.4008	9.2825	6.192634225e-11	-6.00817e-05	-1.81199e-05	6.5804e-05	-166.236
737.9203	9.2865	6.195302745e-11	-6.38966e-05	-7.62944e-05	0.000100136	-125.922
739.4397	9.2905	6.197971264999999e-11	-1.81199e-05	-2.86104e-06	2.3842e-05	160.644
740.9269	9.2945	6.200639784999999e-11	-4.00546e-05	-5.3406e-05	6.38966e-05	-127.98
742.4304	9.2985	6.203308305e-11	2.86103e-05	-5.72208e-06	2.86103e-05	-16.314
743.933	9.3025	6.205976825e-11	-2.28883e-05	-5.53133e-05	6.38966e-05	-109.344
745.4359	9.3065	6.208645345e-11	5.0545e-05	-1.71663e-05	4.38693e-05	-15.42
747.1963	9.3105	6.211313865e-11	3.81472e-05	-2.9564e-05	5.0545e-05	-33.276
748.6998	9.3145	6.213982385e-11	4.86376e-05	-3.05178e-05	6.19893e-05	-27.084
750.202	9.3185	6.216650905e-11	6.5804e-05	-4.67303e-05	7.91554e-05	-30.468
751.706	9.3225	6.219319425e-11	9.72752e-05	3.81473e-06	9.72752e-05	3.096
753.2258	9.3265	6.221987944999999e-11	0.000132562	2.6703e-05	0.000130654	8.634
754.7282	9.3305	6.224656465e-11	0.000167848	-8.58313e-06	0.000163079	-2.85
756.2149	9.3345	6.227324985e-11	0.000179292	8.39238e-05	0.000201226	25.14
757.9746	9.3385	6.229993505e-11	0.000254633	7.05724e-05	0.000265123	16.536
759.4792	9.3425	6.232662024999999e-11	0.00027466	7.34334e-05	0.000289919	15.984
760.9818	9.3465	6.235330545e-11	0.000334742	0.000115395	0.000349047	20.13
762.453	9.3505	6.237999065e-11	0.000411035	0.000154496	0.000442507	19.902
763.9561	9.3545	6.240667585e-11	0.000441553	0.000125886	0.000460627	15.3
765.7005	9.3585	6.243336105e-11	0.000454905	0.000196458	0.000501636	23.724
767.1868	9.3625	6.246004625e-11	0.000509266	0.000199319	0.000548366	21.288
768.6593	9.3665	6.248673145e-11	0.000547413	0.00024605	0.000597004	24.36
770.4345	9.3705	6.251341664999999e-11	0.000591282	0.000218392	0.000633243	20.322
771.9531	9.3745	6.254010184999999e-11	0.000637058	0.000314714	0.00069714	27.432
773.4568	9.3785	6.256678705e-11	0.000641827	0.000278475	0.000693325	24.114
774.9448	9.3825	6.259347225e-11	0.000662807	0.000325205	0.000741962	25.23
776.4468	9.3865	6.262015745e-11	0.000653271	0.00033951	0.000738148	27.3
778.2233	9.3905	6.264684265e-11	0.000615124	0.000344278	0.000708584	30.12
779.726	9.3945	6.267352785000001e-11	0.000595096	0.000356676	0.000692371	30.468
781.2142	9.3985	6.270021304999999e-11	0.000506405	0.000342371	0.000598911	34.242
782.701	9.4025	6.272689824999999e-11	0.00037575	0.000311853	0.000489239	39.528
784.1569	9.4065	6.275358344999999e-11	0.000302317	0.000342371	0.000453951	49.698
785.6443	9.4105	6.278026865e-11	0.000172616	0.000326158	0.000369074	60.654
787.1469	9.4145	6.280695385e-11	0.000117302	0.000270845	0.000300409	64.614
788.9068	9.4185	6.283363905e-11	-5.72208e-06	0.000182153	0.000183106	92.07
790.3775	9.4225	6.286032425e-11	-0.000140191	0.00013733	0.00019455	135.828
791.8815	9.4265	6.288700945e-11	-0.000249865	8.20165e-05	0.000258448	160.806
793.3849	9.4305	6.291369465e-11	-0.000317575	1.62126e-05	0.000323297	177.918
794.903	9.4345	6.294037985e-11	-0.000338556	-8.58312e-05	0.000351908	-165.522
796.6634	9.4385	6.296706504999999e-11	-0.000462534	-0.000124932	0.000484468	-165.468
798.1654	9.4425	6.299375025e-11	-0.000447275	-0.000149728	0.000480654	-162.162
799.6701	9.4465	6.302043545e-11	-0.000431063	-0.00021267	0.000473024	-154.236
801.4293	9.4505	6.304712065e-11	-0.000426294	-0.000255587	0.000490192	-148.872
802.9159	9.4545	6.307380584999999e-11	-0.00033951	-0.00028515	0.000440599	-139.41
804.4042	9.4585	6.310049105e-11	-0.000326158	-0.000300409	0.000444414	-138.774
805.8915	9.4625	6.312717625e-11	-0.000263216	-0.000288012	0.000389101	-132.99
807.4104	9.4665	6.315386145e-11	-0.000153542	-0.00024605	0.000286104	-120.552
809.2013	9.4705	6.318054665e-11	-8.01091e-05	-0.000247957	0.000259401	-106.224
810.6886	9.4745	6.320723185e-11	-1.43052e-05	-0.00021267	0.000210763	-95.328
812.1918	9.4785	6.323391705e-11	-6.67575e-06	-9.72752e-05	9.82289e-05	-92.652
813.6792	9.4825	6.326060225e-11	2.9564e-05	-0.00010109	9.63216e-05	-70.674
815.183	9.4865	6.328728744999999e-11	5.53133e-05	-7.1526e-05	9.72752e-05	-46.344
816.67	9.4905	6.331397265e-11	6.48503e-05	-3.81473e-06	6.38966e-05	-6.402
818.1566	9.4945	6.334065785e-11	3.71935e-05	9.5368e-06	4.19619e-05	11.484
819.9166	9.4985	6.336734305e-11	5.53133e-05	3.52862e-05	6.00817e-05	27.756
821.4034	9.5025	6.339402825e-11	3.33788e-05	3.24252e-05	4.57766e-05	49.668
822.8912	9.5065	6.342071345000001e-11	-2.86104e-06	2.28883e-05	2.28883e-05	94.764
824.3958	9.5105	6.344739865e-11	-1.62126e-05	1.90736e-05	2.00273e-05	122.622
825.9143	9.5145	6.347408384999999e-11	-2.86104e-06	5.14986e-05	5.3406e-05	96.264
827.6745	9.5185	6.350076904999999e-11	-1.33515e-05	-5.72208e-06	1.43052e-05	-161.568
829.1769	9.5225	6.352745425e-11	-8.48775e-05	-9.53682e-07	7.53407e-05	179.472
830.6811	9.5265	6.355413945e-11	-2.86103e-05	1.90736e-06	2.3842e-05	180.0
832.4566	9.5305	6.358082465e-11	2.86104e-06	-1.81199e-05	1.52589e-05	-116.562
833.9594	9.5345	6.360750985e-11	1.52589e-05	-4.86376e-05	5.14986e-05	-66.702
835.4626	9.5385	6.363419505000001e-11	9.53682e-07	-1.43052e-05	1.23978e-05	-83.658
836.9818	9.5425	6.366088025e-11	4.10082e-05	-2.0981e-05	4.67303e-05	-20.184
838.4859	9.5465	6.368756544999999e-11	4.76839e-05	1.23978e-05	5.24523e-05	20.64
840.2603	9.5505	6.371425064999999e-11	1.04905e-05	-7.62945e-06	1.90736e-05	-27.18
841.7639	9.5545	6.374093585e-11	2.57493e-05	2.86104e-06	1.33515e-05	-12.528
843.2518	9.5585	6.376762105e-11	-1.14442e-05	2.86103e-05	2.86103e-05	97.944
844.7552	9.5625	6.379430625e-11	-3.05178e-05	6.67575e-06	3.43325e-05	159.102
846.2587	9.5665	6.382099145e-11	-4.29156e-05	3.62399e-05	6.10356e-05	152.382
848.0338	9.5705	6.384767664999999e-11	-7.43871e-05	2.28883e-05	7.1526e-05	160.062
849.5212	9.5745	6.387436185e-11	-6.8665e-05	3.43325e-05	7.91554e-05	157.38
851.0076	9.5785	6.390104705e-11	-9.15532e-05	0.0	9.53679e-05	-179.61
852.5113	9.5825	6.392773224999999e-11	-7.82018e-05	-1.62126e-05	7.24797e-05	-168.69
853.9993	9.5865	6.395441744999999e-11	-7.1526e-05	-3.33788e-05	8.10628e-05	-157.344
855.5018	9.5905	6.398110265e-11	-2.57493e-05	-4.7684e-06	2.86103e-05	-168.438
857.006	9.5945	6.400778785e-11	-4.95913e-05	-9.53682e-07	4.76839e-05	-179.172
858.7813	9.5985	6.403447304999999e-11	-2.19346e-05	1.81199e-05	3.43325e-05	148.326
860.2681	9.6025	6.406115824999999e-11	0.0	-9.5368e-06	1.14442e-05	-140.526
861.756	9.6065	6.408784345e-11	5.24523e-05	-4.67303e-05	7.53407e-05	-37.266
863.2425	9.6105	6.411452865e-11	4.38693e-05	-2.86104e-06	4.67303e-05	-2.418
864.746	9.6145	6.414121385e-11	2.86104e-06	-2.47956e-05	2.19346e-05	-79.878
866.5051	9.6185	6.416789905e-11	-6.67575e-06	1.23978e-05	1.52589e-05	131.82
868.0095	9.6225	6.419458425e-11	-3.81473e-06	1.04905e-05	8.58313e-06	140.196
869.4969	9.6265	6.422126944999999e-11	-2.19346e-05	2.86103e-05	3.24252e-05	133.212
871.2392	9.6305	6.424795464999999e-11	-2.9564e-05	3.52862e-05	4.67303e-05	140.946
872.7269	9.6345	6.427463984999999e-11	-8.67848e-05	-3.62399e-05	9.25069e-05	-154.536
874.2149	9.6385	6.430132505e-11	-0.000109673	4.10082e-05	0.000112534	160.692
875.7179	9.6425	6.432801025e-11	-8.96459e-05	-2.47956e-05	9.05995e-05	-164.226
877.2047	9.6465	6.435469545e-11	-0.00011158	-1.43052e-05	0.000114441	-176.01
878.9637	9.6505	6.438138065e-11	-0.000133515	-5.6267e-05	0.000143052	-156.66
880.484	9.6545	6.440806585e-11	-0.000128747	-5.81744e-05	0.000150681	-161.568
881.9869	9.6585	6.443475104999999e-11	-0.000120163	-8.48775e-05	0.000139237	-144.396
883.474	9.6625	6.446143624999999e-11	-4.67303e-05	-3.43325e-05	5.6267e-05	-147.996
884.9769	9.6665	6.448812144999999e-11	-4.10082e-05	-7.1526e-05	8.67848e-05	-120.378
886.4801	9.6705	6.451480665e-11	-8.20165e-05	-4.10082e-05	8.77385e-05	-150.816
887.9682	9.6745	6.454149185e-11	-3.33788e-05	-6.2943e-05	6.8665e-05	-115.08
889.7445	9.6785	6.456817705e-11	-9.53682e-07	-4.00546e-05	3.52862e-05	-94.866
891.2317	9.6825	6.459486225e-11	-1.04905e-05	-2.47956e-05	2.57493e-05	-98.532
892.735	9.6865	6.462154745e-11	7.43871e-05	-3.24252e-05	8.10628e-05	-18.876
894.2216	9.6905	6.464823265e-11	5.9128e-05	1.33515e-05	6.19893e-05	14.184
895.71	9.6945	6.467491784999999e-11	4.57766e-05	2.86104e-06	4.95913e-05	8.238
897.4532	9.6985	6.470160304999999e-11	9.72752e-05	6.38966e-05	0.000116349	29.052
898.9561	9.7025	6.472828825e-11	0.000102997	6.38966e-05	0.000117302	36.342
900.427	9.7065	6.475497345e-11	8.10628e-05	5.24523e-05	9.82289e-05	31.506
902.1869	9.7105	6.478165865e-11	6.19893e-05	6.77113e-05	8.86922e-05	46.566
903.6745	9.7145	6.480834384999999e-11	3.71935e-05	0.0	3.62399e-05	-2.046
905.1769	9.7185	6.483502905e-11	1.90736e-05	2.9564e-05	3.91009e-05	62.244
906.6801	9.7225	6.486171425e-11	-7.62945e-06	8.39238e-05	8.77385e-05	93.624
908.151	9.7265	6.488839945e-11	-6.67575e-06	3.52862e-05	3.24252e-05	91.248
909.927	9.7305	6.491508464999999e-11	-1.71663e-05	4.19619e-05	4.86376e-05	119.838
911.4302	9.7345	6.494176985e-11	-4.29156e-05	3.33788e-05	5.0545e-05	151.326
912.9181	9.7385	6.496845505e-11	-6.38966e-05	1.52589e-05	5.9128e-05	160.95
914.4058	9.7425	6.499514024999999e-11	-7.1526e-05	-2.47956e-05	7.1526e-05	-171.414
915.9093	9.7465	6.502182544999999e-11	-9.25069e-05	2.00273e-05	9.72752e-05	170.148
917.3966	9.7505	6.504851065e-11	-0.000105858	5.72208e-06	0.000105858	175.356
918.8677	9.7545	6.507519585e-11	-6.00817e-05	-5.3406e-05	8.29701e-05	-137.844
920.6269	9.7585	6.510188105e-11	-6.48503e-05	-2.9564e-05	6.5804e-05	-155.604
922.1144	9.7625	6.512856625e-11	-4.38693e-05	-7.05724e-05	8.58312e-05	-118.884
923.6168	9.7665	6.515525145e-11	-8.67848e-05	-7.53407e-05	0.000110627	-134.748
925.1212	9.7705	6.518193664999999e-11	-9.5368e-06	-3.81472e-05	3.91009e-05	-79.608
926.6246	9.7745	6.520862184999999e-11	-2.47956e-05	-9.5368e-06	2.3842e-05	-153.438
928.3831	9.7785	6.523530704999999e-11	-5.72208e-06	-3.33788e-05	3.24252e-05	-87.756
929.8868	9.7825	6.526199225e-11	-3.81473e-06	-1.14442e-05	1.04905e-05	-104.934
931.3903	9.7865	6.528867745e-11	2.19346e-05	-2.6703e-05	3.24252e-05	-48.27
933.1659	9.7905	6.531536265e-11	-3.81473e-06	2.28883e-05	2.47956e-05	96.954
934.6532	9.7945	6.534204785e-11	5.0545e-05	1.52589e-05	5.24523e-05	17.718
936.1402	9.7985	6.536873305000001e-11	1.90736e-06	2.86103e-05	2.86103e-05	74.25
937.611	9.8025	6.539541824999999e-11	1.71663e-05	-1.90736e-06	1.62126e-05	-2.292
939.0975	9.8065	6.542210344999999e-11	-7.62945e-06	5.0545e-05	5.0545e-05	93.012
940.8746	9.8105	6.544878864999999e-11	-1.71663e-05	2.9564e-05	3.71935e-05	110.136
942.3618	9.8145	6.547547385e-11	-3.33788e-05	-2.86104e-06	3.24252e-05	178.782
943.8654	9.8185	6.550215905e-11	9.5368e-06	8.58313e-06	2.00273e-05	69.624
945.3518	9.8225	6.552884425e-11	1.90736e-06	5.24523e-05	5.24523e-05	98.238
946.8552	9.8265	6.555552945e-11	-2.6703e-05	-2.3842e-05	3.24252e-05	-138.576
948.3434	9.8305	6.558221465e-11	-1.81199e-05	1.90736e-05	2.57493e-05	136.044
949.8146	9.8345	6.560889985e-11	2.3842e-05	-5.72208e-06	2.0981e-05	-13.134
951.5741	9.8385	6.563558505e-11	5.24523e-05	-2.86104e-06	5.53133e-05	-2.694
953.0615	9.8425	6.566227024999999e-11	8.58313e-06	4.7684e-06	1.23978e-05	32.274
954.5648	9.8465	6.568895545e-11	6.67575e-06	3.24252e-05	3.05178e-05	72.9
956.0841	9.8505	6.571564065e-11	4.48229e-05	8.58313e-06	4.86376e-05	12.528
957.5869	9.8545	6.574232585e-11	5.53133e-05	2.19346e-05	5.6267e-05	17.1
959.3467	9.8585	6.576901104999999e-11	4.57766e-05	1.04905e-05	4.38693e-05	12.228
960.8342	9.8625	6.579569625e-11	4.00546e-05	6.38966e-05	7.62944e-05	55.752
962.3204	9.8665	6.582238145e-11	3.33788e-05	5.14986e-05	5.72207e-05	56.31
964.0807	9.8705	6.584906665e-11	3.81473e-06	7.91554e-05	7.43871e-05	92.7
965.5841	9.8745	6.587575185e-11	-6.67575e-06	3.24252e-05	2.57493e-05	96.912
967.0713	9.8785	6.590243705e-11	0.0	2.57493e-05	2.57493e-05	91.548
968.5749	9.8825	6.592912225e-11	-3.81473e-06	4.57766e-05	4.57766e-05	94.206
970.0618	9.8865	6.595580744999999e-11	-4.00546e-05	5.72208e-06	4.38693e-05	-178.314
971.8215	9.8905	6.598249264999999e-11	-2.00273e-05	2.3842e-05	2.9564e-05	126.606
973.3238	9.8945	6.600917785e-11	-3.33788e-05	3.62399e-05	5.24523e-05	137.046
974.8269	9.8985	6.603586305e-11	-4.67303e-05	2.3842e-05	4.76839e-05	147.012
976.3145	9.9025	6.606254825e-11	-7.34334e-05	1.23978e-05	6.10356e-05	171.204
977.8181	9.9065	6.608923345e-11	-4.57766e-05	-1.62126e-05	4.38693e-05	-158.04
979.3374	9.9105	6.611591865000001e-11	-8.77385e-05	-5.14986e-05	0.000112534	-154.83
980.8256	9.9145	6.614260384999999e-11	-1.14442e-05	-2.6703e-05	2.57493e-05	-114.57
982.5991	9.9185	6.616928904999999e-11	-6.19893e-05	-2.28883e-05	6.19893e-05	-156.72
984.1042	9.9225	6.619597424999999e-11	-0.000108719	-2.47956e-05	0.000116349	-163.926
985.6061	9.9265	6.622265945e-11	-1.81199e-05	-5.9128e-05	6.19893e-05	-98.382
987.095	9.9305	6.624934465e-11	-4.95913e-05	-1.71663e-05	5.43597e-05	-158.328
988.5978	9.9345	6.627602985e-11	-6.19893e-05	-5.0545e-05	7.24797e-05	-138.096
990.3569	9.9385	6.630271505e-11	-5.72208e-06	-5.53133e-05	5.24523e-05	-92.976
991.8609	9.9425	6.632940025e-11	-2.6703e-05	-4.7684e-06	1.90736e-05	-150.522
993.3643	9.9465	6.635608545e-11	-2.00273e-05	-6.19893e-05	6.48503e-05	-104.598
995.1556	9.9505	6.638277064999999e-11	-4.7684e-06	2.0981e-05	2.00273e-05	86.058
996.6902	9.9545	6.640945584999999e-11	8.58313e-06	-4.7684e-06	6.67575e-06	-54.462
998.1774	9.9585	6.643614105e-11	2.57493e-05	6.67575e-06	2.9564e-05	-1.218
999.6657	9.9625	6.646282625e-11	7.24797e-05	-9.5368e-06	7.34334e-05	-9.552
1001.1675	9.9665	6.648951145e-11	8.86922e-05	-2.86104e-06	8.77385e-05	-6.192
1002.9284	9.9705	6.651619665e-11	9.82289e-05	1.81199e-05	9.53679e-05	7.326
1004.4318	9.9745	6.654288185e-11	0.000108719	-1.04905e-05	0.000100136	-4.002
1005.9352	9.9785	6.656956705e-11	4.57766e-05	5.24523e-05	6.77113e-05	52.782
1007.4381	9.9825	6.659625225e-11	5.43597e-05	3.91009e-05	7.34334e-05	30.966
1008.9418	9.9865	6.662293745e-11	3.05178e-05	2.57493e-05	4.38693e-05	36.21
1010.4133	9.9905	6.664962265e-11	-1.52589e-05	4.10082e-05	4.48229e-05	116.562
1011.9008	9.9945	6.667630785e-11	5.72208e-06	6.00817e-05	6.2943e-05	79.956
1013.644	9.9985	6.670299305e-11	1.90736e-05	2.47956e-05	2.57493e-05	65.694
1015.1467	10.0025	6.672967824999999e-11	-4.86376e-05	3.14715e-05	5.3406e-05	143.706
1016.634	10.0065	6.675636345e-11	-2.9564e-05	1.90736e-06	3.62399e-05	177.036
1018.154	10.0105	6.678304865e-11	-5.0545e-05	1.71663e-05	5.6267e-05	165.636
1019.6415	10.0145	6.680973385e-11	-5.14986e-05	-1.71663e-05	4.67303e-05	-159.144
1021.4166	10.0185	6.683641905e-11	-8.67848e-05	-4.7684e-06	8.20165e-05	-177.114
1022.9199	10.0225	6.686310425e-11	-6.67577e-05	0.0	6.5804e-05	-178.83
1024.407	10.0265	6.688978945e-11	-7.91554e-05	-3.62399e-05	7.72481e-05	-150.696
1026.1666	10.0305	6.691647464999999e-11	-4.95913e-05	-2.28883e-05	5.72207e-05	-159.744
1027.6534	10.0345	6.694315984999999e-11	-3.81473e-06	-3.52862e-05	3.24252e-05	-99.042
1029.1402	10.0385	6.696984505e-11	-3.24252e-05	-2.00273e-05	2.9564e-05	-133.998
1030.644	10.0425	6.699653025e-11	-1.90736e-06	-3.33788e-05	3.52862e-05	-71.274
1032.1472	10.0465	6.702321545e-11	1.71663e-05	-5.81744e-05	5.9128e-05	-65.226
1033.9234	10.0505	6.704990065e-11	1.90736e-05	5.72208e-06	1.71663e-05	-15.642
1035.4418	10.0545	6.707658585000001e-11	6.19893e-05	3.52862e-05	6.77113e-05	38.028
1036.9291	10.0585	6.710327105e-11	6.5804e-05	2.86104e-06	6.5804e-05	0.582
1038.4336	10.0625	6.712995624999999e-11	8.58312e-05	2.00273e-05	8.77385e-05	14.676
1039.9209	10.0665	6.715664144999999e-11	5.72207e-05	2.00273e-05	6.10356e-05	20.994
1041.6803	10.0705	6.718332664999999e-11	2.6703e-05	2.28883e-05	3.24252e-05	32.658
1043.1996	10.0745	6.721001185e-11	2.86103e-05	5.0545e-05	5.6267e-05	63.438
1044.7021	10.0785	6.723669705e-11	1.33515e-05	5.72208e-06	2.47956e-05	18.006
1046.2063	10.0825	6.726338225e-11	5.72208e-06	3.52862e-05	3.33788e-05	84.402
1047.6937	10.0865	6.729006744999999e-11	2.28883e-05	5.9128e-05	6.5804e-05	72.09
1049.1807	10.0905	6.731675265e-11	1.52589e-05	2.9564e-05	3.52862e-05	66.666
1050.6683	10.0945	6.734343785e-11	3.33788e-05	3.24252e-05	4.76839e-05	44.442
1052.4269	10.0985	6.737012304999999e-11	-3.43325e-05	4.48229e-05	5.72207e-05	124.236
1053.9141	10.1025	6.739680824999999e-11	-2.00273e-05	-1.52589e-05	2.19346e-05	-128.658
1055.4017	10.1065	6.742349345e-11	-2.00273e-05	-2.47956e-05	2.76567e-05	-130.914
1056.9052	10.1105	6.745017865e-11	-4.29156e-05	9.5368e-06	4.19619e-05	177.228
1058.3914	10.1145	6.747686384999999e-11	-1.14442e-05	6.67575e-06	1.43052e-05	162.474
1060.1673	10.1185	6.750354904999999e-11	-2.47956e-05	-2.9564e-05	3.33788e-05	-132.36
1061.6551	10.1225	6.753023425e-11	4.38693e-05	-1.62126e-05	4.57766e-05	-16.296
1063.1269	10.1265	6.755691945e-11	-5.72208e-06	1.52589e-05	1.62126e-05	136.734
1064.8862	10.1305	6.758360465e-11	-2.19346e-05	3.81473e-06	2.57493e-05	159.276
1066.3896	10.1345	6.761028985e-11	-4.00546e-05	-2.0981e-05	5.43597e-05	-153.438
1067.8768	10.1385	6.763697505e-11	3.81473e-06	5.72208e-06	1.33515e-05	31.758
1069.3473	10.1425	6.766366025e-11	-4.95913e-05	2.28883e-05	5.0545e-05	156.282
1070.8517	10.1465	6.769034544999999e-11	-1.04905e-05	-3.62399e-05	4.00546e-05	-101.844
1072.6107	10.1505	6.771703064999999e-11	-4.00546e-05	2.28883e-05	3.91009e-05	146.022
1074.1143	10.1545	6.774371585e-11	-1.81199e-05	8.58313e-06	2.00273e-05	145.842
1075.617	10.1585	6.777040105e-11	1.90736e-06	1.23978e-05	1.43052e-05	30.066
1077.105	10.1625	6.779708625e-11	-3.71935e-05	1.43052e-05	3.14715e-05	164.982
1078.6081	10.1665	6.782377145e-11	-4.67303e-05	-3.24252e-05	4.76839e-05	-142.122
1080.0951	10.1705	6.785045665e-11	-1.14442e-05	-1.90736e-05	1.71663e-05	-81.252
1081.5981	10.1745	6.787714184999999e-11	-1.81199e-05	1.52589e-05	2.28883e-05	125.136
1083.3578	10.1785	6.790382704999999e-11	-4.48229e-05	8.58313e-06	4.48229e-05	165.342
1084.8769	10.1825	6.793051224999999e-11	-1.33515e-05	8.58313e-06	1.90736e-05	166.428
1086.3652	10.1865	6.795719745e-11	-4.00546e-05	-1.90736e-05	4.57766e-05	-151.644
1087.8684	10.1905	6.798388265e-11	-1.90736e-05	5.72208e-06	1.71663e-05	173.16
1089.3558	10.1945	6.801056785e-11	-1.04905e-05	-1.14442e-05	1.04905e-05	-135.0
1090.8423	10.1985	6.803725305e-11	1.33515e-05	2.00273e-05	2.3842e-05	51.072
1092.3614	10.2025	6.806393825e-11	-4.7684e-06	-2.76567e-05	2.57493e-05	-97.698
1093.8341	10.2065	6.809062345e-11	1.04905e-05	2.9564e-05	3.05178e-05	80.136
1095.3368	10.2105	6.811730864999999e-11	-2.86103e-05	6.67575e-06	3.24252e-05	155.922
1096.8409	10.2145	6.814399384999999e-11	-1.62126e-05	-2.3842e-05	2.9564e-05	-129.96
1098.3442	10.2185	6.817067905e-11	-1.33515e-05	1.04905e-05	1.14442e-05	167.904
1099.8469	10.2225	6.819736425e-11	-2.28883e-05	7.62945e-06	3.14715e-05	155.922
1101.3509	10.2265	6.822404945e-11	1.90736e-05	-1.04905e-05	2.3842e-05	-38.886
1103.1098	10.2305	6.825073464999999e-11	2.86104e-06	3.91009e-05	3.91009e-05	78.69
1104.5961	10.2345	6.827741985e-11	4.67303e-05	-1.90736e-06	4.86376e-05	-6.936
1106.1009	10.2385	6.830410505e-11	8.58313e-06	-6.67575e-06	1.90736e-05	-31.506
1107.5883	10.2425	6.833079025e-11	5.24523e-05	1.23978e-05	4.19619e-05	20.676
1109.1069	10.2465	6.835747544999999e-11	2.86104e-06	8.58313e-06	1.23978e-05	109.176
1110.611	10.2505	6.838416065e-11	-5.72208e-06	1.81199e-05	1.90736e-05	115.71
1112.1134	10.2545	6.841084585e-11	3.71935e-05	1.90736e-06	2.6703e-05	4.902
1113.8898	10.2585	6.843753104999999e-11	-8.58313e-06	3.91009e-05	4.57766e-05	101.886
1115.393	10.2625	6.846421624999999e-11	1.14442e-05	3.05178e-05	3.52862e-05	67.794
1116.8805	10.2665	6.849090145e-11	3.91009e-05	3.81473e-06	3.71935e-05	18.102
1118.366	10.2705	6.851758665e-11	9.5368e-06	6.67575e-06	3.81473e-06	172.878
1119.8553	10.2745	6.854427185e-11	3.05178e-05	2.3842e-05	3.91009e-05	42.21
1121.6141	10.2785	6.857095705e-11	8.58313e-06	-2.6703e-05	2.3842e-05	-84.804
1123.1338	10.2825	6.859764225e-11	-6.67575e-06	5.72208e-06	1.04905e-05	149.934
1124.637	10.2865	6.862432745e-11	1.71663e-05	3.24252e-05	3.91009e-05	63.018
1126.3966	10.2905	6.865101264999999e-11	-4.19619e-05	3.81473e-06	3.71935e-05	174.612
1127.9159	10.2945	6.867769784999999e-11	-9.5368e-06	-2.86104e-06	1.23978e-05	148.242
1129.403	10.2985	6.870438305e-11	5.72208e-06	1.43052e-05	1.23978e-05	90.0
1130.8892	10.3025	6.873106825e-11	2.47956e-05	5.53133e-05	5.72207e-05	78.96
1132.3618	10.3065	6.875775345e-11	8.58313e-06	1.04905e-05	1.81199e-05	45.0
1133.8488	10.3105	6.878443865e-11	-9.53682e-07	-1.04905e-05	1.23978e-05	-59.934
1135.3355	10.3145	6.881112385000001e-11	3.43325e-05	2.86103e-05	3.91009e-05	48.714
1136.8241	10.3185	6.883780904999999e-11	1.33515e-05	-9.5368e-06	9.5368e-06	-41.988
1138.3115	10.3225	6.886449424999999e-11	1.52589e-05	3.33788e-05	4.00546e-05	80.25
1139.8304	10.3265	6.889117944999999e-11	-2.00273e-05	1.14442e-05	2.3842e-05	166.758
1141.3169	10.3305	6.891786465e-11	0.0	2.76567e-05	2.57493e-05	96.168
1142.837	10.3345	6.894454985e-11	3.81473e-06	8.58313e-06	1.14442e-05	34.506
1144.6286	10.3385	6.897123505e-11	-7.62945e-06	-2.19346e-05	2.57493e-05	-119.052
1146.164	10.3425	6.899792025e-11	6.67575e-06	4.19619e-05	4.29156e-05	80.094
1147.6662	10.3465	6.902460545e-11	-7.72481e-05	-9.5368e-06	7.05724e-05	-171.174
1149.1707	10.3505	6.905129065e-11	-4.7684e-06	-4.7684e-06	7.62945e-06	-175.602
1150.6561	10.3545	6.907797584999999e-11	-4.19619e-05	-2.47956e-05	4.86376e-05	-141.582
1152.4332	10.3585	6.910466104999999e-11	-4.19619e-05	-1.81199e-05	4.29156e-05	-162.96
1153.9355	10.3625	6.913134625e-11	-2.00273e-05	-6.48503e-05	6.38966e-05	-101.922
1155.424	10.3665	6.915803145e-11	-1.90736e-05	-9.5368e-06	1.71663e-05	-156.252
1157.1981	10.3705	6.918471665e-11	2.19346e-05	8.58313e-06	2.6703e-05	37.65
1158.7179	10.375	6.92147375e-11	2.3842e-05	5.72208e-06	2.47956e-05	7.494
1160.5256	10.379	6.92414227e-11	3.62399e-05	1.04905e-05	2.57493e-05	8.616
1161.9969	10.383	6.92681079e-11	1.52589e-05	-2.57493e-05	3.33788e-05	-52.308
1163.4845	10.387	6.92947931e-11	2.19346e-05	1.23978e-05	2.47956e-05	34.116
1164.9869	10.391	6.932147829999999e-11	2.57493e-05	5.24523e-05	6.19893e-05	60.708
1166.4742	10.395	6.934816349999999e-11	1.52589e-05	5.53133e-05	5.72207e-05	72.846
1167.9617	10.399	6.937484869999999e-11	2.19346e-05	5.72208e-06	2.3842e-05	23.202
1169.4499	10.403	6.94015339e-11	5.53133e-05	2.00273e-05	6.8665e-05	14.556
1170.9523	10.407	6.94282191e-11	-1.33515e-05	1.04905e-05	1.90736e-05	121.506
1172.4398	10.411	6.94549043e-11	-1.04905e-05	-2.86104e-06	1.14442e-05	-160.56
1173.9439	10.415	6.948158949999999e-11	2.6703e-05	3.05178e-05	4.10082e-05	58.092
1175.4469	10.419	6.95082747e-11	-4.48229e-05	6.67575e-06	4.76839e-05	164.814
1176.9346	10.423	6.95349599e-11	-2.0981e-05	0.0	1.43052e-05	-159.774
1178.6929	10.427	6.95616451e-11	-6.67575e-06	0.0	5.72208e-06	-124.992
1180.1815	10.431	6.958833029999999e-11	-8.58313e-06	1.52589e-05	1.81199e-05	122.004
1181.6687	10.435	6.96150155e-11	7.62945e-06	-3.52862e-05	3.81472e-05	-90.894
1183.1718	10.439	6.96417007e-11	-2.6703e-05	-2.47956e-05	3.52862e-05	-127.092
1184.6595	10.443	6.966838589999999e-11	-1.33515e-05	-5.14986e-05	5.14986e-05	-104.034
1186.1617	10.447	6.969507109999999e-11	1.52589e-05	-3.81473e-06	1.71663e-05	-31.758
1187.6342	10.451	6.97217563e-11	-2.0981e-05	-2.47956e-05	2.9564e-05	-126.606
1189.1208	10.455	6.97484415e-11	4.7684e-06	3.43325e-05	3.71935e-05	79.608
1190.8792	10.459	6.97751267e-11	-1.90736e-05	-3.05178e-05	3.62399e-05	-135.0
1192.3671	10.463	6.98018119e-11	-3.81472e-05	-2.86104e-06	3.52862e-05	-174.402
1193.8555	10.467	6.98284971e-11	-4.7684e-06	1.62126e-05	1.81199e-05	101.688
1195.3591	10.471	6.985518229999999e-11	-4.7684e-06	1.23978e-05	1.23978e-05	128.16
1196.8783	10.475	6.988186749999999e-11	-1.81199e-05	-9.53682e-07	2.28883e-05	-172.302
1198.3658	10.479	6.990855269999999e-11	-2.0981e-05	1.23978e-05	2.28883e-05	135.0
1199.8525	10.483	6.99352379e-11	-1.81199e-05	0.0	2.28883e-05	-178.53
1201.3402	10.487	6.99619231e-11	-9.5368e-06	2.9564e-05	2.76567e-05	97.122
1203.0981	10.491	6.99886083e-11	-1.43052e-05	-1.52589e-05	1.90736e-05	-142.764
1204.603	10.495	7.00152935e-11	1.71663e-05	8.58313e-06	1.90736e-05	59.034
1206.1066	10.499	7.00419787e-11	6.67575e-06	-2.86104e-06	9.5368e-06	-21.804
1207.592	10.503	7.006866389999999e-11	1.52589e-05	1.23978e-05	1.71663e-05	78.312
1209.0807	10.507	7.009534909999999e-11	1.04905e-05	0.0	1.23978e-05	2.724
1210.5518	10.511	7.012203429999999e-11	1.81199e-05	-2.86104e-06	1.71663e-05	-23.748
1212.0401	10.515	7.01487195e-11	4.48229e-05	2.57493e-05	5.0545e-05	26.916
1213.7987	10.519	7.01754047e-11	0.0	1.62126e-05	1.52589e-05	120.066
1215.3187	10.523	7.02020899e-11	3.14715e-05	2.19346e-05	3.62399e-05	37.074
1216.8218	10.527	7.022877509999999e-11	2.3842e-05	1.23978e-05	2.86103e-05	25.974
1218.3256	10.531	7.02554603e-11	5.72208e-06	3.43325e-05	3.52862e-05	97.254
1219.8124	10.535	7.02821455e-11	0.0	2.28883e-05	2.47956e-05	74.874
1221.3163	10.539	7.030883069999999e-11	-2.86104e-06	1.90736e-05	2.28883e-05	86.346
1222.8037	10.543	7.033551589999999e-11	8.58313e-06	2.47956e-05	2.3842e-05	58.734
1224.291	10.547	7.03622011e-11	-5.72208e-06	-2.3842e-05	2.57493e-05	-107.592
1226.0662	10.551	7.03888863e-11	2.57493e-05	-2.86104e-06	2.6703e-05	-1.398
1227.5695	10.555	7.04155715e-11	-2.86104e-06	-2.28883e-05	2.47956e-05	-116.562
1229.0884	10.559	7.044225669999999e-11	-1.81199e-05	1.71663e-05	1.71663e-05	129.474
1230.624	10.563	7.04689419e-11	-1.90736e-06	1.04905e-05	1.14442e-05	63.438
1232.3668	10.567	7.04956271e-11	0.0	3.81473e-06	5.72208e-06	63.438
1233.8699	10.571	7.05223123e-11	-2.86104e-06	-2.86104e-06	3.81473e-06	84.804
1235.3574	10.575	7.05489975e-11	-1.62126e-05	-8.58313e-06	1.52589e-05	-126.384
1236.8456	10.579	7.05756827e-11	-2.0981e-05	-3.62399e-05	4.29156e-05	-122.988
1238.331	10.583	7.06023679e-11	1.23978e-05	1.90736e-06	8.58313e-06	29.052
1240.0918	10.587	7.062905309999999e-11	-2.86104e-06	2.19346e-05	2.19346e-05	91.686
1241.5956	10.591	7.065573829999999e-11	8.58313e-06	2.00273e-05	2.19346e-05	65.856
1243.0819	10.595	7.06824235e-11	4.86376e-05	0.0	4.57766e-05	0.0
1244.5702	10.599	7.07091087e-11	9.53682e-07	3.81473e-06	1.52589e-05	176.532
1246.0727	10.603	7.07357939e-11	1.71663e-05	-1.81199e-05	1.90736e-05	-64.44
1247.577	10.607	7.07624791e-11	1.33515e-05	4.57766e-05	4.38693e-05	84.474
1249.0805	10.611	7.07891643e-11	1.23978e-05	-2.86104e-06	1.43052e-05	-22.248
1250.5669	10.615	7.081584949999999e-11	3.43325e-05	2.57493e-05	4.86376e-05	25.89
1252.0553	10.619	7.084253469999999e-11	1.52589e-05	5.24523e-05	5.6267e-05	65.898
1253.5586	10.623	7.086921989999999e-11	5.3406e-05	9.53682e-07	6.19893e-05	9.066
1255.046	10.627	7.08959051e-11	1.90736e-05	2.19346e-05	3.33788e-05	49.29
1256.5326	10.631	7.09225903e-11	4.7684e-06	4.19619e-05	4.38693e-05	87.546
1258.0368	10.635	7.09492755e-11	-1.04905e-05	1.23978e-05	1.81199e-05	143.13
1259.5231	10.639	7.09759607e-11	3.81473e-06	2.76567e-05	2.9564e-05	109.23
1261.0115	10.643	7.10026459e-11	-1.62126e-05	4.19619e-05	4.57766e-05	113.532
1262.4817	10.647	7.10293311e-11	4.57766e-05	3.81472e-05	5.81744e-05	45.474
1263.9848	10.651	7.105601629999999e-11	-3.14715e-05	3.91009e-05	4.86376e-05	119.652
1265.4737	10.655	7.108270149999999e-11	8.58313e-06	-2.28883e-05	2.00273e-05	-87.708
1266.9611	10.659	7.11093867e-11	-2.3842e-05	-7.62945e-06	3.24252e-05	177.918
1268.4484	10.663	7.11360719e-11	2.19346e-05	-1.33515e-05	3.14715e-05	-27.072
1269.9519	10.667	7.11627571e-11	-2.00273e-05	-1.04905e-05	2.47956e-05	-150.066
1271.4552	10.671	7.118944229999999e-11	1.04905e-05	5.72208e-06	1.52589e-05	21.804
1272.9904	10.675	7.12161275e-11	5.0545e-05	-1.14442e-05	4.38693e-05	-20.136
1274.5087	10.679	7.12428127e-11	4.76839e-05	-3.14715e-05	5.72207e-05	-25.956
1275.997	10.683	7.12694979e-11	-9.53682e-07	-1.81199e-05	1.71663e-05	-80.538
1277.483	10.687	7.129618309999999e-11	2.57493e-05	3.81473e-06	2.6703e-05	0.0
1278.9711	10.691	7.13228683e-11	2.86104e-06	2.86103e-05	2.9564e-05	99.66
1280.4581	10.695	7.13495535e-11	1.81199e-05	-1.81199e-05	2.28883e-05	-37.236
1282.2346	10.699	7.13762387e-11	2.19346e-05	1.33515e-05	3.05178e-05	30.966
1283.7212	10.703	7.140292389999999e-11	2.9564e-05	1.71663e-05	3.71935e-05	23.46
1285.1924	10.707	7.14296091e-11	1.14442e-05	1.52589e-05	2.0981e-05	42.612
1286.6957	10.711	7.14562943e-11	0.0	2.86103e-05	2.86103e-05	104.352
1288.1819	10.715	7.14829795e-11	-3.91009e-05	-1.90736e-06	3.71935e-05	-177.99
1289.6869	10.719	7.15096647e-11	-5.24523e-05	2.19346e-05	5.72207e-05	154.026
1291.1736	10.723	7.15363499e-11	0.0	3.71935e-05	3.71935e-05	97.524
1292.6768	10.727	7.15630351e-11	-3.62399e-05	5.72208e-06	3.24252e-05	174.684
1294.4368	10.731	7.158972029999999e-11	-4.00546e-05	-1.04905e-05	4.38693e-05	-155.49
1295.9397	10.735	7.161640549999999e-11	-3.81472e-05	-2.9564e-05	4.19619e-05	-116.562
1297.4431	10.739	7.16430907e-11	-4.67303e-05	1.04905e-05	4.48229e-05	155.772
1298.9297	10.743	7.16697759e-11	-2.00273e-05	-2.0981e-05	3.05178e-05	-135.0
1300.4343	10.747	7.16964611e-11	-3.91009e-05	6.67575e-06	3.71935e-05	164.196
1301.9218	10.751	7.17231463e-11	-3.14715e-05	5.72208e-06	2.28883e-05	146.976
1303.4095	10.755	7.174983150000001e-11	1.04905e-05	-1.14442e-05	1.23978e-05	-47.118
1304.9118	10.759	7.177651669999999e-11	-2.6703e-05	-6.67575e-06	3.24252e-05	-170.178
1306.4159	10.763	7.180320189999999e-11	-1.90736e-05	1.90736e-06	1.90736e-05	165.468
1307.9025	10.767	7.182988709999999e-11	-2.28883e-05	-2.6703e-05	3.91009e-05	-141.486
1309.4069	10.771	7.18565723e-11	-1.81199e-05	9.53682e-07	1.52589e-05	163.074
1310.8774	10.775	7.18832575e-11	-2.28883e-05	2.3842e-05	3.52862e-05	130.812
1312.6369	10.779	7.19099427e-11	2.57493e-05	2.86104e-06	1.90736e-05	-20.556
1314.1251	10.783	7.19366279e-11	-1.71663e-05	1.62126e-05	2.3842e-05	125.364
1315.6116	10.787	7.19633131e-11	0.0	6.67575e-06	8.58313e-06	94.086
1317.0989	10.791	7.19899983e-11	1.71663e-05	2.6703e-05	2.76567e-05	88.452
1318.6028	10.795	7.20166835e-11	8.58313e-06	5.72208e-06	1.23978e-05	34.506
1320.1381	10.799	7.204336869999999e-11	1.90736e-06	8.58313e-06	1.04905e-05	97.434
1321.6247	10.803	7.20700539e-11	2.19346e-05	8.01091e-05	8.39238e-05	72.996
1323.112	10.807	7.20967391e-11	2.57493e-05	4.7684e-06	3.52862e-05	1.02
1324.8718	10.811	7.21234243e-11	4.38693e-05	1.04905e-05	4.38693e-05	2.604
1326.3598	10.815	7.215010949999999e-11	-2.28883e-05	-2.28883e-05	2.3842e-05	-126.156
1327.863	10.819	7.21767947e-11	3.52862e-05	-6.67575e-06	4.00546e-05	-12.528
1329.3662	10.823	7.22034799e-11	1.62126e-05	1.90736e-05	2.28883e-05	74.052
1331.1092	10.827	7.22301651e-11	3.43325e-05	-3.33788e-05	4.95913e-05	-38.076
1332.6133	10.831	7.22568503e-11	5.24523e-05	0.0	5.43597e-05	8.502
1334.0992	10.835	7.22835355e-11	8.58313e-06	2.19346e-05	2.47956e-05	65.898
1335.5869	10.839	7.23102207e-11	-3.81473e-06	1.90736e-05	1.90736e-05	100.494
1337.0915	10.843	7.233690589999999e-11	2.19346e-05	-3.81473e-06	2.00273e-05	-22.17
1338.5781	10.847	7.236359109999999e-11	4.7684e-06	3.62399e-05	3.71935e-05	78.276
1340.0495	10.851	7.23902763e-11	-2.19346e-05	3.52862e-05	3.81472e-05	109.056
1341.5534	10.855	7.24169615e-11	-1.33515e-05	-2.76567e-05	3.91009e-05	-152.676
1343.3116	10.859	7.24436467e-11	-3.33788e-05	-1.33515e-05	3.71935e-05	-148.704
1344.8318	10.863	7.24703319e-11	-5.6267e-05	2.57493e-05	6.10356e-05	154.014
1346.3355	10.867	7.249701710000001e-11	-4.19619e-05	-1.71663e-05	4.48229e-05	-151.524
1347.8387	10.871	7.25237023e-11	2.86104e-06	-4.7684e-06	3.81473e-06	-146.31
1349.3256	10.875	7.255038749999999e-11	-1.33515e-05	-5.14986e-05	5.14986e-05	-92.202
1350.8281	10.879	7.257707269999999e-11	-9.5368e-06	5.72208e-06	8.58313e-06	158.964
1352.3481	10.883	7.260375789999999e-11	-1.14442e-05	6.67575e-06	1.14442e-05	129.288
1353.8517	10.887	7.26304431e-11	-4.76839e-05	-1.04905e-05	4.86376e-05	-169.626
1355.5953	10.891	7.26571283e-11	2.57493e-05	-4.48229e-05	5.14986e-05	-59.418
1357.0982	10.895	7.26838135e-11	2.57493e-05	-3.81472e-05	4.95913e-05	-53.43
1358.5846	10.899	7.27104987e-11	2.6703e-05	-7.62945e-06	2.28883e-05	-16.188
1360.0733	10.903	7.27371839e-11	-8.58313e-06	0.0	2.3842e-05	-178.728
1361.5766	10.907	7.276386909999999e-11	5.72208e-06	-3.62399e-05	3.52862e-05	-93.24
1363.0952	10.911	7.279055429999999e-11	5.72208e-06	9.5368e-06	1.52589e-05	67.068
1364.5834	10.915	7.281723949999999e-11	1.14442e-05	-2.00273e-05	3.05178e-05	-47.352
1366.0537	10.919	7.28439247e-11	3.71935e-05	2.28883e-05	4.86376e-05	36.138
1367.5256	10.923	7.28706099e-11	0.0	1.62126e-05	1.71663e-05	47.862
1369.0124	10.927	7.28972951e-11	-4.7684e-06	-1.90736e-06	2.86104e-06	-54.462
1370.5008	10.931	7.292398029999999e-11	8.58313e-06	2.57493e-05	2.86103e-05	75.966
1371.9718	10.935	7.29506655e-11	6.67575e-06	-1.62126e-05	1.71663e-05	-73.074
1373.6995	10.939	7.29773507e-11	9.53682e-07	9.5368e-06	1.33515e-05	94.572
1375.2018	10.943	7.30040359e-11	5.72208e-06	1.33515e-05	1.62126e-05	32.622
1376.6903	10.947	7.303072109999999e-11	1.33515e-05	2.86104e-06	1.23978e-05	2.724
1378.1769	10.951	7.30574063e-11	1.81199e-05	9.53682e-07	1.90736e-05	12.726
1379.665	10.955	7.30840915e-11	2.9564e-05	-1.81199e-05	3.62399e-05	-27.438
1381.1516	10.959	7.311077669999999e-11	3.71935e-05	-6.67575e-06	3.71935e-05	-8.586
1382.6398	10.963	7.313746189999999e-11	6.19893e-05	-2.00273e-05	6.77113e-05	-10.452
1384.1422	10.967	7.31641471e-11	4.57766e-05	2.00273e-05	5.6267e-05	24.552
1385.9168	10.971	7.31908323e-11	4.57766e-05	1.52589e-05	4.19619e-05	21.612
1387.4214	10.975	7.32175175e-11	-3.81473e-06	2.6703e-05	2.6703e-05	91.398
1388.925	10.979	7.32442027e-11	3.05178e-05	-9.5368e-06	2.3842e-05	-28.74
1390.4113	10.983	7.32708879e-11	1.90736e-05	2.86104e-06	1.62126e-05	51.006
1391.9147	10.987	7.329757309999999e-11	-1.81199e-05	1.52589e-05	2.19346e-05	141.072
1393.675	10.991	7.332425829999999e-11	3.81473e-06	-7.62945e-06	1.52589e-05	-68.196
1395.1772	10.995	7.335094349999999e-11	-2.6703e-05	5.0545e-05	5.43597e-05	115.242
1396.6656	10.999	7.33776287e-11	-4.19619e-05	-3.81473e-06	4.38693e-05	-173.76
1398.1518	11.003	7.34043139e-11	-2.0981e-05	0.0	1.90736e-05	-175.914
1399.6404	11.007	7.34309991e-11	-1.81199e-05	-2.3842e-05	2.76567e-05	-117.18
1401.1429	11.011	7.34576843e-11	-3.24252e-05	-1.04905e-05	3.43325e-05	-171.252
1402.6618	11.015	7.34843695e-11	-2.0981e-05	-2.00273e-05	3.24252e-05	-137.118
1404.1504	11.019	7.351105469999999e-11	-2.0981e-05	1.90736e-06	1.81199e-05	169.878
1405.6373	11.023	7.353773989999999e-11	-1.14442e-05	2.86104e-06	1.23978e-05	162.474
1407.125	11.027	7.356442509999999e-11	-6.67575e-06	-1.33515e-05	7.62945e-06	-57.996
1408.6118	11.031	7.35911103e-11	-3.62399e-05	1.90736e-06	3.14715e-05	168.18
1410.1158	11.035	7.36177955e-11	-2.28883e-05	-2.3842e-05	3.05178e-05	-122.658
1411.875	11.039	7.36444807e-11	-3.14715e-05	-3.33788e-05	3.91009e-05	-137.418
1413.3784	11.043	7.36711659e-11	-5.9128e-05	4.38693e-05	6.8665e-05	138.27
1414.8818	11.047	7.36978511e-11	-2.28883e-05	2.19346e-05	3.24252e-05	129.372
1416.6404	11.051	7.37245363e-11	-7.43871e-05	5.72208e-06	7.72481e-05	173.604
1418.1272	11.055	7.375122149999999e-11	-3.62399e-05	-1.33515e-05	3.81472e-05	-164.322
1419.6318	11.059	7.377790669999999e-11	-6.38966e-05	-1.33515e-05	6.2943e-05	-164.796
1421.1352	11.063	7.38045919e-11	-4.10082e-05	2.28883e-05	4.57766e-05	146.538
1422.6379	11.067	7.38312771e-11	-6.00817e-05	-1.04905e-05	5.81744e-05	-168.816
1424.1259	11.071	7.38579623e-11	-3.91009e-05	1.23978e-05	3.71935e-05	157.62
1425.6293	11.075	7.388464749999999e-11	-4.86376e-05	-1.14442e-05	4.76839e-05	-164.388
1427.1318	11.079	7.39113327e-11	-4.76839e-05	9.53682e-07	4.86376e-05	175.302
1428.6191	11.083	7.39380179e-11	1.71663e-05	5.72207e-05	5.72207e-05	72.474
1430.1224	11.087	7.39647031e-11	1.04905e-05	-9.53682e-07	1.04905e-05	-40.602
1431.6107	11.091	7.399138829999999e-11	1.71663e-05	3.81473e-06	1.71663e-05	25.56
1433.114	11.095	7.40180735e-11	-6.67575e-06	2.3842e-05	2.57493e-05	125.706
1434.9054	11.099	7.40447587e-11	-3.05178e-05	-6.67575e-06	3.24252e-05	-171.528
1436.4086	11.103	7.407144389999999e-11	-2.3842e-05	2.00273e-05	2.76567e-05	137.046
1437.9118	11.107	7.409812909999999e-11	1.04905e-05	3.71935e-05	3.52862e-05	96.072
1439.3985	11.111	7.41248143e-11	2.3842e-05	1.90736e-05	2.86103e-05	50.904
1440.8867	11.115	7.41514995e-11	3.05178e-05	1.33515e-05	2.6703e-05	37.476
1442.3893	11.119	7.41781847e-11	6.67575e-06	-6.67575e-06	7.62945e-06	-65.556
1443.8769	11.123	7.42048699e-11	6.8665e-05	4.19619e-05	6.96187e-05	35.892
1445.3648	11.127	7.42315551e-11	5.81744e-05	6.19893e-05	8.67848e-05	41.226
1446.8668	11.131	7.425824029999999e-11	4.10082e-05	5.72208e-06	4.19619e-05	11.658
1448.3541	11.135	7.428492549999999e-11	3.52862e-05	3.05178e-05	4.76839e-05	47.244
1449.8418	11.139	7.431161069999999e-11	7.62944e-05	-2.3842e-05	7.82018e-05	-14.394
1451.3303	11.143	7.43382959e-11	3.14715e-05	5.9128e-05	6.5804e-05	60.036
1452.8326	11.147	7.43649811e-11	5.0545e-05	1.33515e-05	4.86376e-05	24.444
1454.32	11.151	7.43916663e-11	6.5804e-05	2.3842e-05	6.5804e-05	21.804
1455.7914	11.155	7.44183515e-11	1.71663e-05	4.76839e-05	4.86376e-05	61.59
1457.28	11.159	7.44450367e-11	6.38966e-05	7.43871e-05	9.72752e-05	45.0
1458.7669	11.163	7.447172189999999e-11	5.0545e-05	5.43597e-05	6.77113e-05	56.976
1460.2547	11.167	7.449840709999999e-11	-7.62945e-06	3.05178e-05	3.14715e-05	112.716
1461.7419	11.171	7.452509229999999e-11	-6.67575e-06	3.14715e-05	3.52862e-05	93.816
1463.2454	11.175	7.45517775e-11	-1.14442e-05	-4.7684e-06	1.23978e-05	-98.43
1465.0046	11.179	7.45784627e-11	-2.76567e-05	2.57493e-05	3.71935e-05	137.934
1466.4918	11.183	7.46051479e-11	2.86104e-06	3.62399e-05	3.52862e-05	81.87
1468.2669	11.187	7.46318331e-11	-2.28883e-05	-1.43052e-05	2.9564e-05	-156.798
1469.7547	11.191	7.46585183e-11	-8.58313e-06	2.86103e-05	3.24252e-05	111.192
1471.2417	11.195	7.46852035e-11	-6.67575e-06	-5.81744e-05	5.72207e-05	-96.63
1472.7294	11.199	7.47118887e-11	2.86103e-05	-2.00273e-05	4.19619e-05	-23.532
1474.2005	11.203	7.473857389999999e-11	-1.62126e-05	-3.05178e-05	3.24252e-05	-122.658
1475.6868	11.207	7.47652591e-11	0.0	-3.81472e-05	3.91009e-05	-92.772
1477.1895	11.211	7.47919443e-11	-7.62945e-06	-1.04905e-05	6.67575e-06	-77.472
1478.6771	11.215	7.48186295e-11	3.91009e-05	-6.67575e-06	3.24252e-05	-4.866
1480.4368	11.219	7.484531469999999e-11	5.72207e-05	-3.43325e-05	6.10356e-05	-33.504
1481.9406	11.223	7.48719999e-11	3.91009e-05	6.67575e-06	4.00546e-05	6.012
1483.4609	11.227	7.48986851e-11	5.72207e-05	-4.86376e-05	7.1526e-05	-43.452
1484.9632	11.231	7.49253703e-11	5.81744e-05	-1.62126e-05	5.53133e-05	-17.772
1486.4669	11.235	7.49520555e-11	3.24252e-05	1.52589e-05	3.81472e-05	22.692
1487.955	11.239	7.49787407e-11	4.76839e-05	4.10082e-05	6.10356e-05	38.76
1489.4418	11.243	7.50054259e-11	8.39238e-05	1.62126e-05	8.48775e-05	12.726
1490.9297	11.247	7.503211109999999e-11	2.9564e-05	2.57493e-05	4.10082e-05	48.732
1492.7048	11.251	7.505879629999999e-11	5.72208e-06	2.86103e-05	3.24252e-05	86.88
1494.2241	11.255	7.50854815e-11	1.33515e-05	5.24523e-05	5.81744e-05	65.094
1495.7269	11.259	7.51121667e-11	5.72208e-06	3.91009e-05	3.71935e-05	80.364
1497.215	11.263	7.51388519e-11	1.33515e-05	3.91009e-05	4.00546e-05	73.662
1498.7013	11.267	7.51655371e-11	1.81199e-05	1.62126e-05	2.86103e-05	28.14
1500.1892	11.271	7.519222230000001e-11	-2.47956e-05	2.3842e-05	3.43325e-05	111.612
1501.6769	11.275	7.521890749999999e-11	-4.95913e-05	-1.23978e-05	4.38693e-05	-160.71
1503.1796	11.279	7.524559269999999e-11	-2.19346e-05	-3.81473e-06	1.04905e-05	180.0
1504.683	11.283	7.527227789999999e-11	-4.86376e-05	-4.76839e-05	6.48503e-05	-129.498
1506.1701	11.287	7.52989631e-11	-2.86104e-06	1.52589e-05	1.71663e-05	117.408
1507.6736	11.291	7.53256483e-11	-1.33515e-05	0.0	1.33515e-05	177.138
1509.1769	11.295	7.53523335e-11	-4.29156e-05	9.53682e-07	4.86376e-05	179.244
1510.9532	11.299	7.53790187e-11	-3.91009e-05	-4.48229e-05	5.24523e-05	-126.384
1512.4718	11.303	7.54057039e-11	-5.72207e-05	-4.29156e-05	6.38966e-05	-139.464
1513.9599	11.307	7.54323891e-11	-2.47956e-05	-1.62126e-05	2.9564e-05	-142.122
1515.4468	11.311	7.545907429999999e-11	-4.95913e-05	-1.33515e-05	4.29156e-05	-156.93
1516.9505	11.315	7.548575949999999e-11	-2.0981e-05	1.33515e-05	2.3842e-05	142.818
1518.4369	11.319	7.55124447e-11	-7.62945e-06	-1.81199e-05	1.71663e-05	-82.878
1519.9412	11.323	7.55391299e-11	3.33788e-05	-4.57766e-05	5.24523e-05	-54.888
1521.4445	11.327	7.55658151e-11	1.90736e-05	3.71935e-05	4.19619e-05	66.318
1523.2039	11.331	7.559250029999999e-11	6.67575e-06	-4.86376e-05	4.86376e-05	-68.346
1524.6913	11.335	7.56191855e-11	5.43597e-05	1.14442e-05	5.81744e-05	10.932
1526.2107	11.339	7.56458707e-11	1.04905e-05	-6.67575e-06	1.14442e-05	-3.366
1527.714	11.343	7.56725559e-11	4.76839e-05	2.00273e-05	5.24523e-05	21.138
1529.2014	11.347	7.56992411e-11	3.52862e-05	1.62126e-05	3.62399e-05	37.692
1530.6881	11.351	7.57259263e-11	2.19346e-05	6.19893e-05	6.48503e-05	71.376
1532.1918	11.355	7.57526115e-11	6.19893e-05	1.43052e-05	5.72207e-05	17.046
1533.6785	11.359	7.57792967e-11	5.6267e-05	2.86103e-05	6.19893e-05	25.734
1535.1987	11.363	7.580598189999999e-11	4.86376e-05	4.86376e-05	6.48503e-05	42.78
1536.7169	11.367	7.58326671e-11	1.90736e-06	3.81473e-06	4.7684e-06	59.034
1538.2041	11.371	7.58593523e-11	1.90736e-05	5.3406e-05	5.24523e-05	78.834