Time (s) 	 Position (mm) 	 Delay (s) 	 X 	 Y 	 R 	 theta 
#Without Preamplifier,Fluence with Filter (NE07A-B), ZnTe detector angle 40deg, Chopper 230Hz, time constant=0.1s 18dB, waiting time= 0.9s, sensitivity=20mV
1.4563	7.658	5.10888154e-11	1.52589e-05	-1.43052e-05	1.81199e-05	-40.362
2.9918	7.662	5.1115500599999994e-11	-2.86104e-06	1.62126e-05	1.71663e-05	91.974
4.7349	7.666	5.11421858e-11	-3.05178e-05	2.19346e-05	3.24252e-05	141.912
6.2228	7.67	5.1168871e-11	-1.90736e-06	1.71663e-05	1.71663e-05	101.31
7.7265	7.674	5.11955562e-11	1.90736e-05	0.0	1.71663e-05	2.49
9.2299	7.678	5.12222414e-11	-1.33515e-05	-2.00273e-05	1.90736e-05	-162.9
10.9884	7.682	5.12489266e-11	1.62126e-05	5.24523e-05	5.6267e-05	71.148
12.4765	7.686	5.1275611799999996e-11	-1.81199e-05	-1.71663e-05	2.57493e-05	-146.31
14.2517	7.69	5.1302297e-11	-1.04905e-05	-7.62945e-06	1.62126e-05	-119.052
15.7695	7.694	5.13289822e-11	4.38693e-05	6.67575e-06	3.52862e-05	9.66
17.5294	7.698	5.13556674e-11	4.76839e-05	0.0	4.19619e-05	-2.91
19.0006	7.702	5.1382352599999996e-11	-1.90736e-05	-2.76567e-05	3.24252e-05	-107.7
20.5034	7.706	5.14090378e-11	-3.81473e-06	-3.14715e-05	3.24252e-05	-90.0
22.0076	7.71	5.1435723e-11	2.6703e-05	9.5368e-06	2.86103e-05	20.556
23.4947	7.714	5.1462408200000003e-11	3.05178e-05	2.9564e-05	4.19619e-05	44.358
24.9983	7.718	5.1489093399999995e-11	-3.33788e-05	-1.23978e-05	3.33788e-05	-157.11
26.4845	7.722	5.15157786e-11	8.58313e-06	-6.67575e-06	9.5368e-06	-76.758
27.9729	7.726	5.15424638e-11	-8.58313e-06	2.57493e-05	2.6703e-05	78.96
29.7322	7.73	5.1569149e-11	-1.43052e-05	-2.9564e-05	3.05178e-05	-104.352
31.2196	7.734	5.1595834199999994e-11	-1.62126e-05	-1.81199e-05	2.0981e-05	-109.98
32.9956	7.738	5.16225194e-11	-1.71663e-05	-4.00546e-05	3.71935e-05	-99.462
34.4821	7.742	5.16492046e-11	-8.58313e-06	2.86103e-05	3.05178e-05	110.412
35.969	7.746	5.16758898e-11	0.0	-4.95913e-05	4.57766e-05	-86.58
37.4734	7.75	5.1702575e-11	-1.81199e-05	8.58313e-06	2.19346e-05	154.134
38.9611	7.754	5.172926019999999e-11	1.43052e-05	2.00273e-05	2.76567e-05	54.162
40.4466	7.758	5.1755945399999996e-11	-9.5368e-06	-1.33515e-05	1.23978e-05	-80.538
41.9343	7.762	5.1782630599999995e-11	4.57766e-05	0.0	4.38693e-05	6.444
43.4383	7.766	5.18093158e-11	8.58313e-06	3.24252e-05	3.24252e-05	60.102
45.1825	7.77	5.1836001e-11	-1.43052e-05	-2.6703e-05	3.05178e-05	-128.856
46.6855	7.774	5.1862686199999996e-11	2.9564e-05	-2.86104e-06	2.3842e-05	-16.86
48.4452	7.778	5.1889371399999994e-11	1.14442e-05	-9.5368e-06	1.52589e-05	-41.424
49.915	7.782	5.19160566e-11	-6.67575e-06	1.71663e-05	1.90736e-05	113.202
51.4035	7.786	5.1942741799999997e-11	-2.28883e-05	-9.53682e-07	2.00273e-05	-170.22
52.8912	7.79	5.1969426999999995e-11	3.81473e-06	4.19619e-05	4.19619e-05	78.342
54.3778	7.794	5.199611219999999e-11	-3.14715e-05	-2.47956e-05	4.48229e-05	-154.158
55.8652	7.798	5.20227974e-11	1.52589e-05	-1.04905e-05	2.19346e-05	-20.136
57.3357	7.802	5.2049482599999996e-11	1.14442e-05	2.3842e-05	2.57493e-05	57.528
58.8232	7.806	5.20761678e-11	-3.05178e-05	0.0	3.05178e-05	175.032
60.568	7.81	5.210285299999999e-11	2.19346e-05	-1.62126e-05	2.76567e-05	-28.302
62.0555	7.814	5.21295382e-11	-1.14442e-05	-8.58313e-06	1.23978e-05	-136.974
63.8134	7.818	5.2156223399999995e-11	-8.58313e-06	-1.71663e-05	1.52589e-05	-111.804
65.3016	7.822	5.21829086e-11	3.81473e-06	-4.00546e-05	4.10082e-05	-71.286
66.8055	7.826	5.220959379999999e-11	1.62126e-05	1.62126e-05	1.90736e-05	24.444
68.2917	7.83	5.2236278999999996e-11	9.5368e-06	0.0	1.23978e-05	0.0
69.7955	7.834	5.2262964199999994e-11	-1.14442e-05	2.6703e-05	3.14715e-05	112.008
71.3156	7.838	5.22896494e-11	-2.86103e-05	9.5368e-06	2.3842e-05	158.838
72.7861	7.842	5.23163346e-11	-3.14715e-05	1.04905e-05	2.19346e-05	139.638
74.2727	7.846	5.2343019799999995e-11	2.00273e-05	-2.00273e-05	2.47956e-05	-43.83
76.0328	7.85	5.2369704999999994e-11	-2.86104e-06	-3.81472e-05	3.91009e-05	-83.556
77.5365	7.854	5.23963902e-11	-1.52589e-05	9.5368e-06	1.81199e-05	174.096
79.2797	7.858	5.2423075399999997e-11	2.19346e-05	2.57493e-05	3.52862e-05	47.934
80.7676	7.862	5.2449760599999995e-11	8.58313e-06	1.90736e-06	9.5368e-06	15.948
82.255	7.866	5.247644579999999e-11	-9.53682e-07	3.62399e-05	3.81472e-05	85.314
83.7584	7.87	5.2503131e-11	2.86104e-06	3.81473e-06	3.81473e-06	101.31
85.2609	7.874	5.2529816199999996e-11	1.62126e-05	-6.67575e-06	2.3842e-05	-15.126
86.7484	7.878	5.25565014e-11	-9.53682e-07	-2.47956e-05	2.3842e-05	-76.332
88.2355	7.882	5.258318659999999e-11	-1.33515e-05	-2.0981e-05	2.3842e-05	-113.628
89.7226	7.886	5.26098718e-11	1.52589e-05	2.3842e-05	3.14715e-05	66.372
91.4816	7.89	5.2636556999999995e-11	-4.48229e-05	-2.6703e-05	4.76839e-05	-140.712
93.002	7.894	5.26632422e-11	1.04905e-05	-7.62945e-06	1.33515e-05	-37.404
94.7449	7.898	5.26899274e-11	-1.04905e-05	1.90736e-05	2.00273e-05	108.432
96.2332	7.902	5.2716612599999996e-11	-9.53682e-07	-2.6703e-05	2.6703e-05	-87.21
97.7205	7.906	5.2743297799999994e-11	-2.9564e-05	1.52589e-05	2.57493e-05	108.852
99.2558	7.91	5.2769983e-11	-3.81473e-06	1.04905e-05	1.23978e-05	98.13
100.7581	7.914	5.27966682e-11	2.6703e-05	-5.72208e-06	3.24252e-05	-14.034
102.2449	7.918	5.2823353399999995e-11	1.23978e-05	-2.0981e-05	2.3842e-05	-65.322
103.7487	7.922	5.2850038599999994e-11	-1.14442e-05	-1.62126e-05	1.90736e-05	-126.87
105.2532	7.926	5.28767238e-11	-2.86104e-06	7.62945e-06	8.58313e-06	77.904
107.0113	7.93	5.2903408999999996e-11	-2.28883e-05	-1.14442e-05	3.33788e-05	-162.528
108.5158	7.934	5.29300942e-11	1.04905e-05	6.67575e-06	6.67575e-06	74.052
110.291	7.938	5.295677939999999e-11	2.00273e-05	-2.6703e-05	3.33788e-05	-48.918
111.7784	7.942	5.29834646e-11	-1.62126e-05	1.33515e-05	1.90736e-05	120.966
113.2498	7.946	5.3010149799999996e-11	-1.33515e-05	3.14715e-05	3.33788e-05	115.02
114.7371	7.95	5.3036835e-11	3.33788e-05	2.86103e-05	4.19619e-05	50.526
116.2406	7.954	5.30635202e-11	-3.05178e-05	3.62399e-05	4.48229e-05	130.134
117.7427	7.958	5.3090205399999997e-11	2.19346e-05	-2.86104e-06	2.57493e-05	-22.068
119.2312	7.962	5.3116890599999995e-11	1.62126e-05	-2.57493e-05	2.47956e-05	-90.0
120.7179	7.966	5.31435758e-11	-2.00273e-05	-3.81473e-06	2.19346e-05	-169.692
122.4781	7.97	5.3170261e-11	-1.33515e-05	-1.71663e-05	1.04905e-05	-85.236
123.9653	7.974	5.3196946199999996e-11	-9.5368e-06	9.53682e-07	1.33515e-05	-172.878
125.7079	7.978	5.3223631399999994e-11	-2.9564e-05	2.28883e-05	3.52862e-05	135.0
127.2117	7.982	5.32503166e-11	3.81473e-06	1.52589e-05	1.71663e-05	55.176
128.7306	7.986	5.32770018e-11	-2.47956e-05	3.14715e-05	4.29156e-05	114.72
130.2026	7.99	5.3303687e-11	0.0	1.23978e-05	1.33515e-05	94.968
131.7061	7.994	5.3330372199999993e-11	-2.28883e-05	1.04905e-05	2.86103e-05	137.562
133.1774	7.998	5.33570574e-11	-1.62126e-05	-2.6703e-05	3.33788e-05	-110.43
134.6808	8.002	5.33837426e-11	2.19346e-05	-2.9564e-05	3.91009e-05	-62.28
136.1833	8.006	5.34104278e-11	1.71663e-05	4.7684e-06	2.0981e-05	13.134
137.9268	8.01	5.343711299999999e-11	1.33515e-05	-2.0981e-05	2.57493e-05	-38.886
139.4135	8.014	5.346379819999999e-11	-3.81473e-06	-4.29156e-05	4.10082e-05	-102.096
140.9007	8.018	5.34904834e-11	-1.81199e-05	-2.86104e-06	1.52589e-05	180.0
142.4047	8.022	5.35171686e-11	1.81199e-05	1.33515e-05	1.71663e-05	46.848
143.9239	8.026	5.35438538e-11	1.23978e-05	-2.0981e-05	2.47956e-05	-73.446
145.4122	8.03	5.357053899999999e-11	5.72208e-06	-1.90736e-06	1.23978e-05	-31.428
146.8987	8.034	5.35972242e-11	2.00273e-05	-3.81472e-05	4.57766e-05	-60.156
148.6574	8.038	5.36239094e-11	1.90736e-06	1.43052e-05	1.71663e-05	95.712
150.1621	8.042	5.36505946e-11	-9.5368e-06	-3.81473e-06	7.62945e-06	-151.392
151.6483	8.046	5.3677279799999996e-11	2.86104e-06	-1.81199e-05	1.33515e-05	-110.556
153.1683	8.05	5.3703965e-11	-4.7684e-06	4.86376e-05	5.24523e-05	101.442
154.6718	8.054	5.37306502e-11	-2.86104e-06	-2.0981e-05	2.19346e-05	-93.27
156.4315	8.058	5.37573354e-11	-1.62126e-05	1.23978e-05	2.28883e-05	138.012
157.9348	8.062	5.3784020599999995e-11	-1.43052e-05	-1.43052e-05	1.90736e-05	-127.236
159.4222	8.066	5.38107058e-11	1.04905e-05	2.6703e-05	3.05178e-05	57.342
160.9238	8.07	5.3837391e-11	3.81473e-06	-1.62126e-05	1.43052e-05	-48.576
162.4283	8.074	5.3864076199999996e-11	2.00273e-05	3.24252e-05	3.81472e-05	67.308
164.1723	8.078	5.3890761399999994e-11	-6.67575e-06	-4.7684e-06	3.81473e-06	-116.562
165.6428	8.082	5.39174466e-11	-5.72208e-06	1.43052e-05	1.43052e-05	55.62
167.147	8.086	5.39441318e-11	-3.52862e-05	-3.33788e-05	4.19619e-05	-145.242
168.9062	8.09	5.3970816999999995e-11	-4.7684e-06	0.0	4.7684e-06	-144.462
170.3927	8.094	5.3997502199999994e-11	-2.86103e-05	1.90736e-06	2.6703e-05	-178.53
171.8644	8.098	5.4024187400000005e-11	-1.62126e-05	1.04905e-05	2.19346e-05	157.248
173.3683	8.102	5.4050872599999997e-11	1.04905e-05	-1.71663e-05	2.3842e-05	-46.002
174.8541	8.106	5.4077557799999995e-11	3.71935e-05	8.58313e-06	3.05178e-05	22.308
176.6135	8.11	5.410424299999999e-11	-2.0981e-05	7.62945e-06	2.0981e-05	166.428
178.1022	8.114	5.4130928200000004e-11	1.81199e-05	-2.86104e-06	2.00273e-05	5.046
179.6053	8.118	5.41576134e-11	-3.81472e-05	1.90736e-06	4.19619e-05	167.844
181.0932	8.122	5.4184298599999994e-11	0.0	0.0	5.72208e-06	-21.036
182.6282	8.126	5.421098379999999e-11	-1.33515e-05	1.04905e-05	8.58313e-06	161.568
184.1317	8.13	5.4237669000000003e-11	-2.19346e-05	-1.71663e-05	2.47956e-05	-131.88
185.6346	8.134	5.42643542e-11	1.62126e-05	-3.71935e-05	4.10082e-05	-59.676
187.4257	8.138	5.42910394e-11	-5.3406e-05	-2.0981e-05	5.14986e-05	-146.946
188.8968	8.142	5.431772459999999e-11	1.71663e-05	-4.00546e-05	4.48229e-05	-64.536
190.4163	8.146	5.43444098e-11	6.67575e-06	1.33515e-05	1.04905e-05	10.008
191.9357	8.15	5.4371095e-11	-1.14442e-05	2.86104e-06	5.72208e-06	63.438
193.4558	8.154	5.43977802e-11	3.81473e-06	9.5368e-06	8.58313e-06	77.004
195.2146	8.158	5.442446539999999e-11	8.58313e-06	-3.43325e-05	4.10082e-05	-55.842
196.7334	8.162	5.44511506e-11	-1.33515e-05	-3.33788e-05	4.00546e-05	-120.324
198.2376	8.166	5.44778358e-11	-1.43052e-05	-2.28883e-05	2.76567e-05	-130.158
199.997	8.17	5.4504521e-11	6.67575e-06	-9.53682e-07	8.58313e-06	0.0
201.5306	8.174	5.4531206199999996e-11	-6.77113e-05	1.90736e-05	6.96187e-05	157.794
203.0188	8.178	5.45578914e-11	1.90736e-05	2.86104e-06	1.81199e-05	13.494
204.49	8.182	5.45845766e-11	4.38693e-05	1.71663e-05	5.0545e-05	14.034
205.9775	8.186	5.46112618e-11	1.81199e-05	-4.7684e-06	1.62126e-05	2.292
207.7369	8.19	5.4637946999999996e-11	-1.81199e-05	-2.57493e-05	2.86103e-05	-115.944
209.2234	8.194	5.46646322e-11	5.72208e-06	1.52589e-05	1.52589e-05	103.392
210.7117	8.198	5.46913174e-11	-4.00546e-05	3.52862e-05	5.24523e-05	135.51
212.2147	8.202	5.4718002599999997e-11	3.81473e-06	-2.86103e-05	2.57493e-05	-71.568
213.7183	8.206	5.4744687799999995e-11	2.3842e-05	-9.53682e-07	1.43052e-05	30.066
215.2065	8.21	5.4771373000000006e-11	-9.53682e-07	-4.67303e-05	4.86376e-05	-95.334
216.7092	8.214	5.47980582e-11	5.3406e-05	-6.67575e-06	5.24523e-05	-12.606
218.4684	8.218	5.4824743399999996e-11	5.72208e-06	-6.67575e-06	7.62945e-06	-73.302
219.9564	8.222	5.4851428599999994e-11	3.24252e-05	-3.14715e-05	4.19619e-05	-31.122
221.4423	8.226	5.4878113800000005e-11	-3.14715e-05	1.14442e-05	2.00273e-05	138.18
222.9312	8.23	5.4904799e-11	-2.3842e-05	-3.52862e-05	4.10082e-05	-121.122
224.4502	8.234	5.4931484199999995e-11	-3.14715e-05	-3.05178e-05	3.91009e-05	-133.602
225.9696	8.238	5.4958169399999993e-11	2.28883e-05	4.7684e-06	1.33515e-05	66.036
227.4884	8.242	5.4984854600000005e-11	-4.10082e-05	3.81473e-06	4.57766e-05	178.428
228.9757	8.246	5.50115398e-11	1.04905e-05	-2.86104e-06	1.71663e-05	-18.432
230.4635	8.25	5.5038224999999995e-11	-4.7684e-06	5.72208e-06	8.58313e-06	96.708
231.9492	8.254	5.506491019999999e-11	3.05178e-05	8.58313e-06	3.62399e-05	12.528
233.4535	8.258	5.509159539999999e-11	1.23978e-05	3.81473e-06	1.62126e-05	34.824
234.942	8.262	5.51182806e-11	-1.33515e-05	-2.0981e-05	3.24252e-05	-150.642
236.4284	8.266	5.51449658e-11	2.57493e-05	-4.19619e-05	4.86376e-05	-66.9
237.9326	8.27	5.517165099999999e-11	3.81473e-06	-1.33515e-05	1.33515e-05	-97.434
239.4201	8.274	5.519833619999999e-11	2.3842e-05	-2.86103e-05	3.62399e-05	-44.238
240.9074	8.278	5.52250214e-11	-9.5368e-06	-1.90736e-05	2.3842e-05	-127.746
242.3939	8.282	5.52517066e-11	7.62945e-06	-1.81199e-05	1.81199e-05	-67.83
243.8982	8.286	5.527839179999999e-11	2.86104e-06	-1.43052e-05	1.14442e-05	-68.964
245.4017	8.29	5.530507699999999e-11	-8.58313e-06	2.00273e-05	2.57493e-05	117.15
246.905	8.294	5.53317622e-11	-5.14986e-05	-2.47956e-05	5.6267e-05	-151.074
248.6635	8.298	5.53584474e-11	8.58313e-06	-1.33515e-05	1.81199e-05	-37.236
250.1508	8.302	5.53851326e-11	-4.7684e-06	-3.81473e-06	8.58313e-06	126.252
251.6547	8.306	5.541181779999999e-11	-1.62126e-05	-6.67575e-06	1.90736e-05	-154.29
253.1422	8.31	5.5438503e-11	-2.28883e-05	-2.76567e-05	3.24252e-05	-129.642
254.6447	8.314	5.54651882e-11	1.90736e-06	-2.6703e-05	2.57493e-05	-82.092
256.4037	8.318	5.5491873399999996e-11	2.76567e-05	9.5368e-06	2.76567e-05	34.59
257.8919	8.322	5.5518558599999994e-11	-2.00273e-05	1.90736e-06	1.71663e-05	-150.522
259.3946	8.326	5.55452438e-11	-8.58313e-06	3.05178e-05	3.14715e-05	76.506
261.1536	8.33	5.5571929e-11	-4.48229e-05	1.90736e-05	5.0545e-05	159.954
262.6583	8.334	5.5598614199999995e-11	1.71663e-05	2.19346e-05	3.24252e-05	35.94
264.1456	8.338	5.5625299399999994e-11	2.0981e-05	2.57493e-05	3.05178e-05	53.976
265.6483	8.342	5.56519846e-11	6.48503e-05	-2.76567e-05	7.34334e-05	-13.272
267.1363	8.346	5.5678669799999997e-11	3.62399e-05	3.33788e-05	5.53133e-05	34.26
268.9434	8.35	5.5705354999999995e-11	1.04905e-05	1.04905e-05	2.3842e-05	22.62
270.4134	8.354	5.573204019999999e-11	1.43052e-05	4.19619e-05	4.57766e-05	81.312
271.9184	8.358	5.57587254e-11	-2.0981e-05	2.86103e-05	3.43325e-05	124.02
273.4211	8.362	5.5785410599999996e-11	-4.7684e-06	-7.62945e-06	5.72208e-06	12.996
274.9241	8.366	5.5812095799999994e-11	1.23978e-05	-1.33515e-05	2.00273e-05	-42.612
276.4285	8.37	5.583878099999999e-11	1.04905e-05	8.58313e-06	1.43052e-05	79.116
277.932	8.374	5.5865466200000003e-11	-8.58313e-06	2.86103e-05	3.52862e-05	101.31
279.7071	8.378	5.5892151399999995e-11	1.52589e-05	1.90736e-05	2.57493e-05	45.0
281.2089	8.382	5.5918836599999993e-11	1.90736e-05	-2.28883e-05	2.6703e-05	-98.652
282.682	8.386	5.594552179999999e-11	-2.86103e-05	-4.86376e-05	5.72207e-05	-121.65
284.1846	8.39	5.5972207e-11	-1.90736e-06	-2.0981e-05	2.28883e-05	-67.932
285.6726	8.394	5.59988922e-11	3.81473e-06	3.43325e-05	3.05178e-05	97.944
287.432	8.398	5.602557739999999e-11	-4.7684e-06	-3.81473e-06	1.90736e-06	-21.804
288.9337	8.402	5.605226259999999e-11	1.90736e-06	-2.76567e-05	2.57493e-05	-82.302
290.4383	8.406	5.60789478e-11	-4.7684e-06	-1.81199e-05	2.19346e-05	-132.798
292.213	8.41	5.6105633e-11	-2.86104e-06	-3.05178e-05	2.76567e-05	-80.79
293.7014	8.414	5.61323182e-11	-8.58313e-06	2.28883e-05	2.47956e-05	97.698
295.1884	8.418	5.615900339999999e-11	2.47956e-05	-2.76567e-05	3.43325e-05	-61.926
296.6904	8.422	5.61856886e-11	-1.62126e-05	3.24252e-05	3.43325e-05	105.066
298.1954	8.426	5.62123738e-11	-2.86104e-06	-9.5368e-06	1.62126e-05	-117.408
299.6816	8.43	5.6239059e-11	9.5368e-06	-4.00546e-05	4.19619e-05	-69.024
301.1692	8.434	5.626574419999999e-11	1.90736e-05	-2.19346e-05	3.43325e-05	-49.086
302.6568	8.438	5.62924294e-11	-9.53682e-07	2.3842e-05	2.19346e-05	84.474
304.159	8.442	5.63191146e-11	-1.14442e-05	-2.86104e-06	7.62945e-06	143.13
305.6634	8.446	5.6345799799999997e-11	-5.72208e-06	2.86104e-06	1.23978e-05	117.552
307.1676	8.45	5.6372484999999995e-11	9.5368e-06	6.67575e-06	1.52589e-05	28.608
308.671	8.454	5.63991702e-11	-2.3842e-05	-9.53682e-07	2.57493e-05	-173.37
310.4296	8.458	5.64258554e-11	3.91009e-05	-4.67303e-05	5.6267e-05	-51.678
311.9165	8.462	5.6452540599999996e-11	8.58313e-06	-1.14442e-05	1.23978e-05	-58.572
313.4211	8.466	5.6479225799999994e-11	0.0	1.90736e-06	3.81473e-06	-84.804
314.9404	8.47	5.6505911e-11	-4.7684e-06	3.05178e-05	3.24252e-05	103.242
316.4586	8.474	5.65325962e-11	2.86103e-05	-2.57493e-05	3.71935e-05	-40.914
318.2496	8.478	5.6559281399999995e-11	-6.67575e-06	2.76567e-05	2.86103e-05	128.454
319.7535	8.482	5.6585966599999993e-11	2.57493e-05	-1.52589e-05	2.57493e-05	-28.074
321.2735	8.486	5.6612651800000005e-11	1.14442e-05	1.04905e-05	1.52589e-05	70.2
323.0322	8.49	5.6639336999999996e-11	-6.67575e-06	1.81199e-05	2.0981e-05	104.418
324.5523	8.494	5.6666022199999995e-11	1.23978e-05	-1.90736e-06	9.5368e-06	-15.948
326.0556	8.498	5.669270739999999e-11	-9.5368e-06	0.0	3.81473e-06	-94.398
327.5431	8.502	5.6719392600000004e-11	2.57493e-05	-1.33515e-05	2.86103e-05	-20.094
329.0297	8.506	5.6746077799999996e-11	-1.43052e-05	-1.71663e-05	2.3842e-05	-123.312
330.7885	8.51	5.6772762999999994e-11	1.62126e-05	1.33515e-05	2.3842e-05	33.276
332.2927	8.514	5.679944819999999e-11	2.86104e-06	2.57493e-05	2.28883e-05	84.474
333.7804	8.518	5.68261334e-11	9.53682e-07	-2.57493e-05	2.57493e-05	-109.356
335.2677	8.522	5.68528186e-11	-2.86104e-06	3.81473e-06	3.81473e-06	30.966
336.7699	8.526	5.687950379999999e-11	-6.00817e-05	2.86104e-06	6.38966e-05	175.956
338.2583	8.53	5.690618899999999e-11	2.0981e-05	-1.14442e-05	2.86103e-05	-18.036
339.7291	8.534	5.69328742e-11	5.53133e-05	7.24797e-05	8.29701e-05	57.678
341.504	8.538	5.69595594e-11	-1.71663e-05	-2.76567e-05	3.24252e-05	-115.02
342.9925	8.542	5.69862446e-11	1.62126e-05	-9.53682e-07	1.52589e-05	-2.388
344.4953	8.546	5.701292979999999e-11	-4.19619e-05	-3.81473e-06	3.62399e-05	-176.634
346.0313	8.55	5.7039615e-11	-9.5368e-06	-7.62945e-06	1.14442e-05	-152.358
347.5504	8.554	5.70663002e-11	7.62945e-06	7.62945e-06	1.04905e-05	34.506
349.3088	8.558	5.70929854e-11	1.23978e-05	4.19619e-05	4.19619e-05	78.504
350.796	8.562	5.711967059999999e-11	-2.28883e-05	1.71663e-05	2.86103e-05	152.85
352.2835	8.566	5.71463558e-11	8.58313e-06	-1.43052e-05	2.19346e-05	-48.12
353.7869	8.57	5.7173041e-11	5.72208e-06	1.62126e-05	1.90736e-05	54.864
355.2748	8.574	5.71997262e-11	2.28883e-05	-5.14986e-05	6.00817e-05	-63.984
357.0496	8.578	5.7226411399999995e-11	5.72208e-06	-1.23978e-05	1.52589e-05	-36.87
358.5525	8.582	5.72530966e-11	-1.81199e-05	4.7684e-06	1.33515e-05	154.98
360.0245	8.586	5.72797818e-11	-2.3842e-05	-7.62945e-06	2.0981e-05	-157.83
361.7998	8.59	5.7306466999999997e-11	2.28883e-05	-7.62945e-06	2.76567e-05	-22.518
363.2878	8.594	5.7333152199999995e-11	2.86104e-06	-2.57493e-05	2.86103e-05	-82.728
364.7745	8.598	5.73598374e-11	8.58313e-06	5.72208e-06	1.23978e-05	27.9
366.2627	8.602	5.73865226e-11	1.90736e-06	0.0	1.90736e-06	-53.13
367.7501	8.606	5.7413207799999996e-11	-1.71663e-05	-4.7684e-06	2.28883e-05	-175.236
369.5252	8.61	5.7439892999999994e-11	-1.43052e-05	5.3406e-05	5.6267e-05	105.192
371.0116	8.614	5.7466578200000005e-11	1.52589e-05	2.6703e-05	3.52862e-05	68.196
372.5147	8.618	5.74932634e-11	2.00273e-05	-2.28883e-05	2.9564e-05	-38.454
374.0347	8.622	5.7519948599999995e-11	2.0981e-05	-9.53682e-07	2.9564e-05	2.388
375.5383	8.626	5.7546633799999993e-11	-2.76567e-05	1.23978e-05	3.24252e-05	164.538
377.0422	8.63	5.7573319000000004e-11	-2.00273e-05	-1.43052e-05	2.28883e-05	-147.804
378.5455	8.634	5.7600004199999996e-11	-1.04905e-05	6.67575e-06	2.0981e-05	137.814
380.3367	8.638	5.7626689399999994e-11	2.57493e-05	2.57493e-05	4.10082e-05	30.066
381.8717	8.642	5.765337459999999e-11	3.81473e-06	-6.67575e-06	1.04905e-05	-45.0
383.3418	8.646	5.7680059800000004e-11	1.71663e-05	-4.7684e-06	1.62126e-05	-11.766
384.847	8.65	5.7706745e-11	1.14442e-05	-3.81473e-06	7.62945e-06	-8.748
386.3662	8.654	5.7733430199999994e-11	4.7684e-06	-4.7684e-06	3.81473e-06	-45.0
388.1256	8.658	5.776011539999999e-11	2.6703e-05	-4.19619e-05	4.38693e-05	-66.318
389.6284	8.6625	5.7790136249999995e-11	2.47956e-05	3.71935e-05	3.81472e-05	75.144
391.1324	8.6665	5.781682144999999e-11	-5.72208e-06	1.14442e-05	1.62126e-05	145.716
392.619	8.6705	5.784350665e-11	-2.47956e-05	1.33515e-05	3.14715e-05	147.876
394.1071	8.6745	5.7870191849999996e-11	5.72208e-06	8.58313e-06	1.43052e-05	22.248
395.8818	8.6785	5.7896877049999994e-11	-2.6703e-05	-2.57493e-05	3.24252e-05	-117.12
397.3858	8.6825	5.792356224999999e-11	-2.47956e-05	8.58313e-06	2.00273e-05	144.69
398.8723	8.6865	5.795024745e-11	5.72208e-06	1.90736e-05	1.90736e-05	84.096
400.343	8.6905	5.7976932649999995e-11	-3.33788e-05	5.72208e-06	3.71935e-05	171.18
401.8468	8.6945	5.800361784999999e-11	1.33515e-05	2.6703e-05	3.24252e-05	48.366
403.606	8.6985	5.803030304999999e-11	-3.33788e-05	-3.24252e-05	4.76839e-05	-138.966
405.1098	8.7025	5.805698825e-11	0.0	2.57493e-05	2.3842e-05	93.366
406.5981	8.7065	5.808367345e-11	-2.47956e-05	-9.53682e-07	3.24252e-05	-174.402
408.3733	8.7105	5.811035864999999e-11	1.23978e-05	2.86104e-06	1.52589e-05	6.582
409.8925	8.7145	5.813704384999999e-11	-2.3842e-05	1.33515e-05	2.57493e-05	142.818
411.4278	8.7185	5.816372905e-11	-6.67575e-06	-9.5368e-06	1.33515e-05	-141.708
412.9304	8.7225	5.819041425e-11	9.53682e-07	1.52589e-05	1.52589e-05	74.052
414.4172	8.7265	5.821709945e-11	1.23978e-05	-9.5368e-06	1.62126e-05	-58.242
416.1619	8.7305	5.824378465e-11	9.5368e-06	-2.3842e-05	2.57493e-05	-73.446
417.6652	8.7345	5.827046985000001e-11	2.57493e-05	-3.14715e-05	3.52862e-05	-66.498
419.1524	8.7385	5.829715504999999e-11	2.86103e-05	2.86104e-06	3.24252e-05	14.034
420.6549	8.7425	5.832384024999999e-11	3.14715e-05	-3.81473e-06	3.91009e-05	0.0
422.1583	8.7465	5.835052544999999e-11	2.86104e-06	3.62399e-05	3.71935e-05	77.154
423.6458	8.7505	5.837721065e-11	2.19346e-05	-1.62126e-05	2.3842e-05	-24.144
425.1327	8.7545	5.840389585e-11	-3.14715e-05	-7.62945e-06	3.52862e-05	-176.82
426.8757	8.7585	5.843058105e-11	4.7684e-06	1.90736e-06	1.90736e-06	63.438
428.3807	8.7625	5.845726625e-11	-2.00273e-05	-4.86376e-05	5.72207e-05	-110.712
429.868	8.7665	5.848395145e-11	1.04905e-05	1.14442e-05	1.52589e-05	85.764
431.3554	8.7705	5.851063665e-11	-2.9564e-05	-2.86104e-06	2.57493e-05	-175.71
432.8422	8.7745	5.853732184999999e-11	-9.5368e-06	2.86103e-05	2.86103e-05	109.29
434.602	8.7785	5.856400704999999e-11	-1.90736e-06	-2.47956e-05	2.6703e-05	-120.732
436.1196	8.7825	5.859069225e-11	-9.5368e-06	1.04905e-05	1.33515e-05	73.74
437.6238	8.7865	5.861737745e-11	-3.33788e-05	1.04905e-05	3.24252e-05	177.708
439.3992	8.7905	5.864406265e-11	-7.62945e-06	-2.86104e-06	1.04905e-05	-162.348
440.8873	8.7945	5.867074784999999e-11	2.57493e-05	2.9564e-05	3.91009e-05	52.374
442.3734	8.7985	5.869743305e-11	3.43325e-05	-1.23978e-05	3.33788e-05	-25.02
443.8781	8.8025	5.872411825e-11	3.91009e-05	-4.7684e-06	3.91009e-05	-8.274
445.3655	8.8065	5.875080345e-11	-1.62126e-05	1.23978e-05	1.43052e-05	95.196
447.1399	8.8105	5.877748864999999e-11	1.62126e-05	3.62399e-05	4.19619e-05	50.646
448.6749	8.8145	5.880417385e-11	-6.67575e-06	-1.14442e-05	1.23978e-05	-87.138
450.1634	8.8185	5.883085905e-11	1.71663e-05	-3.05178e-05	3.14715e-05	-55.92
451.6668	8.8225	5.885754425e-11	5.72208e-06	2.3842e-05	2.57493e-05	64.722
453.1702	8.8265	5.888422944999999e-11	-1.14442e-05	-9.53682e-07	1.62126e-05	169.506
454.6728	8.8305	5.891091465e-11	2.47956e-05	-2.00273e-05	3.14715e-05	-36.12
456.177	8.8345	5.893759985e-11	6.67575e-06	1.71663e-05	1.90736e-05	67.83
457.9362	8.8385	5.896428505e-11	-4.7684e-06	1.90736e-06	1.90736e-06	-32.004
459.4385	8.8425	5.899097025e-11	-1.14442e-05	-4.7684e-06	1.90736e-05	-154.176
460.9257	8.8465	5.901765545e-11	3.24252e-05	-2.57493e-05	3.81472e-05	-54.462
462.43	8.8505	5.904434065e-11	-9.53682e-07	-4.7684e-06	3.81473e-06	-116.562
463.9178	8.8545	5.907102584999999e-11	-9.53682e-07	5.72208e-06	8.58313e-06	9.462
465.6932	8.8585	5.909771104999999e-11	1.90736e-05	-4.7684e-06	1.90736e-05	-32.622
467.1957	8.8625	5.912439625e-11	2.86104e-06	-3.81473e-06	3.81473e-06	-81.87
468.6834	8.8665	5.915108145e-11	3.81473e-06	1.04905e-05	2.19346e-05	46.08
470.4583	8.8705	5.917776665e-11	-1.33515e-05	-6.67575e-06	1.04905e-05	-158.964
471.9456	8.8745	5.920445185e-11	3.71935e-05	3.81473e-06	3.71935e-05	7.254
473.4659	8.8785	5.923113705000001e-11	-3.24252e-05	-1.62126e-05	3.91009e-05	-160.41
474.9683	8.8825	5.925782224999999e-11	2.57493e-05	2.19346e-05	2.9564e-05	54.162
476.4875	8.8865	5.928450744999999e-11	-2.28883e-05	2.86104e-06	1.52589e-05	156.798
478.2477	8.8905	5.931119264999999e-11	2.19346e-05	4.19619e-05	4.86376e-05	59.304
479.7511	8.8945	5.933787785e-11	-1.33515e-05	0.0	8.58313e-06	142.122
481.2384	8.8985	5.936456305e-11	-7.62945e-06	-2.28883e-05	2.47956e-05	-124.08
482.7419	8.9025	5.939124825e-11	3.91009e-05	-2.6703e-05	3.91009e-05	-35.166
484.2447	8.9065	5.941793345e-11	9.5368e-06	1.90736e-06	1.14442e-05	-14.742
485.7324	8.9105	5.944461865e-11	-1.81199e-05	-7.62945e-06	2.00273e-05	-154.98
487.2519	8.9145	5.947130385e-11	1.23978e-05	-6.67575e-06	1.71663e-05	-21.804
488.7383	8.9185	5.949798905e-11	-3.14715e-05	2.86104e-06	2.86103e-05	167.904
490.2267	8.9225	5.952467424999999e-11	-2.76567e-05	-3.33788e-05	4.00546e-05	-127.452
491.7135	8.9265	5.955135945e-11	-3.33788e-05	-3.62399e-05	5.24523e-05	-137.01
493.2014	8.9305	5.957804465e-11	0.0	-1.14442e-05	1.04905e-05	-149.034
494.6883	8.9345	5.960472985e-11	1.62126e-05	-3.62399e-05	3.62399e-05	-80.364
496.496	8.9385	5.963141504999999e-11	-4.7684e-06	-1.04905e-05	8.58313e-06	-3.576
497.9983	8.9425	5.965810025e-11	2.86104e-06	-6.67575e-06	5.72208e-06	-145.008
499.4867	8.9465	5.968478545e-11	-1.62126e-05	4.10082e-05	4.19619e-05	124.824
501.2619	8.9505	5.971147065e-11	-9.53682e-07	-2.86104e-06	5.72208e-06	145.008
502.7484	8.9545	5.973815585e-11	-3.81473e-06	-1.33515e-05	1.71663e-05	-119.748
504.2524	8.9585	5.976484105e-11	1.14442e-05	-4.7684e-06	1.43052e-05	16.26
505.7388	8.9625	5.979152625e-11	-9.5368e-06	-1.81199e-05	2.19346e-05	-129.174
507.2266	8.9665	5.981821144999999e-11	-2.3842e-05	-2.28883e-05	3.14715e-05	-142.65
509.0019	8.9705	5.984489664999999e-11	-6.67575e-06	-4.00546e-05	3.81472e-05	-112.44
510.5058	8.9745	5.987158185e-11	1.90736e-05	3.52862e-05	3.81472e-05	78.69
511.9924	8.9785	5.989826705e-11	1.71663e-05	-1.04905e-05	1.33515e-05	-36.252
513.4966	8.9825	5.992495225e-11	-3.71935e-05	-2.86104e-06	3.24252e-05	176.346
514.9993	8.9865	5.995163745e-11	1.04905e-05	6.67575e-06	8.58313e-06	70.02
516.5033	8.9905	5.997832265000001e-11	-1.81199e-05	1.04905e-05	1.43052e-05	153.438
517.9907	8.9945	6.000500785e-11	5.72208e-06	5.72207e-05	5.9128e-05	73.428
519.7648	8.9985	6.003169304999999e-11	1.90736e-05	1.90736e-05	2.6703e-05	55.122
521.2839	9.0025	6.005837824999999e-11	1.81199e-05	-4.00546e-05	4.00546e-05	-83.556
522.7726	9.0065	6.008506345e-11	3.33788e-05	-3.14715e-05	4.67303e-05	-39.288
524.2599	9.0105	6.011174865e-11	-8.58313e-06	-6.67575e-06	1.43052e-05	-152.448
525.7634	9.0145	6.013843385e-11	2.00273e-05	-2.6703e-05	2.76567e-05	-56.766
527.5535	9.0185	6.016511905e-11	3.81473e-06	8.58313e-06	1.04905e-05	97.122
529.0734	9.0225	6.019180425000001e-11	1.90736e-06	9.53682e-07	1.90736e-06	-11.31
530.5773	9.0265	6.021848945e-11	-9.5368e-06	-2.0981e-05	2.19346e-05	-108.432
532.08	9.0305	6.024517464999999e-11	5.72208e-06	1.52589e-05	1.62126e-05	68.628
533.5828	9.0345	6.027185984999999e-11	-6.67575e-06	-2.57493e-05	2.28883e-05	-91.848
535.0715	9.0385	6.029854505e-11	-4.00546e-05	-1.90736e-05	4.19619e-05	-149.676
536.5584	9.0425	6.032523025e-11	-9.5368e-06	-4.67303e-05	5.0545e-05	-109.8
538.0461	9.0465	6.035191545e-11	-9.5368e-06	3.05178e-05	3.52862e-05	128.832
539.5485	9.0505	6.037860065e-11	-3.14715e-05	-1.14442e-05	4.29156e-05	-170.94
541.0529	9.0545	6.040528585e-11	9.5368e-06	-1.23978e-05	1.90736e-05	-52.122
542.5563	9.0585	6.043197105e-11	-4.00546e-05	-1.81199e-05	4.38693e-05	-150.252
544.0428	9.0625	6.045865625e-11	5.72208e-06	-2.3842e-05	2.57493e-05	-73.446
545.5466	9.0665	6.048534145e-11	8.58313e-06	-4.7684e-06	3.81473e-06	167.004
547.3383	9.0705	6.051202664999999e-11	-1.33515e-05	-2.86104e-06	1.90736e-05	178.152
548.825	9.0745	6.053871185e-11	1.90736e-05	-3.05178e-05	3.24252e-05	-72.72
550.3116	9.0785	6.056539705e-11	3.81472e-05	2.3842e-05	4.10082e-05	34.248
551.7995	9.0825	6.059208224999999e-11	-3.81473e-06	-5.72208e-06	8.58313e-06	-32.736
553.3034	9.0865	6.061876744999999e-11	1.90736e-06	-6.67575e-06	1.04905e-05	-83.16
554.7912	9.0905	6.064545265e-11	2.19346e-05	9.5368e-06	2.57493e-05	34.08
556.2783	9.0945	6.067213785e-11	2.86103e-05	-6.67575e-06	2.6703e-05	-14.742
558.0376	9.0985	6.069882305e-11	2.86104e-06	-9.53682e-07	0.0	180.0
559.5571	9.1025	6.072550825e-11	5.14986e-05	-2.47956e-05	6.2943e-05	-31.566
561.0764	9.1065	6.075219345e-11	1.04905e-05	-2.86103e-05	3.24252e-05	-58.11
562.5947	9.1105	6.077887864999999e-11	-2.3842e-05	2.3842e-05	3.05178e-05	140.712
564.0984	9.1145	6.080556384999999e-11	-2.86103e-05	2.28883e-05	3.33788e-05	141.912
565.6342	9.1185	6.083224904999999e-11	-4.7684e-06	-6.67575e-06	1.04905e-05	172.566
567.1369	9.1225	6.085893425e-11	4.86376e-05	1.43052e-05	5.0545e-05	11.31
568.6572	9.1265	6.088561945e-11	-3.81473e-06	-2.47956e-05	2.3842e-05	-81.03
570.1434	9.1305	6.091230465e-11	3.33788e-05	1.14442e-05	3.43325e-05	15.948
571.6634	9.1345	6.093898985e-11	1.90736e-06	-2.86104e-06	3.81473e-06	141.342
573.1828	9.1385	6.096567505e-11	-2.28883e-05	3.81473e-06	2.0981e-05	154.356
574.6531	9.1425	6.099236024999999e-11	4.38693e-05	-1.81199e-05	4.29156e-05	-27.798
576.1421	9.1465	6.101904544999999e-11	1.04905e-05	1.14442e-05	1.52589e-05	64.44
577.9012	9.1505	6.104573064999999e-11	2.57493e-05	-2.86104e-06	2.28883e-05	-20.556
579.3884	9.1545	6.107241585e-11	1.71663e-05	2.86104e-06	2.00273e-05	16.188
580.8749	9.1585	6.109910105e-11	3.81473e-06	-2.3842e-05	2.19346e-05	-59.352
582.3954	9.1625	6.112578625e-11	8.58313e-06	5.72208e-06	8.58313e-06	60.948
583.8817	9.1665	6.115247145e-11	-2.76567e-05	8.58313e-06	2.76567e-05	157.932
585.3534	9.1705	6.117915665e-11	1.04905e-05	2.57493e-05	2.76567e-05	71.112
586.8575	9.1745	6.120584185e-11	-1.52589e-05	1.71663e-05	2.28883e-05	145.41
588.6157	9.1785	6.123252704999999e-11	0.0	1.23978e-05	1.52589e-05	67.83
590.119	9.1825	6.125921224999999e-11	3.62399e-05	1.71663e-05	3.24252e-05	33.312
591.622	9.1865	6.128589745e-11	-2.3842e-05	-1.14442e-05	2.19346e-05	-156.798
593.1109	9.1905	6.131258265e-11	-2.28883e-05	2.19346e-05	3.24252e-05	129.96
594.6135	9.1945	6.133926785e-11	-9.5368e-06	4.19619e-05	4.38693e-05	103.188
596.3575	9.1985	6.136595304999999e-11	-1.81199e-05	8.58313e-06	1.23978e-05	168.69
597.8449	9.2025	6.139263825e-11	-5.72208e-06	1.23978e-05	1.71663e-05	139.188
599.3635	9.2065	6.141932345e-11	1.90736e-05	8.58313e-06	2.57493e-05	21.252
601.1234	9.2105	6.144600865e-11	1.90736e-06	-2.47956e-05	2.86103e-05	-95.946
602.627	9.2145	6.147269385e-11	-1.62126e-05	-3.05178e-05	3.24252e-05	-125.676
604.1303	9.2185	6.149937905e-11	-1.14442e-05	-2.19346e-05	2.0981e-05	-132.138
605.6176	9.2225	6.152606425e-11	3.24252e-05	1.14442e-05	3.24252e-05	24.444
607.1051	9.2265	6.155274944999999e-11	0.0	-1.43052e-05	1.23978e-05	-120.468
608.8956	9.2305	6.157943464999999e-11	1.90736e-05	-1.81199e-05	2.6703e-05	-52.35
610.3984	9.2345	6.160611985e-11	-7.62945e-06	1.62126e-05	1.90736e-05	106.188
611.8711	9.2385	6.163280505e-11	1.90736e-06	2.9564e-05	2.86103e-05	77.622
613.3584	9.2425	6.165949025e-11	1.52589e-05	1.90736e-05	2.0981e-05	84.642
614.8606	9.2465	6.168617545e-11	-1.14442e-05	-2.86104e-06	2.86104e-06	6.342
616.3652	9.2505	6.171286065e-11	-3.81472e-05	9.5368e-06	3.43325e-05	166.83
617.8677	9.2545	6.173954584999999e-11	1.90736e-05	-4.48229e-05	4.95913e-05	-72.03
619.627	9.2585	6.176623104999999e-11	-2.00273e-05	-9.5368e-06	1.52589e-05	-127.404
621.1306	9.2625	6.179291624999999e-11	-2.86104e-06	2.6703e-05	2.57493e-05	98.364
622.6335	9.2665	6.181960145e-11	2.47956e-05	8.58313e-06	2.6703e-05	23.202
624.1367	9.2705	6.184628665e-11	1.62126e-05	1.62126e-05	2.57493e-05	23.028
625.6241	9.2745	6.187297185e-11	-1.33515e-05	2.86104e-06	8.58313e-06	-153.438
627.3996	9.2785	6.189965705e-11	-7.62945e-06	-4.19619e-05	4.38693e-05	-88.41
628.8877	9.2825	6.192634225e-11	2.0981e-05	2.86104e-06	2.28883e-05	0.0
630.3911	9.2865	6.195302745e-11	-5.72208e-06	1.33515e-05	8.58313e-06	50.196
632.1496	9.2905	6.197971264999999e-11	0.0	-2.3842e-05	2.0981e-05	-72.756
633.6374	9.2945	6.200639784999999e-11	-6.67575e-06	-9.53682e-07	1.62126e-05	-172.65
635.1253	9.2985	6.203308305e-11	-1.04905e-05	1.62126e-05	1.71663e-05	125.538
636.628	9.3025	6.205976825e-11	4.7684e-06	2.47956e-05	2.86103e-05	81.528
638.1	9.3065	6.208645345e-11	7.62945e-06	-3.81473e-06	5.72208e-06	-63.438
639.8735	9.3105	6.211313865e-11	-7.62945e-06	1.90736e-05	2.0981e-05	103.626
641.3613	9.3145	6.213982385e-11	8.58313e-06	1.52589e-05	1.90736e-05	52.764
642.866	9.3185	6.216650905e-11	0.0	-4.7684e-06	8.58313e-06	-128.658
644.3684	9.3225	6.219319425e-11	5.72208e-06	-3.81473e-06	1.33515e-05	-7.434
645.8879	9.3265	6.221987944999999e-11	-1.33515e-05	2.57493e-05	2.6703e-05	127.746
647.3601	9.3305	6.224656465e-11	-2.28883e-05	-1.14442e-05	2.57493e-05	-147.096
648.8474	9.3345	6.227324985e-11	-1.33515e-05	2.6703e-05	3.14715e-05	104.574
650.6384	9.3385	6.229993505e-11	-1.81199e-05	2.86104e-06	1.04905e-05	135.0
652.142	9.3425	6.232662024999999e-11	1.04905e-05	-4.29156e-05	4.86376e-05	-72.51
653.6614	9.3465	6.235330545e-11	2.3842e-05	-4.7684e-06	2.28883e-05	-8.364
655.1807	9.3505	6.237999065e-11	1.04905e-05	8.58313e-06	1.04905e-05	77.904
656.6681	9.3545	6.240667585e-11	-1.33515e-05	4.7684e-06	1.52589e-05	154.536
658.4273	9.3585	6.243336105e-11	5.72208e-06	-4.7684e-06	5.72208e-06	-49.398
659.9135	9.3625	6.246004625e-11	1.43052e-05	-1.43052e-05	2.19346e-05	-47.388
661.4335	9.3665	6.248673145e-11	-6.67575e-06	-2.6703e-05	2.19346e-05	-77.472
663.1933	9.3705	6.251341664999999e-11	-4.57766e-05	-2.6703e-05	4.76839e-05	-144.276
664.7125	9.3745	6.254010184999999e-11	-1.33515e-05	1.62126e-05	2.19346e-05	124.158
666.1999	9.3785	6.256678705e-11	-7.62945e-06	1.90736e-05	3.33788e-05	159.444
667.6871	9.3825	6.259347225e-11	-3.05178e-05	1.23978e-05	3.05178e-05	154.026
669.1735	9.3865	6.262015745e-11	8.58313e-06	1.71663e-05	2.0981e-05	42.612
670.9327	9.3905	6.264684265e-11	1.52589e-05	-8.58313e-06	1.04905e-05	-61.926
672.4532	9.3945	6.267352785000001e-11	-1.43052e-05	-2.86104e-06	1.23978e-05	-163.608
673.9405	9.3985	6.270021304999999e-11	-1.33515e-05	-1.90736e-05	2.19346e-05	-124.59
675.4278	9.4025	6.272689824999999e-11	9.5368e-06	1.33515e-05	1.62126e-05	85.602
676.9472	9.4065	6.275358344999999e-11	-1.62126e-05	-2.00273e-05	2.86103e-05	-129.036
678.4496	9.4105	6.278026865e-11	-1.81199e-05	-6.67575e-06	1.90736e-05	-144.864
679.9535	9.4145	6.280695385e-11	0.0	-3.33788e-05	3.52862e-05	-71.88
681.7283	9.4185	6.283363905e-11	-1.90736e-06	4.7684e-06	4.7684e-06	173.658
683.2483	9.4225	6.286032425e-11	-3.14715e-05	-1.43052e-05	3.91009e-05	-157.38
684.7192	9.4265	6.288700945e-11	-5.81744e-05	-1.81199e-05	6.10356e-05	-162.756
686.2549	9.4305	6.291369465e-11	-6.67575e-06	-9.53682e-07	6.67575e-06	135.0
687.7257	9.4345	6.294037985e-11	-2.19346e-05	1.23978e-05	1.52589e-05	115.02
689.4852	9.4385	6.296706504999999e-11	2.57493e-05	9.53682e-07	2.57493e-05	5.856
690.9574	9.4425	6.299375025e-11	0.0	-7.62945e-06	8.58313e-06	-52.434
692.4603	9.4465	6.302043545e-11	6.67575e-06	-2.00273e-05	2.00273e-05	-86.73
694.236	9.4505	6.304712065e-11	-9.5368e-06	-2.86104e-06	9.5368e-06	-137.724
695.7545	9.4545	6.307380584999999e-11	-1.04905e-05	-1.04905e-05	2.0981e-05	-151.26
697.2737	9.4585	6.310049105e-11	-9.5368e-06	-4.00546e-05	4.57766e-05	-116.928
698.7781	9.4625	6.312717625e-11	-1.33515e-05	-4.67303e-05	4.86376e-05	-109.656
700.2806	9.4665	6.315386145e-11	3.81473e-06	-2.47956e-05	2.3842e-05	-100.716
702.0393	9.4705	6.318054665e-11	-2.3842e-05	3.52862e-05	4.19619e-05	120.066
703.5281	9.4745	6.320723185e-11	3.05178e-05	3.81473e-06	2.9564e-05	26.004
705.0148	9.4785	6.323391705e-11	-1.62126e-05	9.5368e-06	1.52589e-05	139.086
706.5184	9.4825	6.326060225e-11	8.58313e-06	2.86103e-05	3.24252e-05	59.238
708.0384	9.4865	6.328728744999999e-11	-1.71663e-05	-4.29156e-05	4.76839e-05	-125.628
709.5418	9.4905	6.331397265e-11	-6.67575e-06	-1.33515e-05	1.04905e-05	-90.0
711.0446	9.4945	6.334065785e-11	1.43052e-05	3.91009e-05	3.91009e-05	83.772
712.8523	9.4985	6.336734305e-11	-2.3842e-05	-3.71935e-05	4.19619e-05	-110.352
714.3388	9.5025	6.339402825e-11	-3.62399e-05	3.24252e-05	4.38693e-05	126.348
715.8423	9.5065	6.342071345000001e-11	-4.29156e-05	-2.00273e-05	5.24523e-05	-159.204
717.3304	9.5105	6.344739865e-11	-2.47956e-05	-1.81199e-05	3.14715e-05	-152.358
718.8335	9.5145	6.347408384999999e-11	-2.6703e-05	-9.5368e-06	3.14715e-05	-174.174
720.608	9.5185	6.350076904999999e-11	-9.5368e-06	6.67575e-06	2.00273e-05	143.13
722.0964	9.5225	6.352745425e-11	-9.53682e-07	-4.7684e-06	5.72208e-06	-139.398
723.5998	9.5265	6.355413945e-11	-1.04905e-05	-3.14715e-05	3.05178e-05	-123.69
725.375	9.5305	6.358082465e-11	-1.14442e-05	-3.81473e-06	1.52589e-05	-162.9
726.9102	9.5345	6.360750985e-11	5.72208e-06	1.33515e-05	9.5368e-06	66.798
728.4286	9.5385	6.363419505000001e-11	-1.81199e-05	-2.86103e-05	3.52862e-05	-99.132
729.9484	9.5425	6.366088025e-11	-4.57766e-05	9.53682e-07	4.38693e-05	164.664
731.4522	9.5465	6.368756544999999e-11	-4.7684e-06	-2.28883e-05	2.3842e-05	-100.44
733.2275	9.5505	6.371425064999999e-11	-3.81472e-05	-2.9564e-05	5.14986e-05	-150.522
734.7309	9.5545	6.374093585e-11	0.0	-3.33788e-05	3.52862e-05	-109.092
736.2334	9.5585	6.376762105e-11	-6.00817e-05	-5.24523e-05	7.34334e-05	-144.654
737.7376	9.5625	6.379430625e-11	-2.00273e-05	-1.04905e-05	2.86103e-05	-166.908
739.2559	9.5665	6.382099145e-11	8.58313e-06	-2.86104e-06	9.5368e-06	22.38
741.0003	9.5705	6.384767664999999e-11	9.5368e-06	-9.5368e-06	1.33515e-05	-36.252
742.4876	9.5745	6.387436185e-11	-6.00817e-05	-3.24252e-05	6.77113e-05	-151.212
743.991	9.5785	6.390104705e-11	-4.7684e-06	-1.71663e-05	1.62126e-05	-106.926
745.4777	9.5825	6.392773224999999e-11	-3.81473e-06	-2.9564e-05	2.86103e-05	-77.196
746.9816	9.5865	6.395441744999999e-11	0.0	-4.7684e-06	1.04905e-05	-40.914
748.4683	9.5905	6.398110265e-11	-1.23978e-05	-9.5368e-06	1.33515e-05	-153.438
749.9565	9.5945	6.400778785e-11	1.23978e-05	-1.33515e-05	1.52589e-05	-57.726
751.7147	9.5985	6.403447304999999e-11	1.52589e-05	-7.62945e-06	1.81199e-05	-32.004
753.2024	9.6025	6.406115824999999e-11	1.52589e-05	1.23978e-05	1.71663e-05	26.562
754.6904	9.6065	6.408784345e-11	3.62399e-05	1.90736e-05	4.86376e-05	24.036
756.1773	9.6105	6.411452865e-11	5.14986e-05	4.38693e-05	6.96187e-05	40.362
757.6646	9.6145	6.414121385e-11	5.53133e-05	1.52589e-05	6.67577e-05	10.884
759.4235	9.6185	6.416789905e-11	7.72481e-05	4.48229e-05	8.39238e-05	30.558
760.9265	9.6225	6.419458425e-11	5.0545e-05	1.52589e-05	5.9128e-05	14.49
762.4296	9.6265	6.422126944999999e-11	0.000113488	4.7684e-06	0.00011158	2.412
764.2064	9.6305	6.424795464999999e-11	0.000133515	1.52589e-05	0.000143052	9.042
765.6927	9.6345	6.427463984999999e-11	0.00010109	1.14442e-05	9.44142e-05	7.488
767.1811	9.6385	6.430132505e-11	0.000129701	1.71663e-05	0.000128747	6.864
768.6835	9.6425	6.432801025e-11	0.000177384	3.05178e-05	0.000186921	10.716
770.1715	9.6465	6.435469545e-11	0.000177384	3.91009e-05	0.000177384	13.56
771.9313	9.6505	6.438138065e-11	0.000151635	8.77385e-05	0.000175477	29.37
773.4331	9.6545	6.440806585e-11	0.000174523	8.20165e-05	0.000190736	24.51
774.9375	9.6585	6.443475104999999e-11	0.000181199	0.000138284	0.000225068	37.008
776.4568	9.6625	6.446143624999999e-11	0.000214578	0.000103951	0.00023079	27.012
777.9437	9.6665	6.448812144999999e-11	0.000223161	0.000123979	0.00025654	26.832
779.4474	9.6705	6.451480665e-11	0.000250818	7.05724e-05	0.000263216	17.466
780.9506	9.6745	6.454149185e-11	0.00023079	0.000112534	0.000251772	27.714
782.6939	9.6785	6.456817705e-11	0.000276567	0.000132562	0.000304224	27.126
784.1968	9.6825	6.459486225e-11	0.000217439	0.000143052	0.000258448	33.894
785.6684	9.6865	6.462154745e-11	0.000199319	0.000140191	0.000240327	34.98
787.1568	9.6905	6.464823265e-11	0.000162126	8.67848e-05	0.000188828	26.832
788.6601	9.6945	6.467491784999999e-11	0.000103951	0.000123979	0.000158311	48.198
790.4515	9.6985	6.470160304999999e-11	5.43597e-05	0.000120163	0.000139237	62.958
791.9708	9.7025	6.472828825e-11	2.86103e-05	7.91554e-05	8.77385e-05	73.77
793.4735	9.7065	6.475497345e-11	-5.24523e-05	6.38966e-05	8.10628e-05	137.07
795.2317	9.7105	6.478165865e-11	-7.91554e-05	4.67303e-05	9.05995e-05	149.256
796.7209	9.7145	6.480834384999999e-11	-0.000125886	2.00273e-05	0.000124932	171.738
798.2235	9.7185	6.483502905e-11	-0.000181199	-4.7684e-06	0.000183106	-179.796
799.743	9.7225	6.486171425e-11	-0.000213624	-3.05178e-05	0.000222207	-173.004
801.2629	9.7265	6.488839945e-11	-0.000252726	-0.000117302	0.000272753	-153.942
803.0378	9.7305	6.491508464999999e-11	-0.000252726	-7.82018e-05	0.000272753	-161.22
804.5246	9.7345	6.494176985e-11	-0.000252726	-0.000115395	0.000282289	-155.112
806.0129	9.7385	6.496845505e-11	-0.000296595	-0.000113488	0.0003109	-158.016
807.4994	9.7425	6.499514024999999e-11	-0.000244142	-0.000152589	0.000288965	-148.092
809.0034	9.7465	6.502182544999999e-11	-0.000206948	-0.000198365	0.000288965	-135.924
810.5221	9.7505	6.504851065e-11	-0.000174523	-0.000164033	0.000237466	-133.404
812.0259	9.7545	6.507519585e-11	-0.000115395	-0.000130654	0.000175477	-131.796
813.8168	9.7585	6.510188105e-11	-9.53679e-05	-0.000118256	0.000151635	-128.934
815.288	9.7625	6.512856625e-11	-4.29156e-05	-0.000123025	0.000132562	-115.14
816.7764	9.7665	6.515525145e-11	-5.72208e-06	-9.53679e-05	9.72752e-05	-92.67
818.2635	9.7705	6.518193664999999e-11	3.33788e-05	-6.10356e-05	6.8665e-05	-62.94
819.7492	9.7745	6.520862184999999e-11	1.43052e-05	4.7684e-06	1.14442e-05	18.432
821.5086	9.7785	6.523530704999999e-11	-9.5368e-06	-4.95913e-05	4.38693e-05	-99.78
823.0135	9.7825	6.526199225e-11	4.48229e-05	9.5368e-06	4.19619e-05	10.224
824.5157	9.7865	6.528867745e-11	2.47956e-05	1.33515e-05	2.86103e-05	6.486
826.2604	9.7905	6.531536265e-11	1.62126e-05	1.90736e-05	2.6703e-05	43.092
827.7635	9.7945	6.534204785e-11	-9.5368e-06	8.10628e-05	7.91554e-05	95.37
829.2512	9.7985	6.536873305000001e-11	-4.7684e-06	1.33515e-05	1.52589e-05	105.642
830.7379	9.8025	6.539541824999999e-11	2.3842e-05	3.05178e-05	4.00546e-05	50.082
832.2249	9.8065	6.542210344999999e-11	-2.47956e-05	5.81744e-05	6.19893e-05	108.24
834.0168	9.8105	6.544878864999999e-11	5.72208e-06	7.62945e-06	1.04905e-05	18.432
835.5204	9.8145	6.547547385e-11	7.62945e-06	-1.04905e-05	1.71663e-05	-70.344
837.0228	9.8185	6.550215905e-11	1.90736e-05	-3.05178e-05	3.52862e-05	-56.31
838.5113	9.8225	6.552884425e-11	-1.81199e-05	1.71663e-05	2.6703e-05	145.92
840.0134	9.8265	6.555552945e-11	1.90736e-06	2.86104e-06	1.04905e-05	-4.764
841.5015	9.8305	6.558221465e-11	4.19619e-05	1.23978e-05	4.95913e-05	16.554
843.0047	9.8345	6.560889985e-11	4.38693e-05	-2.28883e-05	5.24523e-05	-13.362
844.7639	9.8385	6.563558505e-11	3.52862e-05	-2.19346e-05	4.48229e-05	-28.74
846.2512	9.8425	6.566227024999999e-11	3.71935e-05	-2.86104e-06	3.33788e-05	2.292
847.7713	9.8465	6.568895545e-11	2.86103e-05	-1.04905e-05	2.57493e-05	-34.44
849.2579	9.8505	6.571564065e-11	1.90736e-06	2.19346e-05	2.3842e-05	104.382
850.7461	9.8545	6.574232585e-11	3.43325e-05	2.3842e-05	4.48229e-05	29.136
852.4884	9.8585	6.576901104999999e-11	-4.48229e-05	-3.62399e-05	5.53133e-05	-135.0
853.9766	9.8625	6.579569625e-11	-5.0545e-05	0.0	3.91009e-05	-174.804
855.4627	9.8665	6.582238145e-11	-8.01091e-05	1.62126e-05	7.53407e-05	161.568
857.2072	9.8705	6.584906665e-11	0.0	2.3842e-05	2.47956e-05	92.934
858.7101	9.8745	6.587575185e-11	-3.81473e-06	-8.58313e-06	1.52589e-05	-141.006
860.2134	9.8785	6.590243705e-11	2.28883e-05	-4.00546e-05	4.19619e-05	-74.178
861.7013	9.8825	6.592912225e-11	-1.81199e-05	-2.9564e-05	2.9564e-05	-117.822
863.2205	9.8865	6.595580744999999e-11	1.62126e-05	-6.67575e-06	2.0981e-05	-12.726
864.9957	9.8905	6.598249264999999e-11	-2.0981e-05	-3.81472e-05	4.48229e-05	-125.838
866.5147	9.8945	6.600917785e-11	2.86104e-06	-4.19619e-05	3.91009e-05	-49.71
868.0184	9.8985	6.603586305e-11	5.14986e-05	-8.58313e-06	6.19893e-05	-11.538
869.5211	9.9025	6.606254825e-11	5.72208e-06	-1.04905e-05	1.23978e-05	-46.974
871.0234	9.9065	6.608923345e-11	3.81473e-06	-2.3842e-05	2.19346e-05	-53.13
872.5126	9.9105	6.611591865000001e-11	0.0	2.57493e-05	2.86103e-05	93.654
873.9998	9.9145	6.614260384999999e-11	8.58313e-06	1.62126e-05	1.71663e-05	91.908
875.7585	9.9185	6.616928904999999e-11	0.0	3.62399e-05	3.24252e-05	77.472
877.262	9.9225	6.619597424999999e-11	1.04905e-05	1.62126e-05	1.81199e-05	80.22
878.766	9.9265	6.622265945e-11	-3.81472e-05	-3.81473e-06	3.24252e-05	-175.236
880.2675	9.9305	6.624934465e-11	-2.6703e-05	2.00273e-05	3.14715e-05	143.13
881.7549	9.9345	6.627602985e-11	-8.67848e-05	1.23978e-05	8.67848e-05	174.378
883.5151	9.9385	6.630271505e-11	-5.0545e-05	2.86104e-06	4.76839e-05	178.362
885.0032	9.9425	6.632940025e-11	-2.76567e-05	-4.00546e-05	5.0545e-05	-132.99
886.4896	9.9465	6.635608545e-11	-5.53133e-05	-2.19346e-05	5.9128e-05	-160.176
888.2499	9.9505	6.638277064999999e-11	-7.82018e-05	-3.05178e-05	7.91554e-05	-160.146
889.7372	9.9545	6.640945584999999e-11	-4.48229e-05	-3.62399e-05	5.72207e-05	-142.068
891.2406	9.9585	6.643614105e-11	-4.00546e-05	-5.24523e-05	6.2943e-05	-131.424
892.7435	9.9625	6.646282625e-11	-3.81472e-05	-2.28883e-05	3.91009e-05	-155.724
894.2469	9.9665	6.648951145e-11	-3.33788e-05	-3.05178e-05	4.29156e-05	-128.658
896.0384	9.9705	6.651619665e-11	-2.3842e-05	-6.5804e-05	6.96187e-05	-107.22
897.5419	9.9745	6.654288185e-11	-9.53682e-07	-2.28883e-05	2.19346e-05	-90.0
899.0284	9.9785	6.656956705e-11	8.58313e-06	-2.76567e-05	3.05178e-05	-72.978
900.5159	9.9825	6.659625225e-11	8.58313e-06	-1.14442e-05	1.81199e-05	-47.604
902.019	9.9865	6.662293745e-11	2.9564e-05	2.19346e-05	3.52862e-05	38.832
903.5066	9.9905	6.664962265e-11	6.19893e-05	1.90736e-05	6.48503e-05	23.73
904.9935	9.9945	6.667630785e-11	3.24252e-05	2.86103e-05	5.53133e-05	39.156
906.7535	9.9985	6.670299305e-11	2.00273e-05	2.6703e-05	3.14715e-05	59.658
908.2574	10.0025	6.672967824999999e-11	5.0545e-05	8.58313e-06	5.6267e-05	13.878
909.7606	10.0065	6.675636345e-11	1.52589e-05	4.10082e-05	4.48229e-05	79.764
911.2478	10.0105	6.678304865e-11	-1.62126e-05	2.28883e-05	2.57493e-05	136.08
912.7515	10.0145	6.680973385e-11	-1.81199e-05	2.9564e-05	3.33788e-05	105.948
914.5108	10.0185	6.683641905e-11	2.3842e-05	1.90736e-05	4.10082e-05	45.606
916.0135	10.0225	6.686310425e-11	-2.47956e-05	1.62126e-05	3.14715e-05	139.896
917.5176	10.0265	6.688978945e-11	-5.81744e-05	1.04905e-05	4.86376e-05	161.832
919.3083	10.0305	6.691647464999999e-11	-8.20165e-05	-5.72208e-06	8.01091e-05	179.526
920.8281	10.0345	6.694315984999999e-11	-1.33515e-05	1.14442e-05	1.71663e-05	141.006
922.3475	10.0385	6.696984505e-11	-3.81472e-05	-1.71663e-05	3.71935e-05	-162.216
923.8178	10.0425	6.699653025e-11	-3.62399e-05	-2.28883e-05	4.29156e-05	-142.278
925.3047	10.0465	6.702321545e-11	-4.00546e-05	-1.71663e-05	4.19619e-05	-161.004
927.0805	10.0505	6.704990065e-11	-2.28883e-05	-9.5368e-06	2.0981e-05	-144.09
928.6008	10.0545	6.707658585000001e-11	-1.81199e-05	-9.5368e-06	2.19346e-05	-155.694
930.1035	10.0585	6.710327105e-11	-2.6703e-05	-6.67575e-06	3.33788e-05	-150.126
931.5917	10.0625	6.712995624999999e-11	5.72208e-06	-2.9564e-05	2.86103e-05	-93.816
933.0939	10.0665	6.715664144999999e-11	4.38693e-05	1.62126e-05	4.10082e-05	22.692
934.8697	10.0705	6.718332664999999e-11	1.90736e-06	-1.81199e-05	1.71663e-05	-112.62
936.3576	10.0745	6.721001185e-11	1.52589e-05	1.90736e-06	1.81199e-05	7.35
937.877	10.0785	6.723669705e-11	1.04905e-05	-1.43052e-05	1.90736e-05	-61.926
939.3634	10.0825	6.726338225e-11	-3.81473e-06	3.52862e-05	3.52862e-05	94.482
940.8665	10.0865	6.729006744999999e-11	-2.00273e-05	3.05178e-05	4.00546e-05	126.096
942.3712	10.0905	6.731675265e-11	-2.86104e-06	3.14715e-05	3.05178e-05	120.066
943.8584	10.0945	6.734343785e-11	8.58313e-06	3.05178e-05	2.86103e-05	85.488
945.6019	10.0985	6.737012304999999e-11	6.67575e-06	1.71663e-05	1.81199e-05	71.568
947.1212	10.1025	6.739680824999999e-11	-3.43325e-05	-6.67575e-06	2.3842e-05	-152.652
948.6405	10.1065	6.742349345e-11	-1.14442e-05	-4.7684e-06	1.52589e-05	-135.0
950.1278	10.1105	6.745017865e-11	3.05178e-05	1.23978e-05	2.47956e-05	25.77
951.6306	10.1145	6.747686384999999e-11	-2.86104e-06	-2.6703e-05	2.9564e-05	-110.694
953.4217	10.1185	6.750354904999999e-11	1.62126e-05	1.04905e-05	2.86103e-05	29.898
954.9248	10.1225	6.753023425e-11	-2.86104e-06	-4.86376e-05	4.76839e-05	-88.362
956.4132	10.1265	6.755691945e-11	4.29156e-05	-7.62945e-06	4.19619e-05	-8.262
958.2034	10.1305	6.758360465e-11	-4.7684e-06	1.52589e-05	1.71663e-05	63.438
959.6908	10.1345	6.761028985e-11	1.90736e-06	9.5368e-06	1.62126e-05	36.468
961.1943	10.1385	6.763697505e-11	2.19346e-05	-1.33515e-05	2.6703e-05	-44.118
962.6976	10.1425	6.766366025e-11	2.86103e-05	-7.62945e-06	2.57493e-05	-11.31
964.2019	10.1465	6.769034544999999e-11	1.90736e-06	2.86103e-05	3.24252e-05	103.242
965.6884	10.1505	6.771703064999999e-11	3.81473e-06	-4.7684e-06	3.81473e-06	-98.13
967.1765	10.1545	6.774371585e-11	2.3842e-05	-4.76839e-05	5.43597e-05	-59.64
968.6791	10.1585	6.777040105e-11	1.62126e-05	-9.5368e-06	1.33515e-05	-33.69
970.1817	10.1625	6.779708625e-11	1.04905e-05	2.47956e-05	3.33788e-05	50.712
971.7026	10.1665	6.782377145e-11	8.58313e-06	1.62126e-05	2.00273e-05	28.884
973.206	10.1705	6.785045665e-11	-1.62126e-05	2.3842e-05	2.86103e-05	114.342
974.7078	10.1745	6.787714184999999e-11	-2.00273e-05	1.23978e-05	2.00273e-05	136.398
976.4683	10.1785	6.790382704999999e-11	-3.33788e-05	-5.72208e-06	2.86103e-05	-138.69
977.9559	10.1825	6.793051224999999e-11	-1.62126e-05	1.52589e-05	2.47956e-05	145.122
979.4433	10.1865	6.795719745e-11	2.19346e-05	1.71663e-05	2.57493e-05	48.942
980.9308	10.1905	6.798388265e-11	-3.33788e-05	-1.71663e-05	3.91009e-05	-151.458
982.4173	10.1945	6.801056785e-11	-2.0981e-05	-3.81473e-06	2.00273e-05	-176.31
983.9215	10.1985	6.803725305e-11	-1.14442e-05	-2.28883e-05	2.47956e-05	-142.524
985.4084	10.2025	6.806393825e-11	-1.90736e-05	-4.29156e-05	5.0545e-05	-121.086
986.9281	10.2065	6.809062345e-11	-1.33515e-05	-6.67575e-06	1.23978e-05	-157.62
988.4306	10.2105	6.811730864999999e-11	-1.23978e-05	7.62945e-06	1.52589e-05	175.032
989.9016	10.2145	6.814399384999999e-11	0.0	-2.9564e-05	2.57493e-05	-82.302
991.3902	10.2185	6.817067905e-11	-7.1526e-05	-3.81472e-05	8.29701e-05	-150.366
992.8776	10.2225	6.819736425e-11	-5.53133e-05	-2.00273e-05	5.72207e-05	-159.444
994.3634	10.2265	6.822404945e-11	-9.5368e-06	-3.14715e-05	3.33788e-05	-104.574
995.8523	10.2305	6.825073464999999e-11	-9.53682e-07	1.90736e-06	3.81473e-06	60.252
997.3558	10.2345	6.827741985e-11	1.90736e-06	-1.71663e-05	1.71663e-05	-55.716
998.8751	10.2385	6.830410505e-11	-3.14715e-05	-2.28883e-05	3.24252e-05	-149.472
1000.361	10.2425	6.833079025e-11	4.48229e-05	-2.9564e-05	5.43597e-05	-35.454
1001.8321	10.2465	6.835747544999999e-11	-3.81473e-06	-5.72208e-06	6.67575e-06	-161.568
1003.3208	10.2505	6.838416065e-11	-2.3842e-05	2.86104e-06	2.3842e-05	-168.69
1004.8084	10.2545	6.841084585e-11	3.24252e-05	1.52589e-05	2.9564e-05	39.288
1006.3117	10.2585	6.843753104999999e-11	3.24252e-05	6.67575e-06	3.62399e-05	8.97
1007.7984	10.2625	6.846421624999999e-11	3.24252e-05	2.19346e-05	3.43325e-05	32.382
1009.2861	10.2665	6.849090145e-11	-5.72208e-06	1.90736e-05	2.47956e-05	110.556
1010.7734	10.2705	6.851758665e-11	4.76839e-05	2.3842e-05	4.76839e-05	22.284
1012.2616	10.2745	6.854427185e-11	4.86376e-05	4.57766e-05	6.5804e-05	45.0
1014.0048	10.2785	6.857095705e-11	1.71663e-05	2.19346e-05	2.86103e-05	54.606
1015.5082	10.2825	6.859764225e-11	-1.90736e-06	-7.62945e-06	6.67575e-06	-48.816
1017.0117	10.2865	6.862432745e-11	-1.23978e-05	5.72208e-06	1.71663e-05	137.388
1018.7868	10.2905	6.865101264999999e-11	1.52589e-05	-2.28883e-05	2.76567e-05	-43.092
1020.2902	10.2945	6.867769784999999e-11	-5.14986e-05	-2.86104e-06	5.24523e-05	-165.618
1021.7769	10.2985	6.870438305e-11	-1.81199e-05	1.62126e-05	2.86103e-05	144.162
1023.2647	10.3025	6.873106825e-11	-4.57766e-05	3.05178e-05	6.2943e-05	158.304
1024.7516	10.3065	6.875775345e-11	-4.95913e-05	-2.86104e-06	5.0545e-05	179.226
1026.2398	10.3105	6.878443865e-11	-3.71935e-05	-6.67575e-06	3.91009e-05	-179.058
1027.7271	10.3145	6.881112385000001e-11	-4.10082e-05	1.04905e-05	4.29156e-05	161.568
1029.2305	10.3185	6.883780904999999e-11	-2.00273e-05	-2.3842e-05	3.33788e-05	-143.568
1030.7178	10.3225	6.886449424999999e-11	-5.3406e-05	-9.5368e-06	6.00817e-05	-170.34
1032.2212	10.3265	6.889117944999999e-11	5.72208e-06	2.86103e-05	2.86103e-05	69.624
1033.7234	10.3305	6.891786465e-11	-2.86104e-06	-2.6703e-05	2.57493e-05	-82.302
1035.2119	10.3345	6.894454985e-11	-5.72208e-06	-3.14715e-05	3.05178e-05	-118.302
1036.9712	10.3385	6.897123505e-11	1.90736e-06	2.19346e-05	2.00273e-05	75.468
1038.4731	10.3425	6.899792025e-11	1.71663e-05	-9.5368e-06	2.0981e-05	-20.772
1039.9619	10.3465	6.902460545e-11	2.9564e-05	2.86104e-06	3.24252e-05	8.13
1041.4971	10.3505	6.905129065e-11	3.62399e-05	4.7684e-06	4.38693e-05	17.928
1043.0006	10.3545	6.907797584999999e-11	1.62126e-05	1.90736e-06	2.57493e-05	0.0
1044.5031	10.3585	6.910466104999999e-11	3.71935e-05	4.67303e-05	6.00817e-05	52.122
1046.0067	10.3625	6.913134625e-11	2.0981e-05	1.90736e-06	2.3842e-05	19.356
1047.4934	10.3665	6.915803145e-11	0.0	-9.5368e-06	1.04905e-05	-28.812
1048.9821	10.3705	6.918471665e-11	5.72208e-06	-2.00273e-05	2.0981e-05	-62.652
1050.4855	10.3745	6.921140184999999e-11	2.57493e-05	2.57493e-05	3.52862e-05	49.398
1052.0047	10.3785	6.923808705e-11	1.33515e-05	3.71935e-05	3.71935e-05	78.906
1053.5081	10.3825	6.926477225e-11	1.04905e-05	4.38693e-05	4.86376e-05	67.494
1055.0268	10.3865	6.929145745e-11	-8.58313e-06	3.33788e-05	3.91009e-05	120.51
1056.7868	10.3905	6.931814265e-11	-3.14715e-05	9.53682e-07	1.90736e-05	-177.51
1058.2725	10.3945	6.934482785e-11	6.67575e-06	-2.6703e-05	2.57493e-05	-94.29
1059.7607	10.3985	6.937151305e-11	3.43325e-05	-1.81199e-05	3.24252e-05	-34.044
1061.2476	10.4025	6.939819824999999e-11	1.81199e-05	-3.71935e-05	4.19619e-05	-60.594
1062.7522	10.4065	6.942488344999999e-11	1.04905e-05	-3.52862e-05	3.81472e-05	-68.892
1064.2546	10.4105	6.945156865e-11	-9.5368e-06	-2.00273e-05	1.81199e-05	-115.464
1065.7417	10.4145	6.947825385e-11	9.5368e-06	1.04905e-05	1.62126e-05	61.56
1067.2619	10.4185	6.950493905e-11	-1.04905e-05	-1.04905e-05	7.62945e-06	-13.242
1068.7486	10.4225	6.953162425e-11	-3.14715e-05	-9.5368e-06	2.76567e-05	-166.674
1070.2531	10.4265	6.955830945e-11	-1.33515e-05	3.81472e-05	3.81472e-05	115.602
1071.7401	10.4305	6.958499464999999e-11	-2.57493e-05	5.72207e-05	6.48503e-05	117.084
1073.2435	10.4345	6.961167984999999e-11	-1.90736e-05	9.5368e-06	2.0981e-05	148.734
1075.0031	10.4385	6.963836504999999e-11	-1.62126e-05	-2.28883e-05	2.28883e-05	-120.966
1076.4895	10.4425	6.966505025e-11	6.67575e-06	9.5368e-06	1.33515e-05	40.914
1077.9935	10.4465	6.969173545e-11	1.04905e-05	-1.81199e-05	2.0981e-05	-65.694
1079.7516	10.4505	6.971842065e-11	1.43052e-05	1.04905e-05	1.81199e-05	45.0
1081.2405	10.4545	6.974510585e-11	1.04905e-05	2.19346e-05	2.28883e-05	60.948
1082.7591	10.4585	6.977179105000001e-11	-2.47956e-05	-1.90736e-05	2.86103e-05	-147.528
1084.2633	10.4625	6.979847625e-11	-9.5368e-06	9.5368e-06	2.57493e-05	157.284
1085.7656	10.4665	6.982516144999999e-11	4.10082e-05	-3.71935e-05	5.3406e-05	-48.546
1087.2535	10.4705	6.985184664999999e-11	5.72208e-06	2.9564e-05	3.33788e-05	93.12
1088.7414	10.4745	6.987853185e-11	2.19346e-05	7.62945e-06	2.86103e-05	14.034
1090.2278	10.4785	6.990521705e-11	1.90736e-06	-4.7684e-06	5.72208e-06	-45.0
1091.7306	10.4825	6.993190225e-11	-3.81473e-06	-2.86104e-06	2.86104e-06	-59.034
1093.2185	10.4865	6.995858745e-11	9.53682e-07	-4.19619e-05	3.91009e-05	-78.69
1094.7069	10.4905	6.998527265e-11	-1.71663e-05	3.81473e-06	1.52589e-05	164.052
1096.2096	10.4945	7.001195785e-11	7.72481e-05	9.5368e-06	7.72481e-05	6.504
1097.9683	10.4985	7.003864305e-11	2.19346e-05	-1.14442e-05	2.3842e-05	-23.202
1099.4568	10.5025	7.006532824999999e-11	-4.7684e-06	1.62126e-05	2.0981e-05	100.716
1100.9596	10.5065	7.009201345e-11	1.33515e-05	1.81199e-05	2.3842e-05	43.878
1102.4474	10.5105	7.011869865e-11	5.72208e-06	8.58313e-06	1.23978e-05	21.804
1103.9344	10.5145	7.014538385e-11	-1.43052e-05	-2.76567e-05	2.86103e-05	-114.678
1105.6934	10.5185	7.017206904999999e-11	-3.05178e-05	9.5368e-06	3.14715e-05	153.438
1107.1645	10.5225	7.019875425e-11	-4.7684e-06	-1.62126e-05	1.43052e-05	-52.596
1108.6679	10.5265	7.022543945e-11	1.52589e-05	1.71663e-05	2.47956e-05	37.146
1110.4114	10.5305	7.025212465e-11	-5.72208e-06	-1.23978e-05	1.71663e-05	-126.156
1111.8985	10.5345	7.027880985e-11	9.5368e-06	3.24252e-05	4.19619e-05	54.276
1113.4029	10.5385	7.030549505e-11	8.58313e-06	1.43052e-05	1.52589e-05	73.074
1114.8903	10.5425	7.033218025e-11	-5.72208e-06	-2.9564e-05	2.6703e-05	-96.168
1116.4097	10.5465	7.035886544999999e-11	1.81199e-05	2.3842e-05	3.14715e-05	50.856
1118.1679	10.5505	7.038555064999999e-11	2.57493e-05	2.3842e-05	3.33788e-05	33.366
1119.6562	10.5545	7.041223585e-11	6.67575e-06	4.7684e-06	5.72208e-06	60.948
1121.1586	10.5585	7.043892105e-11	-1.71663e-05	2.28883e-05	2.86103e-05	147.096
1122.647	10.5625	7.046560625e-11	2.9564e-05	1.90736e-06	3.52862e-05	7.524
1124.1334	10.5665	7.049229145e-11	8.58313e-06	-4.00546e-05	4.19619e-05	-82.878
1125.8935	10.5705	7.051897665e-11	-4.00546e-05	1.52589e-05	3.91009e-05	154.32
1127.3971	10.5745	7.054566184999999e-11	1.62126e-05	-6.67575e-06	1.04905e-05	-53.976
1128.9164	10.5785	7.057234704999999e-11	1.23978e-05	2.00273e-05	2.57493e-05	62.244
1130.4024	10.5825	7.059903224999999e-11	-3.62399e-05	1.62126e-05	4.10082e-05	152.28
1131.9071	10.5865	7.062571744999999e-11	-1.71663e-05	-2.86104e-06	1.43052e-05	-162.474
1133.3935	10.5905	7.065240265e-11	-9.5368e-06	1.33515e-05	1.23978e-05	104.934
1134.8811	10.5945	7.067908785e-11	1.04905e-05	2.86104e-06	5.72208e-06	11.31
1136.6403	10.5985	7.070577305e-11	-9.53682e-07	-6.8665e-05	7.05724e-05	-82.548
1138.1435	10.6025	7.073245824999999e-11	-4.7684e-06	2.86104e-06	8.58313e-06	167.004
1139.6317	10.6065	7.075914345e-11	1.81199e-05	1.90736e-06	2.3842e-05	-1.398
1141.1346	10.6105	7.078582865e-11	9.5368e-06	1.23978e-05	2.19346e-05	32.826
1142.6384	10.6145	7.081251384999999e-11	-9.5368e-06	5.72207e-05	6.00817e-05	107.28
1144.4135	10.6185	7.083919904999999e-11	-3.33788e-05	5.72208e-06	2.9564e-05	170.31
1145.8996	10.6225	7.086588425e-11	7.62945e-06	-5.72208e-06	4.7684e-06	53.13
1147.4035	10.6265	7.089256945e-11	3.05178e-05	1.33515e-05	3.05178e-05	22.518
1149.147	10.6305	7.091925465e-11	-1.81199e-05	-1.62126e-05	2.47956e-05	-140.196
1150.6346	10.6345	7.094593984999999e-11	0.0	1.90736e-06	2.86104e-06	78.69
1152.154	10.6385	7.097262505e-11	-3.52862e-05	9.53682e-07	3.33788e-05	165.966
1153.657	10.6425	7.099931025e-11	-1.90736e-05	-2.86104e-06	2.00273e-05	-151.824
1155.1604	10.6465	7.102599545e-11	-1.62126e-05	-4.7684e-06	1.90736e-05	-161.568
1156.9364	10.6505	7.105268064999998e-11	-2.28883e-05	-1.14442e-05	1.90736e-05	-173.658
1158.4235	10.6545	7.107936585e-11	-1.62126e-05	-1.14442e-05	1.90736e-05	-136.332
1159.9271	10.6585	7.110605105e-11	-4.67303e-05	-7.62945e-06	4.38693e-05	-168.516
1161.4299	10.663	7.11360719e-11	-2.0981e-05	-9.53682e-07	1.33515e-05	-150.642
1162.9335	10.667	7.11627571e-11	8.58313e-06	-2.86104e-06	1.33515e-05	18.432
1164.4204	10.671	7.118944229999999e-11	2.3842e-05	-3.33788e-05	4.19619e-05	-52.278
1165.9084	10.675	7.12161275e-11	-7.62945e-06	-6.67575e-06	1.43052e-05	-167.736
1167.396	10.679	7.12428127e-11	1.71663e-05	1.52589e-05	1.90736e-05	58.242
1168.8834	10.683	7.12694979e-11	2.86103e-05	3.05178e-05	4.00546e-05	40.812
1170.3534	10.687	7.129618309999999e-11	2.3842e-05	6.67575e-06	2.76567e-05	6.486
1171.857	10.691	7.13228683e-11	-1.62126e-05	1.90736e-06	1.62126e-05	152.526
1173.3446	10.695	7.13495535e-11	-3.81473e-06	-2.6703e-05	2.28883e-05	-93.816
1175.1209	10.699	7.13762387e-11	8.58313e-06	1.23978e-05	1.90736e-05	45.0
1176.6234	10.703	7.140292389999999e-11	-2.86104e-06	-6.67575e-06	6.67575e-06	-95.196
1178.1276	10.707	7.14296091e-11	1.33515e-05	2.47956e-05	3.05178e-05	57.996
1179.6148	10.711	7.14562943e-11	-1.04905e-05	-2.86103e-05	3.05178e-05	-109.656
1181.117	10.715	7.14829795e-11	9.5368e-06	-2.28883e-05	2.57493e-05	-40.764
1182.6216	10.719	7.15096647e-11	-3.91009e-05	-9.53682e-07	2.3842e-05	-166.428
1184.1083	10.723	7.15363499e-11	-3.33788e-05	1.04905e-05	3.81472e-05	163.11
1185.6126	10.727	7.15630351e-11	-4.7684e-06	1.90736e-06	2.86104e-06	63.438
1187.3716	10.731	7.158972029999999e-11	-2.6703e-05	2.57493e-05	3.71935e-05	141.84
1188.8908	10.735	7.161640549999999e-11	1.04905e-05	4.7684e-06	6.67575e-06	115.02
1190.3784	10.739	7.16430907e-11	-4.7684e-06	-1.90736e-06	0.0	0.0
1191.8489	10.743	7.16697759e-11	-3.71935e-05	-1.33515e-05	3.91009e-05	-153.006
1193.3358	10.747	7.16964611e-11	-6.67575e-06	8.58313e-06	1.14442e-05	135.0
1195.0803	10.751	7.17231463e-11	-3.05178e-05	-3.71935e-05	4.86376e-05	-128.904
1196.5677	10.755	7.174983150000001e-11	-9.5368e-06	-2.6703e-05	2.6703e-05	-97.122
1198.0541	10.759	7.177651669999999e-11	9.5368e-06	3.24252e-05	3.52862e-05	76.218
1199.5578	10.763	7.180320189999999e-11	1.90736e-06	4.57766e-05	4.19619e-05	80.706
1201.2999	10.767	7.182988709999999e-11	-7.62945e-06	2.00273e-05	2.19346e-05	112.11
1202.8211	10.771	7.18565723e-11	-9.5368e-06	1.04905e-05	1.71663e-05	99.78
1204.3406	10.775	7.18832575e-11	-3.14715e-05	1.43052e-05	3.33788e-05	142.434
1205.8583	10.779	7.19099427e-11	2.47956e-05	-1.04905e-05	2.86103e-05	-17.196
1207.3784	10.783	7.19366279e-11	8.58313e-06	-3.81473e-06	6.67575e-06	35.538
1208.8983	10.787	7.19633131e-11	5.72208e-06	-1.04905e-05	1.43052e-05	-127.302
1210.4181	10.791	7.19899983e-11	-1.33515e-05	-1.90736e-06	5.72208e-06	-70.344
1211.9054	10.795	7.20166835e-11	2.47956e-05	5.72208e-06	2.19346e-05	11.976
1213.6806	10.799	7.204336869999999e-11	1.04905e-05	-3.81473e-06	1.71663e-05	-59.622
1215.1835	10.803	7.20700539e-11	2.86104e-06	-1.81199e-05	1.90736e-05	-72.756
1216.6704	10.807	7.20967391e-11	2.86104e-06	-2.6703e-05	2.47956e-05	-88.452
1218.1737	10.811	7.21234243e-11	-1.33515e-05	3.91009e-05	3.91009e-05	112.38
1219.6935	10.815	7.215010949999999e-11	-4.38693e-05	8.58313e-06	3.91009e-05	163.2
1221.1646	10.819	7.21767947e-11	2.86104e-06	4.57766e-05	4.57766e-05	94.026
1222.6684	10.823	7.22034799e-11	4.48229e-05	-2.86103e-05	4.57766e-05	-33.93
1224.1547	10.827	7.22301651e-11	-1.14442e-05	-1.62126e-05	1.90736e-05	-137.604
1225.6435	10.831	7.22568503e-11	8.58313e-06	1.14442e-05	1.71663e-05	17.82
1227.1299	10.835	7.22835355e-11	-1.62126e-05	1.52589e-05	2.3842e-05	154.176
1228.6174	10.839	7.23102207e-11	1.71663e-05	3.33788e-05	3.52862e-05	69.042
1230.09	10.843	7.233690589999999e-11	2.19346e-05	-4.7684e-06	2.19346e-05	-6.912
1231.5933	10.847	7.236359109999999e-11	1.90736e-06	5.72208e-06	8.58313e-06	63.438
1233.0807	10.851	7.23902763e-11	-7.62945e-06	-1.90736e-05	1.71663e-05	-98.748
1234.5835	10.855	7.24169615e-11	4.7684e-06	-3.81473e-06	6.67575e-06	56.976
1236.3434	10.859	7.24436467e-11	-1.71663e-05	3.33788e-05	3.43325e-05	93.432
1237.8457	10.863	7.24703319e-11	-3.05178e-05	3.24252e-05	4.00546e-05	120.324
1239.3498	10.867	7.249701710000001e-11	-4.48229e-05	1.71663e-05	4.10082e-05	149.382
1240.836	10.871	7.25237023e-11	9.5368e-06	-9.53682e-07	5.72208e-06	0.0
1242.3251	10.875	7.255038749999999e-11	-1.04905e-05	-3.81473e-06	1.14442e-05	-158.748
1243.8124	10.879	7.257707269999999e-11	0.0	3.81473e-06	1.90736e-06	180.0
1245.3159	10.883	7.260375789999999e-11	1.90736e-05	2.00273e-05	2.19346e-05	40.104
1246.8174	10.887	7.26304431e-11	3.05178e-05	6.38966e-05	7.05724e-05	67.704
1248.3065	10.891	7.26571283e-11	-2.86104e-06	2.9564e-05	3.24252e-05	77.244
1249.81	10.895	7.26838135e-11	-4.7684e-06	4.7684e-06	3.81473e-06	35.538
1251.3284	10.899	7.27104987e-11	-2.6703e-05	2.0981e-05	2.86103e-05	108.822
1252.8326	10.903	7.27371839e-11	2.86104e-06	-2.19346e-05	2.19346e-05	-78.024
1254.5918	10.907	7.276386909999999e-11	3.81473e-06	3.05178e-05	2.86103e-05	91.434
1256.0944	10.911	7.279055429999999e-11	1.33515e-05	-2.9564e-05	3.05178e-05	-57.342
1257.5983	10.915	7.281723949999999e-11	-7.62945e-06	-9.5368e-06	1.04905e-05	-140.712
1259.0859	10.919	7.28439247e-11	4.29156e-05	3.62399e-05	5.72207e-05	33.312
1260.5883	10.923	7.28706099e-11	3.81473e-06	2.6703e-05	2.76567e-05	78.69
1262.0927	10.927	7.28972951e-11	1.23978e-05	1.04905e-05	2.19346e-05	4.764
1263.5962	10.931	7.292398029999999e-11	1.04905e-05	8.58313e-06	1.81199e-05	25.71
1265.1142	10.935	7.29506655e-11	2.57493e-05	1.71663e-05	3.24252e-05	22.716
1266.8905	10.939	7.29773507e-11	-1.52589e-05	2.57493e-05	2.9564e-05	121.704
1268.3934	10.943	7.30040359e-11	-1.62126e-05	2.00273e-05	2.28883e-05	110.136
1269.897	10.947	7.303072109999999e-11	-1.04905e-05	-5.72208e-06	5.72208e-06	-74.748
1271.3678	10.951	7.30574063e-11	-3.43325e-05	0.0	3.14715e-05	173.37
1272.8719	10.955	7.30840915e-11	-3.91009e-05	-1.52589e-05	4.57766e-05	-166.572
1274.3746	10.959	7.311077669999999e-11	-1.62126e-05	-6.67575e-06	8.58313e-06	160.02
1275.8627	10.963	7.313746189999999e-11	-3.62399e-05	-7.62945e-06	3.05178e-05	-170.31
1277.3821	10.967	7.31641471e-11	2.19346e-05	1.90736e-06	2.3842e-05	21.252
1279.1253	10.971	7.31908323e-11	-2.76567e-05	-4.48229e-05	5.0545e-05	-120.696
1280.6127	10.975	7.32175175e-11	1.14442e-05	-3.71935e-05	4.00546e-05	-67.038
1282.0993	10.979	7.32442027e-11	2.19346e-05	1.23978e-05	2.57493e-05	37.998
1283.5857	10.983	7.32708879e-11	-2.3842e-05	-1.71663e-05	2.9564e-05	-135.882
1285.0908	10.987	7.329757309999999e-11	-1.81199e-05	9.5368e-06	1.71663e-05	149.418
1286.6102	10.991	7.332425829999999e-11	3.81473e-06	-2.19346e-05	2.00273e-05	-82.65
1288.0973	10.995	7.335094349999999e-11	4.7684e-06	-7.62945e-06	1.23978e-05	-36.384
1289.5844	10.999	7.33776287e-11	2.3842e-05	1.71663e-05	3.24252e-05	29.052
1291.0882	11.003	7.34043139e-11	4.00546e-05	-1.71663e-05	3.33788e-05	-20.094
1292.5914	11.007	7.34309991e-11	1.71663e-05	6.38966e-05	6.48503e-05	72.9
1294.0938	11.011	7.34576843e-11	1.33515e-05	-1.43052e-05	2.19346e-05	-33.234
1295.6135	11.015	7.34843695e-11	-5.72208e-06	0.0	1.04905e-05	-128.994
1297.3722	11.019	7.351105469999999e-11	-9.5368e-06	-2.86104e-06	4.7684e-06	-105.252
1298.8755	11.023	7.353773989999999e-11	1.90736e-06	2.57493e-05	2.57493e-05	85.362
1300.3626	11.027	7.356442509999999e-11	-2.9564e-05	3.52862e-05	4.86376e-05	126.252
1301.8343	11.031	7.35911103e-11	-3.81473e-06	-2.28883e-05	2.19346e-05	-105.252
1303.3221	11.035	7.36177955e-11	-1.90736e-06	-2.9564e-05	2.3842e-05	-78.024
1304.7938	11.039	7.36444807e-11	-3.14715e-05	-2.0981e-05	3.33788e-05	-148.626
1306.2817	11.043	7.36711659e-11	-2.47956e-05	2.6703e-05	3.24252e-05	133.314
1307.7683	11.047	7.36978511e-11	5.72208e-06	5.24523e-05	5.43597e-05	84.426
1309.5282	11.051	7.37245363e-11	6.67575e-06	-1.81199e-05	1.90736e-05	-66.036
1311.0317	11.055	7.375122149999999e-11	-6.67575e-06	9.5368e-06	8.58313e-06	120.966
1312.551	11.059	7.377790669999999e-11	2.57493e-05	3.91009e-05	4.95913e-05	53.13
1314.0703	11.063	7.38045919e-11	2.19346e-05	-2.6703e-05	3.05178e-05	-48.12
1315.8446	11.067	7.38312771e-11	-1.33515e-05	-1.14442e-05	2.3842e-05	-147.528
1317.3644	11.071	7.38579623e-11	-1.04905e-05	-7.62945e-06	7.62945e-06	-127.878
1318.8523	11.075	7.388464749999999e-11	-2.0981e-05	2.86103e-05	3.33788e-05	107.748
1320.3389	11.079	7.39113327e-11	1.23978e-05	1.90736e-06	9.5368e-06	4.086
1321.8271	11.083	7.39380179e-11	6.67575e-06	8.58313e-06	1.14442e-05	6.342
1323.3135	11.087	7.39647031e-11	-1.81199e-05	0.0	1.90736e-05	157.518
1324.818	11.091	7.399138829999999e-11	5.72208e-06	7.62945e-06	9.5368e-06	106.392
1326.3047	11.095	7.40180735e-11	-9.5368e-06	4.48229e-05	4.38693e-05	107.574
1328.0965	11.099	7.40447587e-11	-1.14442e-05	-6.67575e-06	6.67575e-06	-52.122
1329.6151	11.103	7.407144389999999e-11	3.81472e-05	-6.67575e-06	2.86103e-05	-2.046
1331.1184	11.107	7.409812909999999e-11	8.58313e-06	3.81473e-06	1.04905e-05	56.31
1332.6226	11.111	7.41248143e-11	3.33788e-05	8.58313e-06	3.81472e-05	13.134
1334.1261	11.115	7.41514995e-11	4.38693e-05	2.19346e-05	4.76839e-05	36.87
1335.6284	11.119	7.41781847e-11	-3.14715e-05	1.90736e-06	2.86103e-05	174.144
1337.1327	11.123	7.42048699e-11	-1.90736e-05	1.90736e-06	1.52589e-05	-174.558
1338.652	11.127	7.42315551e-11	2.57493e-05	1.23978e-05	3.05178e-05	38.832
1340.4114	11.131	7.425824029999999e-11	0.0	9.5368e-06	1.04905e-05	117.9
1341.9306	11.135	7.428492549999999e-11	2.86104e-06	-2.86104e-06	5.72208e-06	-114.444
1343.417	11.139	7.431161069999999e-11	0.0	-2.9564e-05	2.6703e-05	-58.134
1344.9374	11.143	7.43382959e-11	-2.28883e-05	9.5368e-06	2.86103e-05	150.57
1346.4567	11.147	7.43649811e-11	-8.58313e-06	-2.3842e-05	2.47956e-05	-102.996
1347.9435	11.151	7.43916663e-11	-2.3842e-05	9.53682e-07	2.3842e-05	157.38
1349.4314	11.155	7.44183515e-11	-1.62126e-05	1.71663e-05	2.57493e-05	124.08
1350.9507	11.159	7.44450367e-11	-2.86104e-06	3.05178e-05	3.52862e-05	73.11
1352.4851	11.163	7.447172189999999e-11	-2.47956e-05	-1.04905e-05	3.24252e-05	174.612
1354.0053	11.167	7.449840709999999e-11	-4.10082e-05	-1.52589e-05	3.52862e-05	-147.618
1355.492	11.171	7.452509229999999e-11	9.5368e-06	-2.0981e-05	2.0981e-05	-70.974
1356.9961	11.175	7.45517775e-11	2.76567e-05	4.7684e-06	2.3842e-05	5.358
1358.7712	11.179	7.45784627e-11	1.90736e-05	-2.9564e-05	2.86103e-05	-65.43
1360.2731	11.183	7.46051479e-11	-1.62126e-05	1.23978e-05	1.52589e-05	139.086
1362.0321	11.187	7.46318331e-11	-2.6703e-05	2.19346e-05	3.52862e-05	138.714
1363.5212	11.191	7.46585183e-11	1.04905e-05	8.58313e-06	1.33515e-05	30.468
1365.0084	11.195	7.46852035e-11	-1.71663e-05	3.81473e-06	2.57493e-05	170.958
1366.5119	11.199	7.47118887e-11	4.7684e-06	-1.62126e-05	1.33515e-05	-53.13
1368.0145	11.203	7.473857389999999e-11	5.72208e-06	2.3842e-05	2.6703e-05	64.59
1369.5184	11.207	7.47652591e-11	-3.33788e-05	3.24252e-05	4.19619e-05	119.748
1371.022	11.211	7.47919443e-11	-1.71663e-05	4.57766e-05	5.0545e-05	118.2
1372.5083	11.215	7.48186295e-11	-2.00273e-05	1.23978e-05	2.47956e-05	150.804
1374.2683	11.219	7.484531469999999e-11	-8.58313e-06	1.62126e-05	1.90736e-05	108.432
1375.7878	11.223	7.48719999e-11	-7.34334e-05	3.24252e-05	6.67577e-05	155.97
1377.2912	11.227	7.48986851e-11	-4.48229e-05	1.90736e-06	4.76839e-05	169.992
1378.7935	11.231	7.49253703e-11	-1.81199e-05	-6.67575e-06	2.47956e-05	-162.408
1380.2811	11.235	7.49520555e-11	-3.14715e-05	0.0	3.71935e-05	-178.092
1381.7686	11.239	7.49787407e-11	2.57493e-05	-1.33515e-05	2.9564e-05	-40.602
1383.2568	11.243	7.50054259e-11	-2.86104e-06	6.67575e-06	6.67575e-06	135.0
1384.7435	11.247	7.503211109999999e-11	9.5368e-06	-4.10082e-05	4.19619e-05	-73.218
1386.2315	11.251	7.505879629999999e-11	8.58313e-06	3.81473e-06	1.52589e-05	27.474
1387.7496	11.255	7.50854815e-11	-3.14715e-05	1.81199e-05	3.71935e-05	153.888
1389.2383	11.259	7.51121667e-11	1.62126e-05	-9.5368e-06	1.71663e-05	-25.464
1390.7417	11.263	7.51388519e-11	1.90736e-05	-3.81473e-06	2.86103e-05	-11.31
1392.5008	11.267	7.51655371e-11	-9.5368e-06	3.81473e-06	1.04905e-05	164.052
1394.0035	11.271	7.519222230000001e-11	5.72208e-06	-9.53682e-07	8.58313e-06	36.87
1395.4906	11.275	7.521890749999999e-11	2.86103e-05	1.90736e-05	3.05178e-05	45.0
1396.9949	11.279	7.524559269999999e-11	-1.04905e-05	-1.90736e-06	3.81473e-06	116.562
1398.4972	11.283	7.527227789999999e-11	1.62126e-05	6.67575e-06	1.52589e-05	12.804
1399.9846	11.287	7.52989631e-11	-1.90736e-06	-1.81199e-05	1.90736e-05	-101.31
1401.505	11.291	7.53256483e-11	-2.47956e-05	-2.28883e-05	3.71935e-05	-142.206
1403.0235	11.295	7.53523335e-11	1.52589e-05	-4.7684e-06	1.71663e-05	-2.292
1404.7835	11.299	7.53790187e-11	-1.71663e-05	-1.43052e-05	1.71663e-05	-124.38
1406.287	11.303	7.54057039e-11	8.58313e-06	3.05178e-05	3.24252e-05	62.904
1407.7735	11.307	7.54323891e-11	-1.71663e-05	4.19619e-05	4.57766e-05	116.562
1409.2615	11.311	7.545907429999999e-11	-9.5368e-06	-2.28883e-05	2.6703e-05	-106.116
1410.7484	11.315	7.548575949999999e-11	-5.72207e-05	5.72208e-06	5.24523e-05	174.738
1412.2525	11.319	7.55124447e-11	2.6703e-05	3.81473e-06	2.86103e-05	18.036
1413.7384	11.323	7.55391299e-11	9.53682e-07	-3.91009e-05	3.91009e-05	-81.324
1415.2274	11.327	7.55658151e-11	-2.00273e-05	3.81473e-06	1.52589e-05	147.096
1416.9858	11.331	7.559250029999999e-11	1.90736e-05	2.3842e-05	2.57493e-05	69.624
1418.4732	11.335	7.56191855e-11	1.71663e-05	-2.28883e-05	2.86103e-05	-62.88
1419.9772	11.339	7.56458707e-11	2.3842e-05	-3.62399e-05	4.57766e-05	-76.716
1421.4793	11.343	7.56725559e-11	1.90736e-06	-5.72208e-06	3.81473e-06	-11.31
1422.9824	11.347	7.56992411e-11	-1.90736e-06	1.90736e-06	7.62945e-06	157.38
1424.4873	11.351	7.57259263e-11	3.81473e-06	0.0	3.81473e-06	127.878
1425.9737	11.355	7.57526115e-11	-1.14442e-05	2.57493e-05	2.57493e-05	103.626
1427.7335	11.359	7.57792967e-11	4.7684e-06	1.23978e-05	1.62126e-05	67.83
1429.2367	11.363	7.580598189999999e-11	1.43052e-05	6.67575e-06	1.43052e-05	53.616
1430.7396	11.367	7.58326671e-11	-1.33515e-05	1.33515e-05	1.62126e-05	114.228
1432.2431	11.371	7.58593523e-11	-3.81473e-06	1.43052e-05	1.90736e-05	130.032
1433.7475	11.375	7.58860375e-11	1.33515e-05	-9.5368e-06	1.52589e-05	-53.616
1435.5068	11.379	7.59127227e-11	5.72208e-06	-2.6703e-05	2.86103e-05	-73.884
1436.9934	11.383	7.59394079e-11	1.43052e-05	-1.71663e-05	2.19346e-05	-55.842
1438.4642	11.387	7.59660931e-11	1.33515e-05	5.43597e-05	5.72207e-05	74.232
1440.2083	11.391	7.599277829999999e-11	6.67575e-06	-1.33515e-05	1.23978e-05	-90.0
1441.6963	11.395	7.601946349999999e-11	3.81473e-06	1.04905e-05	1.23978e-05	69.774
1443.1818	11.399	7.604614869999999e-11	0.0	5.53133e-05	5.24523e-05	83.244
1444.6709	11.403	7.60728339e-11	3.05178e-05	3.71935e-05	4.76839e-05	46.17
1446.1903	11.407	7.60995191e-11	-3.33788e-05	-1.04905e-05	3.62399e-05	-159.678
1447.9647	11.411	7.61262043e-11	1.04905e-05	1.90736e-05	1.90736e-05	80.538
1449.4684	11.415	7.61528895e-11	3.81473e-06	4.00546e-05	4.10082e-05	74.178
1450.9723	11.419	7.61795747e-11	3.91009e-05	-6.67575e-06	3.52862e-05	3.3
1452.4756	11.423	7.620625989999999e-11	-2.76567e-05	4.48229e-05	5.24523e-05	118.494
1453.9619	11.427	7.623294509999999e-11	9.5368e-06	2.19346e-05	2.28883e-05	45.0
1455.4663	11.431	7.625963029999999e-11	2.19346e-05	1.90736e-05	2.57493e-05	37.182
1456.9535	11.435	7.62863155e-11	1.33515e-05	2.86103e-05	3.81472e-05	52.548
1458.4234	11.439	7.63130007e-11	2.00273e-05	7.91554e-05	7.72481e-05	72.9
1459.9283	11.443	7.63396859e-11	1.90736e-06	1.90736e-05	2.28883e-05	41.634
1461.416	11.447	7.636637109999999e-11	2.6703e-05	9.5368e-06	2.19346e-05	36.468
1462.9354	11.451	7.63930563e-11	-2.57493e-05	-1.04905e-05	4.86376e-05	-173.502
1464.4383	11.455	7.64197415e-11	-3.81473e-06	-2.86104e-06	3.81473e-06	171.87
1466.1981	11.459	7.644642669999999e-11	-2.00273e-05	1.43052e-05	2.86103e-05	154.026
1467.6852	11.463	7.647311189999999e-11	-3.43325e-05	3.33788e-05	4.38693e-05	131.856
1469.1726	11.467	7.64997971e-11	-4.29156e-05	-1.62126e-05	5.14986e-05	-164.25
1470.7068	11.471	7.65264823e-11	-9.5368e-06	-1.81199e-05	1.71663e-05	-128.292
1472.2106	11.475	7.655316749999999e-11	-2.3842e-05	-2.6703e-05	3.62399e-05	-158.586
1473.7139	11.479	7.657985269999999e-11	-7.34334e-05	-1.43052e-05	7.72481e-05	-172.758
1475.2021	11.483	7.66065379e-11	-1.33515e-05	-3.24252e-05	3.05178e-05	-110.094
1476.6884	11.487	7.66332231e-11	-2.57493e-05	0.0	2.00273e-05	-169.878
1478.1927	11.491	7.66599083e-11	-1.62126e-05	-2.00273e-05	2.76567e-05	-135.972
1479.7121	11.495	7.66865935e-11	-9.5368e-06	-1.43052e-05	1.43052e-05	-135.0
1481.1984	11.499	7.67132787e-11	-1.90736e-06	-1.62126e-05	1.23978e-05	-98.13
1482.686	11.503	7.673996389999999e-11	-5.0545e-05	0.0	5.81744e-05	176.922
1484.1734	11.507	7.676664909999999e-11	8.58313e-06	-2.19346e-05	2.3842e-05	-84.426
1485.6617	11.511	7.679333429999999e-11	4.10082e-05	-1.33515e-05	4.19619e-05	-10.392
1487.181	11.515	7.68200195e-11	-9.5368e-06	1.62126e-05	2.86103e-05	141.522
1488.6995	11.519	7.68467047e-11	4.7684e-06	3.81473e-06	1.33515e-05	70.824
1490.1876	11.523	7.68733899e-11	5.43597e-05	-9.5368e-06	5.72207e-05	-13.092
1491.675	11.527	7.69000751e-11	4.38693e-05	3.05178e-05	5.24523e-05	32.244
1493.1621	11.531	7.69267603e-11	3.71935e-05	-3.81473e-06	4.10082e-05	-1.848
1494.6647	11.535	7.695344549999999e-11	2.3842e-05	-6.67575e-06	2.47956e-05	-9.69
1496.4406	11.539	7.698013069999999e-11	4.10082e-05	3.81473e-06	3.62399e-05	6.708
1497.9283	11.543	7.700681589999999e-11	4.10082e-05	7.62945e-06	3.52862e-05	8.13
1499.4476	11.547	7.70335011e-11	6.77113e-05	-3.62399e-05	7.43871e-05	-28.404
1501.2069	11.551	7.70601863e-11	-6.38966e-05	-2.0981e-05	7.05724e-05	-160.062
1502.7262	11.555	7.70868715e-11	0.0	1.90736e-06	1.90736e-06	-161.568
1504.2134	11.559	7.71135567e-11	-1.62126e-05	1.62126e-05	2.76567e-05	152.85
1505.7157	11.563	7.71402419e-11	3.91009e-05	1.90736e-05	4.29156e-05	16.074
1507.2035	11.567	7.71669271e-11	-1.71663e-05	1.90736e-05	2.28883e-05	111.504
1508.6916	11.571	7.719361229999999e-11	1.14442e-05	2.76567e-05	2.6703e-05	73.446
1510.2109	11.575	7.722029749999999e-11	-1.14442e-05	-1.04905e-05	2.3842e-05	-151.506
1511.6974	11.579	7.72469827e-11	-1.71663e-05	0.0	9.5368e-06	180.0
1513.1857	11.583	7.72736679e-11	-2.00273e-05	9.53682e-07	2.6703e-05	173.37
1514.6883	11.587	7.73003531e-11	-2.6703e-05	-5.43597e-05	5.72207e-05	-118.986
1516.1765	11.591	7.732703829999999e-11	-6.2943e-05	4.19619e-05	6.8665e-05	134.556
1517.6798	11.595	7.73537235e-11	-6.67575e-06	-7.62945e-06	9.5368e-06	-158.964
1519.455	11.599	7.73804087e-11	-4.48229e-05	1.90736e-06	3.33788e-05	166.266
1520.9584	11.603	7.74070939e-11	-3.71935e-05	-3.91009e-05	4.76839e-05	-130.236
1522.4457	11.607	7.743377909999999e-11	-4.00546e-05	-4.7684e-06	4.38693e-05	-162.096
1523.9332	11.611	7.74604643e-11	-1.62126e-05	-1.43052e-05	2.57493e-05	-147.03
1525.4363	11.615	7.74871495e-11	-1.71663e-05	-7.62945e-06	2.00273e-05	-144.864
1526.9235	11.619	7.751383469999999e-11	6.67575e-06	1.04905e-05	1.33515e-05	45.0
1528.4113	11.623	7.754051989999999e-11	1.62126e-05	4.48229e-05	4.76839e-05	70.02
1529.8983	11.627	7.75672051e-11	3.71935e-05	8.58313e-06	3.91009e-05	12.426
1531.6581	11.631	7.75938903e-11	5.72208e-06	2.19346e-05	2.28883e-05	61.26
1533.1607	11.635	7.76205755e-11	1.90736e-06	9.53682e-07	7.62945e-06	-30.258
1534.6484	11.639	7.76472607e-11	2.9564e-05	-3.43325e-05	4.38693e-05	-38.106
1536.1361	11.643	7.76739459e-11	3.33788e-05	1.14442e-05	3.91009e-05	15.57
1537.6384	11.647	7.770063109999999e-11	3.33788e-05	0.0	2.6703e-05	21.45
1539.4307	11.651	7.772731629999999e-11	9.5368e-06	1.81199e-05	2.00273e-05	91.734
1540.9328	11.655	7.775400149999999e-11	2.3842e-05	1.04905e-05	2.00273e-05	46.272
1542.4365	11.659	7.77806867e-11	2.57493e-05	8.58313e-06	3.05178e-05	14.322