Time (s) 	 Position (mm) 	 Delay (s) 	 X 	 Y 	 R 	 theta 
#Without Preamplifier,Fluence with Filter (NE07A-B), ZnTe detector angle 40deg, Chopper 230Hz, time constant=0.1s 18dB, waiting time= 0.9s, sensitivity=20mV
1.4951	7.85	5.2369704999999994e-11	2.28883e-05	-1.52589e-05	1.62126e-05	-43.152
3.0781	7.854	5.23963902e-11	8.58313e-06	9.53682e-07	1.23978e-05	2.724
4.8222	7.858	5.2423075399999997e-11	-2.86104e-06	1.90736e-05	1.71663e-05	98.13
6.2931	7.862	5.2449760599999995e-11	-7.62945e-06	1.71663e-05	1.23978e-05	112.62
7.7806	7.866	5.247644579999999e-11	1.71663e-05	-2.28883e-05	3.05178e-05	-50.04
9.2673	7.87	5.2503131e-11	2.00273e-05	1.14442e-05	1.90736e-05	68.196
10.7561	7.874	5.2529816199999996e-11	-6.67575e-06	-1.52589e-05	1.81199e-05	-136.332
12.2424	7.878	5.25565014e-11	-1.14442e-05	-8.58313e-06	1.62126e-05	-137.862
13.7309	7.882	5.258318659999999e-11	1.33515e-05	2.3842e-05	2.47956e-05	64.884
15.2333	7.886	5.26098718e-11	8.58313e-06	-4.7684e-06	1.52589e-05	-6.342
17.0085	7.89	5.2636556999999995e-11	8.58313e-06	1.90736e-05	1.71663e-05	64.98
18.4801	7.894	5.26632422e-11	-2.86104e-06	1.90736e-05	1.71663e-05	83.16
20.2561	7.898	5.26899274e-11	1.04905e-05	2.86104e-06	7.62945e-06	-67.38
21.7585	7.902	5.2716612599999996e-11	1.62126e-05	-9.53682e-07	9.5368e-06	12.996
23.2295	7.906	5.2743297799999994e-11	1.23978e-05	2.19346e-05	2.00273e-05	64.44
24.7173	7.91	5.2769983e-11	-2.47956e-05	-4.48229e-05	5.6267e-05	-132.228
26.2055	7.914	5.27966682e-11	-2.47956e-05	1.62126e-05	2.76567e-05	135.0
27.7084	7.918	5.2823353399999995e-11	3.81473e-06	-3.24252e-05	3.24252e-05	-78.462
29.1954	7.922	5.2850038599999994e-11	5.72207e-05	-2.9564e-05	6.8665e-05	-25.344
30.6828	7.926	5.28767238e-11	-2.57493e-05	0.0	2.76567e-05	-170.754
32.4256	7.93	5.2903408999999996e-11	-1.71663e-05	-4.7684e-06	2.0981e-05	-169.692
33.9129	7.934	5.29300942e-11	-2.19346e-05	-9.5368e-06	1.43052e-05	-109.29
35.656	7.938	5.295677939999999e-11	-4.7684e-06	-1.71663e-05	1.62126e-05	-102.264
37.1432	7.942	5.29834646e-11	1.62126e-05	6.8665e-05	7.1526e-05	66.588
38.6473	7.946	5.3010149799999996e-11	3.14715e-05	-3.33788e-05	4.19619e-05	-56.058
40.135	7.95	5.3036835e-11	2.19346e-05	2.0981e-05	2.76567e-05	47.202
41.6385	7.954	5.30635202e-11	8.58313e-06	8.58313e-06	1.04905e-05	12.996
43.1412	7.958	5.3090205399999997e-11	9.5368e-06	-1.04905e-05	1.04905e-05	-40.602
44.63	7.962	5.3116890599999995e-11	-6.67575e-06	-6.5804e-05	6.67577e-05	-85.146
46.1166	7.966	5.31435758e-11	2.86104e-06	-1.33515e-05	1.52589e-05	-80.538
47.8766	7.97	5.3170261e-11	-2.76567e-05	-2.00273e-05	3.52862e-05	-138.714
49.3641	7.974	5.3196946199999996e-11	1.71663e-05	4.95913e-05	5.0545e-05	65.226
51.1222	7.978	5.3223631399999994e-11	1.33515e-05	-9.53682e-07	2.19346e-05	-14.382
52.5947	7.982	5.32503166e-11	0.0	4.76839e-05	4.76839e-05	90.816
54.0803	7.986	5.32770018e-11	0.0	-1.71663e-05	1.23978e-05	-82.404
55.5685	7.99	5.3303687e-11	1.71663e-05	-3.81473e-06	2.3842e-05	-13.668
57.0567	7.994	5.3330372199999993e-11	-9.53682e-07	1.23978e-05	1.52589e-05	77.472
58.5593	7.998	5.33570574e-11	-1.14442e-05	3.05178e-05	3.14715e-05	100.842
60.0473	8.002	5.33837426e-11	8.58313e-06	-9.53682e-07	9.5368e-06	21.804
61.5341	8.006	5.34104278e-11	-2.28883e-05	8.58313e-06	2.19346e-05	168.312
63.3095	8.01	5.343711299999999e-11	1.62126e-05	9.5368e-06	2.0981e-05	20.136
64.8123	8.014	5.346379819999999e-11	4.67303e-05	-1.04905e-05	4.00546e-05	-23.862
66.2999	8.018	5.34904834e-11	-2.00273e-05	-4.57766e-05	4.67303e-05	-125.34
67.7874	8.022	5.35171686e-11	-3.81472e-05	-9.5368e-06	4.38693e-05	-162.6
69.2915	8.026	5.35438538e-11	-2.19346e-05	-1.23978e-05	1.52589e-05	-165.066
70.7935	8.03	5.357053899999999e-11	1.90736e-06	-3.81473e-06	5.72208e-06	-32.472
72.2965	8.034	5.35972242e-11	6.67575e-06	1.52589e-05	1.81199e-05	66.036
74.0574	8.038	5.36239094e-11	-3.62399e-05	-1.23978e-05	3.24252e-05	-164.406
75.545	8.042	5.36505946e-11	-3.05178e-05	9.5368e-06	3.52862e-05	163.494
77.0319	8.046	5.3677279799999996e-11	-2.00273e-05	-3.43325e-05	4.38693e-05	-145.206
78.5347	8.05	5.3703965e-11	3.81473e-06	-2.00273e-05	2.28883e-05	-72.03
80.0222	8.054	5.37306502e-11	-3.14715e-05	-2.0981e-05	3.05178e-05	-135.936
81.8134	8.058	5.37573354e-11	1.04905e-05	-2.86103e-05	2.76567e-05	-72.072
83.3172	8.062	5.3784020599999995e-11	-1.81199e-05	2.19346e-05	2.47956e-05	107.928
84.8043	8.066	5.38107058e-11	1.71663e-05	-1.90736e-06	1.23978e-05	-16.392
86.3081	8.07	5.3837391e-11	1.90736e-05	1.52589e-05	2.86103e-05	41.532
87.7959	8.074	5.3864076199999996e-11	-2.86104e-06	9.53682e-07	3.81473e-06	159.444
89.5545	8.078	5.3890761399999994e-11	-1.04905e-05	1.71663e-05	1.71663e-05	82.146
91.0265	8.082	5.39174466e-11	-5.72207e-05	-3.81473e-06	4.67303e-05	180.0
92.5124	8.086	5.39441318e-11	-2.47956e-05	-7.24797e-05	7.82018e-05	-112.248
94.2881	8.09	5.3970816999999995e-11	2.86104e-06	-1.43052e-05	1.14442e-05	-60.948
95.7765	8.094	5.3997502199999994e-11	-4.7684e-06	-1.62126e-05	1.52589e-05	-114.228
97.2793	8.098	5.4024187400000005e-11	-1.81199e-05	-3.14715e-05	3.91009e-05	-116.994
98.7985	8.102	5.4050872599999997e-11	-1.62126e-05	-3.81473e-06	9.5368e-06	-138.816
100.2856	8.106	5.4077557799999995e-11	-2.86103e-05	2.19346e-05	3.62399e-05	142.308
102.046	8.11	5.410424299999999e-11	-3.81473e-06	-2.6703e-05	2.57493e-05	-80.31
103.5322	8.114	5.4130928200000004e-11	2.28883e-05	-1.33515e-05	1.90736e-05	-33.024
105.0366	8.118	5.41576134e-11	1.33515e-05	-1.71663e-05	2.19346e-05	-54.864
106.5399	8.122	5.4184298599999994e-11	-1.14442e-05	-6.67575e-06	8.58313e-06	-98.748
108.0273	8.126	5.421098379999999e-11	3.71935e-05	0.0	3.62399e-05	-4.236
109.5308	8.13	5.4237669000000003e-11	-1.81199e-05	-5.72208e-06	1.81199e-05	-164.58
111.034	8.134	5.42643542e-11	2.86103e-05	9.53682e-07	1.90736e-05	0.0
112.7915	8.138	5.42910394e-11	9.53682e-07	-2.3842e-05	2.28883e-05	-88.362
114.2792	8.142	5.431772459999999e-11	-2.28883e-05	-6.67575e-06	2.57493e-05	-164.25
115.7992	8.146	5.43444098e-11	-2.00273e-05	6.67575e-06	1.81199e-05	-171.252
117.3022	8.15	5.4371095e-11	9.5368e-06	-1.14442e-05	1.23978e-05	-95.712
118.7908	8.154	5.43977802e-11	-2.86104e-06	7.62945e-06	1.04905e-05	111.804
120.5485	8.158	5.442446539999999e-11	0.0	-2.86104e-06	1.23978e-05	-70.2
122.0522	8.162	5.44511506e-11	-1.71663e-05	4.48229e-05	4.67303e-05	100.524
123.5408	8.166	5.44778358e-11	1.23978e-05	2.86104e-06	1.04905e-05	37.878
125.3	8.17	5.4504521e-11	0.0	-2.0981e-05	1.90736e-05	-110.772
126.8021	8.174	5.4531206199999996e-11	1.23978e-05	0.0	9.5368e-06	64.98
128.2908	8.178	5.45578914e-11	8.58313e-06	-4.7684e-06	8.58313e-06	-139.086
129.7773	8.182	5.45845766e-11	-7.62945e-06	1.33515e-05	1.71663e-05	126.87
131.2815	8.186	5.46112618e-11	1.23978e-05	1.52589e-05	2.19346e-05	54.864
132.7999	8.19	5.4637946999999996e-11	1.90736e-06	3.24252e-05	3.24252e-05	78.462
134.3201	8.194	5.46646322e-11	-2.86104e-06	3.81472e-05	3.43325e-05	107.652
135.8235	8.198	5.46913174e-11	7.62945e-06	-1.04905e-05	8.58313e-06	-29.052
137.2949	8.202	5.4718002599999997e-11	1.43052e-05	9.5368e-06	1.90736e-05	43.83
138.7812	8.206	5.4744687799999995e-11	-1.81199e-05	1.23978e-05	1.62126e-05	127.878
140.2536	8.21	5.4771373000000006e-11	-3.33788e-05	-1.62126e-05	3.71935e-05	-150.378
141.7402	8.214	5.47980582e-11	2.19346e-05	-3.14715e-05	3.33788e-05	-69.72
143.4842	8.218	5.4824743399999996e-11	1.52589e-05	-3.33788e-05	3.14715e-05	-69.906
144.9873	8.222	5.4851428599999994e-11	-1.43052e-05	-1.23978e-05	2.47956e-05	-145.494
146.4906	8.226	5.4878113800000005e-11	0.0	2.00273e-05	1.90736e-05	111.45
147.9937	8.23	5.4904799e-11	1.90736e-06	5.72208e-06	8.58313e-06	137.49
149.4813	8.234	5.4931484199999995e-11	-2.00273e-05	7.62945e-06	2.28883e-05	160.02
150.9849	8.238	5.4958169399999993e-11	7.62945e-06	3.24252e-05	3.62399e-05	75.006
152.4716	8.242	5.4984854600000005e-11	-4.7684e-06	2.00273e-05	2.19346e-05	135.0
153.9596	8.246	5.50115398e-11	-4.7684e-06	4.38693e-05	4.76839e-05	99.21
155.7189	8.25	5.5038224999999995e-11	-2.28883e-05	1.33515e-05	2.76567e-05	156.972
157.2222	8.254	5.506491019999999e-11	-4.00546e-05	1.33515e-05	3.62399e-05	156.948
158.7085	8.258	5.509159539999999e-11	3.24252e-05	-1.14442e-05	3.05178e-05	-36.12
160.197	8.262	5.51182806e-11	2.6703e-05	3.52862e-05	4.38693e-05	52.596
161.7003	8.266	5.51449658e-11	3.05178e-05	1.90736e-06	2.76567e-05	15.378
163.474	8.27	5.517165099999999e-11	-3.81472e-05	1.04905e-05	3.52862e-05	151.476
164.9455	8.274	5.519833619999999e-11	1.52589e-05	-2.76567e-05	2.9564e-05	-60.42
166.4504	8.278	5.52250214e-11	-3.24252e-05	-1.62126e-05	3.05178e-05	-149.742
167.9373	8.282	5.52517066e-11	1.23978e-05	-9.53682e-07	1.62126e-05	-12.096
169.425	8.286	5.527839179999999e-11	-2.47956e-05	-2.3842e-05	2.76567e-05	-123.69
170.9278	8.29	5.530507699999999e-11	-1.14442e-05	-2.86104e-06	1.62126e-05	-150.75
172.4473	8.294	5.53317622e-11	-1.71663e-05	1.23978e-05	2.19346e-05	133.782
174.1893	8.298	5.53584474e-11	-2.9564e-05	-4.38693e-05	5.24523e-05	-119.478
175.6943	8.302	5.53851326e-11	-4.7684e-06	-1.52589e-05	1.43052e-05	-100.782
177.1967	8.306	5.541181779999999e-11	-2.28883e-05	8.58313e-06	2.28883e-05	158.496
178.685	8.31	5.5438503e-11	3.52862e-05	1.62126e-05	4.67303e-05	14.226
180.1722	8.314	5.54651882e-11	-1.33515e-05	-2.6703e-05	2.57493e-05	-102.996
181.947	8.318	5.5491873399999996e-11	-3.91009e-05	3.52862e-05	4.57766e-05	128.958
183.4352	8.322	5.5518558599999994e-11	-5.6267e-05	1.14442e-05	5.14986e-05	166.89
184.9546	8.326	5.55452438e-11	7.62945e-06	-6.67575e-06	1.52589e-05	-30.582
186.7135	8.33	5.5571929e-11	1.04905e-05	6.67575e-06	1.33515e-05	30.066
188.2476	8.334	5.5598614199999995e-11	-6.67575e-06	-2.86104e-06	8.58313e-06	9.462
189.7195	8.338	5.5625299399999994e-11	1.62126e-05	1.71663e-05	2.19346e-05	65.856
191.2229	8.342	5.56519846e-11	9.5368e-06	-4.7684e-06	1.23978e-05	-19.29
192.6943	8.346	5.5678669799999997e-11	-3.43325e-05	1.04905e-05	2.86103e-05	157.932
194.4707	8.35	5.5705354999999995e-11	-2.86104e-06	-4.7684e-06	6.67575e-06	-77.472
195.9573	8.354	5.573204019999999e-11	3.24252e-05	1.90736e-06	3.24252e-05	5.946
197.4455	8.358	5.57587254e-11	-2.57493e-05	-5.72208e-06	2.47956e-05	-174.144
198.9322	8.362	5.5785410599999996e-11	1.71663e-05	-2.47956e-05	2.76567e-05	-68.46
200.4354	8.366	5.5812095799999994e-11	1.62126e-05	-2.28883e-05	3.24252e-05	-40.974
201.9385	8.37	5.583878099999999e-11	-9.53682e-07	0.0	5.72208e-06	116.562
203.4248	8.374	5.5865466200000003e-11	2.28883e-05	-1.62126e-05	3.52862e-05	-18.102
205.186	8.378	5.5892151399999995e-11	1.81199e-05	1.43052e-05	2.28883e-05	36.156
206.6885	8.382	5.5918836599999993e-11	1.90736e-06	7.62945e-06	7.62945e-06	143.13
208.1922	8.386	5.594552179999999e-11	-3.81473e-06	4.7684e-06	1.23978e-05	146.886
209.7115	8.39	5.5972207e-11	5.72208e-06	2.6703e-05	3.43325e-05	48.714
211.1995	8.394	5.59988922e-11	1.90736e-06	8.58313e-06	6.67575e-06	98.13
212.9579	8.398	5.602557739999999e-11	-4.7684e-06	-3.43325e-05	3.52862e-05	-105.348
214.4621	8.402	5.605226259999999e-11	2.57493e-05	-1.52589e-05	2.57493e-05	-45.0
215.9329	8.406	5.60789478e-11	9.5368e-06	0.0	5.72208e-06	0.0
217.6922	8.41	5.6105633e-11	-1.14442e-05	2.00273e-05	2.0981e-05	99.162
219.1798	8.414	5.61323182e-11	-2.3842e-05	-1.62126e-05	2.28883e-05	-120.378
220.6824	8.418	5.615900339999999e-11	-2.3842e-05	-5.72208e-06	2.3842e-05	-147.996
222.1867	8.422	5.61856886e-11	-4.7684e-06	2.00273e-05	2.0981e-05	124.212
223.69	8.426	5.62123738e-11	-2.47956e-05	1.71663e-05	3.62399e-05	155.64
225.4485	8.43	5.6239059e-11	3.71935e-05	2.19346e-05	4.38693e-05	39.054
226.9516	8.434	5.626574419999999e-11	1.62126e-05	-3.52862e-05	3.71935e-05	-56.31
228.4402	8.438	5.62924294e-11	-1.81199e-05	2.6703e-05	3.05178e-05	119.58
229.9273	8.442	5.63191146e-11	-4.7684e-06	2.28883e-05	2.3842e-05	94.638
231.415	8.446	5.6345799799999997e-11	3.52862e-05	5.72208e-06	2.76567e-05	16.392
232.933	8.45	5.6372484999999995e-11	-4.7684e-06	-1.81199e-05	2.0981e-05	-101.976
234.4527	8.454	5.63991702e-11	-1.90736e-05	-2.3842e-05	2.9564e-05	-131.31
236.2122	8.458	5.64258554e-11	4.95913e-05	2.57493e-05	6.19893e-05	21.69
237.7002	8.462	5.6452540599999996e-11	-2.19346e-05	-1.14442e-05	2.19346e-05	-152.592
239.1873	8.466	5.6479225799999994e-11	-4.48229e-05	3.81473e-06	3.91009e-05	178.992
240.707	8.47	5.6505911e-11	-2.28883e-05	-9.5368e-06	3.43325e-05	-159.444
242.2103	8.474	5.65325962e-11	-2.00273e-05	1.33515e-05	3.14715e-05	160.116
243.9694	8.478	5.6559281399999995e-11	5.72208e-06	3.71935e-05	3.91009e-05	75.966
245.4889	8.482	5.6585966599999993e-11	1.04905e-05	-2.86104e-06	8.58313e-06	-18.432
246.9922	8.486	5.6612651800000005e-11	-2.76567e-05	-1.81199e-05	3.05178e-05	-145.98
248.7509	8.49	5.6639336999999996e-11	0.0	2.19346e-05	2.57493e-05	90.0
250.238	8.494	5.6666022199999995e-11	-9.5368e-06	-1.90736e-06	3.81473e-06	-161.568
251.7735	8.498	5.669270739999999e-11	-3.43325e-05	-3.81473e-06	2.86103e-05	-153.438
253.2615	8.502	5.6719392600000004e-11	4.48229e-05	3.81473e-06	5.0545e-05	2.862
254.7486	8.506	5.6746077799999996e-11	2.9564e-05	-4.7684e-06	3.24252e-05	-14.856
256.5073	8.51	5.6772762999999994e-11	-6.67575e-06	-2.86104e-06	5.72208e-06	-135.0
257.9957	8.514	5.679944819999999e-11	-9.5368e-06	9.5368e-06	1.52589e-05	154.656
259.4985	8.518	5.68261334e-11	2.47956e-05	1.33515e-05	3.14715e-05	35.94
261.0341	8.522	5.68528186e-11	6.67575e-06	1.04905e-05	1.04905e-05	26.562
262.5217	8.526	5.687950379999999e-11	2.28883e-05	4.19619e-05	4.86376e-05	71.568
264.0251	8.53	5.690618899999999e-11	1.71663e-05	1.90736e-06	9.5368e-06	37.878
265.5273	8.534	5.69328742e-11	-3.05178e-05	-4.7684e-06	2.3842e-05	176.532
267.3038	8.538	5.69595594e-11	1.23978e-05	-3.71935e-05	3.91009e-05	-66.036
268.7911	8.542	5.69862446e-11	8.58313e-06	-1.81199e-05	2.19346e-05	-52.122
270.2947	8.546	5.701292979999999e-11	2.3842e-05	-9.5368e-06	1.90736e-05	-38.994
271.814	8.55	5.7039615e-11	-1.04905e-05	-2.28883e-05	2.57493e-05	-106.818
273.3014	8.554	5.70663002e-11	3.62399e-05	3.24252e-05	4.29156e-05	52.764
275.0607	8.558	5.70929854e-11	-3.81473e-06	-2.00273e-05	2.19346e-05	-105.522
276.5312	8.562	5.711967059999999e-11	-3.52862e-05	-5.72208e-06	3.33788e-05	-174.174
278.0194	8.566	5.71463558e-11	1.90736e-06	1.90736e-05	1.90736e-05	63.438
279.5221	8.57	5.7173041e-11	3.43325e-05	-1.62126e-05	4.19619e-05	-26.964
281.0255	8.574	5.71997262e-11	2.86104e-06	-3.62399e-05	3.33788e-05	-60.708
282.7685	8.578	5.7226411399999995e-11	9.53682e-07	1.33515e-05	1.23978e-05	70.56
284.2567	8.582	5.72530966e-11	-9.53682e-07	-7.62945e-06	8.58313e-06	-61.698
285.7441	8.586	5.72797818e-11	-1.14442e-05	4.19619e-05	4.67303e-05	107.214
287.5026	8.59	5.7306466999999997e-11	-5.72208e-06	3.05178e-05	3.14715e-05	86.496
288.9909	8.594	5.7333152199999995e-11	-3.71935e-05	2.9564e-05	4.19619e-05	141.792
290.4773	8.598	5.73598374e-11	6.67575e-06	1.90736e-05	2.28883e-05	69.624
291.9652	8.602	5.73865226e-11	-2.6703e-05	0.0	2.19346e-05	-169.878
293.435	8.606	5.7413207799999996e-11	0.0	-3.91009e-05	3.91009e-05	-100.92
295.2121	8.61	5.7439892999999994e-11	3.81472e-05	-2.28883e-05	4.38693e-05	-31.548
296.7156	8.614	5.7466578200000005e-11	-7.62945e-06	-2.57493e-05	3.05178e-05	-121.374
298.2022	8.618	5.74932634e-11	-6.67575e-06	-1.33515e-05	1.23978e-05	-137.724
299.6895	8.622	5.7519948599999995e-11	8.58313e-06	-9.5368e-06	1.23978e-05	-43.026
301.1773	8.626	5.7546633799999993e-11	1.04905e-05	-4.7684e-06	2.19346e-05	-4.29
302.6643	8.63	5.7573319000000004e-11	1.23978e-05	1.62126e-05	2.28883e-05	48.24
304.1522	8.634	5.7600004199999996e-11	5.72208e-06	2.47956e-05	2.76567e-05	54.462
305.9273	8.638	5.7626689399999994e-11	-4.7684e-06	5.72207e-05	5.9128e-05	82.044
307.4471	8.642	5.765337459999999e-11	0.0	-1.14442e-05	1.04905e-05	-5.196
308.9505	8.646	5.7680059800000004e-11	-9.5368e-06	-1.33515e-05	1.33515e-05	-83.16
310.4366	8.65	5.7706745e-11	-4.48229e-05	1.04905e-05	4.48229e-05	167.844
311.9253	8.654	5.7733430199999994e-11	1.62126e-05	-9.5368e-06	2.3842e-05	-25.278
313.6673	8.658	5.776011539999999e-11	5.24523e-05	-1.14442e-05	5.3406e-05	-9.342
315.155	8.662	5.77868006e-11	1.04905e-05	-1.71663e-05	2.19346e-05	-51.84
316.6419	8.666	5.78134858e-11	-6.67575e-06	-7.62945e-06	1.23978e-05	-125.838
318.3864	8.67	5.7840171e-11	-2.47956e-05	-1.52589e-05	2.86103e-05	-153.438
319.8735	8.674	5.786685619999999e-11	3.05178e-05	-3.43325e-05	4.38693e-05	-53.652
321.3766	8.678	5.78935414e-11	-9.5368e-06	-2.9564e-05	2.76567e-05	-94.29
322.8645	8.682	5.79202266e-11	-4.7684e-06	1.33515e-05	1.43052e-05	87.51
324.3509	8.686	5.79469118e-11	-2.76567e-05	3.91009e-05	5.0545e-05	125.706
326.1272	8.69	5.7973596999999997e-11	-2.9564e-05	-2.86104e-06	2.3842e-05	-171.12
327.6305	8.694	5.80002822e-11	3.81473e-06	9.53682e-07	8.58313e-06	42.51
329.1171	8.698	5.80269674e-11	-4.19619e-05	9.5368e-06	3.71935e-05	167.004
330.6051	8.702	5.80536526e-11	4.76839e-05	7.62945e-06	4.57766e-05	12.336
332.1074	8.706	5.8080337799999996e-11	4.76839e-05	2.28883e-05	5.43597e-05	21.402
333.596	8.71	5.8107023e-11	1.23978e-05	-2.28883e-05	2.28883e-05	-69.864
335.0817	8.714	5.81337082e-11	5.72208e-06	3.81473e-06	7.62945e-06	50.712
336.8265	8.718	5.81603934e-11	-4.38693e-05	0.0	4.00546e-05	163.662
338.2973	8.722	5.8187078599999995e-11	-1.71663e-05	-4.7684e-06	1.52589e-05	-144.462
339.7854	8.726	5.82137638e-11	0.0	1.62126e-05	1.81199e-05	64.29
341.3035	8.73	5.8240449e-11	8.58313e-06	1.90736e-06	1.71663e-05	-4.902
342.7755	8.734	5.82671342e-11	-9.5368e-06	-9.53682e-07	1.71663e-05	180.0
344.5194	8.738	5.829381939999999e-11	-5.3406e-05	1.14442e-05	5.14986e-05	171.546
346.0066	8.742	5.83205046e-11	2.0981e-05	3.81473e-06	2.28883e-05	9.726
347.4941	8.746	5.83471898e-11	3.81473e-06	-7.62945e-06	8.58313e-06	-29.358
349.2522	8.75	5.8373875e-11	4.67303e-05	2.86104e-06	5.24523e-05	9.924
350.724	8.754	5.84005602e-11	8.58313e-06	2.57493e-05	2.86103e-05	66.45
352.2442	8.758	5.842724539999999e-11	1.04905e-05	-3.81473e-06	1.04905e-05	-34.506
353.7304	8.762	5.84539306e-11	9.53682e-07	1.14442e-05	1.23978e-05	66.798
355.2189	8.766	5.84806158e-11	5.72208e-06	-9.53682e-07	3.81473e-06	32.004
356.9773	8.77	5.8507301e-11	3.24252e-05	-2.19346e-05	3.71935e-05	-32.322
358.4816	8.774	5.853398619999998e-11	0.0	2.57493e-05	2.76567e-05	108.852
359.968	8.778	5.85606714e-11	-2.86104e-06	-1.52589e-05	1.23978e-05	-120.966
361.4873	8.782	5.85873566e-11	-2.9564e-05	-1.43052e-05	3.24252e-05	-163.908
362.9905	8.786	5.861404179999999e-11	-4.7684e-06	-7.62945e-06	4.7684e-06	173.658
364.5109	8.79	5.864072699999999e-11	2.3842e-05	2.86104e-06	1.62126e-05	29.478
366.0134	8.794	5.86674122e-11	1.33515e-05	-8.58313e-06	1.52589e-05	-27.756
367.5017	8.798	5.86940974e-11	6.67575e-06	-2.00273e-05	2.19346e-05	-73.812
368.9891	8.802	5.87207826e-11	4.29156e-05	5.9128e-05	7.53407e-05	54.12
370.4765	8.806	5.87474678e-11	-1.71663e-05	4.00546e-05	4.19619e-05	114.144
371.964	8.81	5.8774153e-11	2.19346e-05	-7.62945e-06	2.47956e-05	-4.638
373.4822	8.814	5.880083819999999e-11	3.81473e-06	8.58313e-06	8.58313e-06	102.996
375.2423	8.818	5.882752339999999e-11	1.33515e-05	-6.67575e-06	1.43052e-05	-27.642
376.7619	8.822	5.885420859999999e-11	-3.81473e-06	9.53682e-07	3.81473e-06	30.258
378.2654	8.826	5.88808938e-11	-1.14442e-05	9.5368e-06	1.04905e-05	-176.634
380.0246	8.83	5.8907579e-11	1.52589e-05	2.57493e-05	3.24252e-05	58.842
381.5111	8.834	5.89342642e-11	9.53682e-07	1.43052e-05	1.43052e-05	92.724
382.9985	8.838	5.89609494e-11	1.81199e-05	2.0981e-05	2.19346e-05	53.532
384.4867	8.842	5.89876346e-11	-2.00273e-05	0.0	2.47956e-05	-170.31
385.9735	8.846	5.901431979999999e-11	9.53682e-07	3.71935e-05	3.71935e-05	93.18
387.748	8.85	5.904100499999999e-11	6.67575e-06	1.04905e-05	1.52589e-05	43.266
389.2366	8.854	5.906769019999999e-11	1.04905e-05	7.62945e-06	8.58313e-06	71.568
390.7232	8.858	5.90943754e-11	-6.67575e-06	1.71663e-05	2.00273e-05	135.0
392.2112	8.862	5.91210606e-11	-1.33515e-05	-1.43052e-05	2.19346e-05	-130.236
393.6987	8.866	5.91477458e-11	5.72208e-06	1.52589e-05	1.62126e-05	60.522
395.1841	8.87	5.917443099999999e-11	-6.67575e-06	2.86104e-06	8.58313e-06	128.16
396.6724	8.874	5.92011162e-11	1.52589e-05	-1.43052e-05	2.57493e-05	-47.49
398.1768	8.878	5.92278014e-11	5.24523e-05	-6.67575e-06	5.43597e-05	-2.79
399.6802	8.882	5.92544866e-11	1.23978e-05	1.04905e-05	1.14442e-05	86.424
401.1994	8.886	5.928117179999999e-11	-3.81472e-05	9.5368e-06	3.05178e-05	143.88
402.6696	8.89	5.9307857e-11	2.19346e-05	-4.67303e-05	5.0545e-05	-66.114
404.1567	8.894	5.93345422e-11	-5.72208e-06	-1.81199e-05	2.0981e-05	-116.562
405.9325	8.898	5.93612274e-11	-2.47956e-05	-2.28883e-05	3.33788e-05	-122.226
407.4673	8.902	5.938791259999999e-11	-7.62945e-06	2.86104e-06	1.04905e-05	135.0
408.9561	8.906	5.94145978e-11	3.05178e-05	-1.43052e-05	3.05178e-05	-28.302
410.7155	8.91	5.9441283e-11	-1.43052e-05	-1.43052e-05	1.71663e-05	-124.284
412.2188	8.914	5.94679682e-11	-6.67575e-06	2.6703e-05	2.86103e-05	99.042
413.7048	8.918	5.94946534e-11	-1.81199e-05	0.0	1.43052e-05	152.1
415.2095	8.922	5.95213386e-11	1.90736e-06	-2.3842e-05	2.28883e-05	-108.432
416.7122	8.926	5.95480238e-11	1.90736e-05	8.58313e-06	2.00273e-05	9.162
418.4873	8.93	5.957470899999999e-11	9.53682e-07	1.90736e-05	2.28883e-05	83.37
420.0073	8.934	5.960139419999999e-11	-2.28883e-05	1.90736e-06	1.90736e-05	164.934
421.4948	8.938	5.96280794e-11	1.23978e-05	-4.86376e-05	4.95913e-05	-60.348
422.9817	8.942	5.96547646e-11	1.90736e-06	3.52862e-05	3.71935e-05	89.046
424.4696	8.946	5.96814498e-11	-2.86104e-06	9.5368e-06	1.04905e-05	98.532
425.957	8.95	5.9708135e-11	-2.86104e-06	3.71935e-05	3.71935e-05	97.122
427.4596	8.954	5.973482020000001e-11	-4.7684e-06	5.72208e-06	6.67575e-06	161.568
429.2348	8.958	5.976150539999999e-11	-9.53682e-07	-2.00273e-05	1.71663e-05	-75.966
430.7222	8.962	5.978819059999999e-11	5.72208e-06	3.33788e-05	3.52862e-05	86.934
432.2263	8.966	5.981487579999999e-11	6.67575e-06	-1.81199e-05	2.0981e-05	-55.41
433.7296	8.97	5.9841561e-11	1.23978e-05	1.71663e-05	2.00273e-05	53.532
435.2171	8.974	5.98682462e-11	2.00273e-05	1.52589e-05	3.33788e-05	24.276
436.9594	8.978	5.98949314e-11	1.62126e-05	2.3842e-05	2.3842e-05	62.592
438.4474	8.982	5.99216166e-11	-1.43052e-05	-1.81199e-05	2.3842e-05	-124.992
439.9352	8.986	5.99483018e-11	-3.14715e-05	-2.86103e-05	3.71935e-05	-137.352
441.6945	8.99	5.9974987e-11	2.19346e-05	-1.33515e-05	2.86103e-05	-17.652
443.1804	8.994	6.000167219999999e-11	-4.7684e-06	-1.14442e-05	1.52589e-05	-126.468
444.6847	8.998	6.002835739999999e-11	-1.14442e-05	-9.5368e-06	1.52589e-05	-141.708
446.1878	9.002	6.00550426e-11	3.33788e-05	-7.62945e-06	3.91009e-05	-8.262
447.6921	9.006	6.00817278e-11	2.57493e-05	3.81473e-06	2.9564e-05	21.57
449.4353	9.01	6.0108413e-11	-2.57493e-05	1.14442e-05	2.3842e-05	152.7
450.9222	9.014	6.013509819999999e-11	1.90736e-06	1.14442e-05	1.04905e-05	122.736
452.4091	9.018	6.01617834e-11	-2.47956e-05	6.67575e-06	2.19346e-05	152.592
453.9122	9.022	6.01884686e-11	-9.53682e-07	2.28883e-05	1.52589e-05	78.114
455.4007	9.026	6.02151538e-11	-3.52862e-05	-1.62126e-05	3.91009e-05	-164.178
456.9041	9.03	6.0241839e-11	-1.14442e-05	-1.04905e-05	1.62126e-05	-95.904
458.3906	9.034	6.02685242e-11	1.04905e-05	5.72208e-06	2.19346e-05	5.574
459.877	9.038	6.02952094e-11	6.67575e-06	-2.0981e-05	2.28883e-05	-91.506
461.3822	9.042	6.032189459999999e-11	-1.23978e-05	-9.5368e-06	1.52589e-05	-159.774
462.8528	9.046	6.034857979999999e-11	-1.52589e-05	4.38693e-05	4.67303e-05	93.762
464.3397	9.05	6.0375265e-11	9.53682e-07	-4.7684e-06	0.0	99.462
465.8443	9.054	6.04019502e-11	-1.62126e-05	1.90736e-05	2.00273e-05	116.562
467.6028	9.058	6.04286354e-11	1.04905e-05	0.0	1.14442e-05	34.506
469.0909	9.062	6.04553206e-11	2.86104e-06	3.05178e-05	2.9564e-05	83.514
470.594	9.066	6.04820058e-11	3.52862e-05	0.0	3.33788e-05	10.884
472.0807	9.07	6.0508691e-11	2.3842e-05	-4.29156e-05	4.86376e-05	-52.482
473.5679	9.074	6.053537619999999e-11	-6.67575e-06	1.33515e-05	1.33515e-05	121.428
475.376	9.078	6.056206139999999e-11	1.71663e-05	-1.04905e-05	1.23978e-05	-39.288
476.8638	9.082	6.05887466e-11	2.00273e-05	1.23978e-05	3.05178e-05	40.854
478.3352	9.086	6.06154318e-11	9.5368e-06	-2.76567e-05	2.57493e-05	-67.248
479.8205	9.09	6.0642117e-11	5.72208e-06	2.19346e-05	2.3842e-05	82.506
481.2922	9.094	6.06688022e-11	7.62945e-06	-2.76567e-05	2.86103e-05	-86.184
482.7813	9.098	6.069548740000001e-11	3.91009e-05	8.58313e-06	3.52862e-05	15.78
484.2841	9.102	6.07221726e-11	-9.5368e-06	5.72208e-06	8.58313e-06	114.444
485.804	9.106	6.074885779999999e-11	-3.81473e-06	2.57493e-05	2.0981e-05	87.882
487.5622	9.11	6.077554299999999e-11	0.0	-1.62126e-05	1.71663e-05	-62.526
489.0347	9.114	6.08022282e-11	8.58313e-06	-1.62126e-05	1.33515e-05	-64.98
490.5221	9.118	6.08289134e-11	-3.71935e-05	-1.62126e-05	3.71935e-05	-156.372
491.9927	9.122	6.08555986e-11	-2.47956e-05	-1.14442e-05	3.24252e-05	-172.998
493.497	9.126	6.08822838e-11	0.0	-6.67575e-06	6.67575e-06	-109.98
495.0004	9.13	6.0908969e-11	-1.33515e-05	-3.81473e-06	9.53682e-07	23.964
496.502	9.134	6.09356542e-11	1.81199e-05	1.90736e-06	8.58313e-06	54.462
498.295	9.138	6.09623394e-11	3.81473e-06	-9.53682e-07	3.81473e-06	142.122
499.7822	9.142	6.098902459999999e-11	-3.81473e-06	1.23978e-05	9.5368e-06	73.302
501.2858	9.146	6.10157098e-11	-1.14442e-05	3.52862e-05	3.71935e-05	94.842
502.7722	9.15	6.1042395e-11	2.86104e-06	-1.43052e-05	1.52589e-05	-70.2
504.2604	9.154	6.10690802e-11	-1.43052e-05	-2.76567e-05	2.3842e-05	-92.046
506.0355	9.158	6.109576539999999e-11	-1.81199e-05	-4.57766e-05	4.29156e-05	-98.676
507.5055	9.162	6.11224506e-11	-2.28883e-05	-9.5368e-06	1.90736e-05	-136.332
508.9943	9.166	6.11491358e-11	-6.67575e-06	2.47956e-05	2.6703e-05	107.1
510.7529	9.17	6.1175821e-11	-3.81473e-06	2.28883e-05	2.00273e-05	98.43
512.257	9.174	6.12025062e-11	-7.62945e-06	-4.57766e-05	4.76839e-05	-100.572
513.7603	9.178	6.12291914e-11	-4.29156e-05	1.62126e-05	3.52862e-05	155.322
515.2629	9.182	6.12558766e-11	-9.5368e-06	1.23978e-05	2.19346e-05	136.734
516.7503	9.186	6.128256179999999e-11	9.5368e-06	-3.81472e-05	3.62399e-05	-90.0
518.5577	9.19	6.130924699999999e-11	-1.04905e-05	0.0	1.43052e-05	-143.532
520.0457	9.194	6.13359322e-11	0.0	6.67575e-06	6.67575e-06	108.432
521.5317	9.198	6.13626174e-11	2.76567e-05	4.00546e-05	5.14986e-05	55.122
523.0205	9.202	6.13893026e-11	-1.81199e-05	1.04905e-05	2.3842e-05	151.506
524.5226	9.206	6.14159878e-11	-1.14442e-05	-2.9564e-05	3.05178e-05	-107.28
526.0113	9.21	6.144267300000001e-11	-9.53682e-07	-3.71935e-05	3.62399e-05	-99.636
527.5147	9.214	6.146935819999999e-11	2.28883e-05	2.19346e-05	3.43325e-05	49.938
529.2731	9.218	6.149604339999999e-11	8.58313e-06	-1.81199e-05	2.47956e-05	-34.44
530.7772	9.222	6.152272859999999e-11	-3.33788e-05	3.24252e-05	4.67303e-05	132.168
532.2966	9.226	6.15494138e-11	-2.00273e-05	-9.53682e-07	1.23978e-05	124.992
533.782	9.23	6.1576099e-11	-2.3842e-05	5.72208e-06	2.19346e-05	157.83
535.2713	9.234	6.16027842e-11	1.23978e-05	-2.28883e-05	2.76567e-05	-63.438
537.0306	9.238	6.16294694e-11	1.04905e-05	3.24252e-05	3.52862e-05	46.59
538.5498	9.242	6.165615460000001e-11	-1.04905e-05	4.38693e-05	3.91009e-05	94.236
540.0522	9.246	6.16828398e-11	-3.91009e-05	-2.00273e-05	3.91009e-05	-155.82
541.5559	9.25	6.1709525e-11	1.52589e-05	-5.72208e-06	1.52589e-05	-34.38
543.06	9.254	6.173621019999999e-11	8.58313e-06	6.67575e-06	1.04905e-05	58.392
544.5471	9.258	6.176289539999999e-11	1.23978e-05	2.76567e-05	2.86103e-05	77.904
546.0347	9.262	6.17895806e-11	-9.53682e-07	-1.33515e-05	1.52589e-05	-82.878
547.5373	9.266	6.18162658e-11	-2.86103e-05	2.86104e-06	2.57493e-05	163.854
549.2812	9.27	6.1842951e-11	-6.00817e-05	8.58313e-06	5.72207e-05	170.538
550.7846	9.274	6.186963619999999e-11	8.58313e-06	1.90736e-06	5.72208e-06	35.538
552.3039	9.278	6.18963214e-11	-1.81199e-05	-2.76567e-05	3.24252e-05	-122.124
553.8073	9.282	6.19230066e-11	-1.23978e-05	1.04905e-05	1.81199e-05	156.036
555.2777	9.286	6.19496918e-11	-1.33515e-05	-3.05178e-05	3.14715e-05	-96.984
556.7645	9.29	6.197637699999999e-11	-1.04905e-05	1.33515e-05	1.33515e-05	118.074
558.2855	9.294	6.20030622e-11	-2.6703e-05	-1.52589e-05	2.28883e-05	-136.332
559.7878	9.298	6.20297474e-11	-2.0981e-05	-2.47956e-05	3.24252e-05	-141.912
561.3075	9.302	6.205643259999999e-11	2.86104e-06	-1.62126e-05	1.52589e-05	-117.642
562.8115	9.306	6.208311779999999e-11	-1.71663e-05	-2.00273e-05	1.43052e-05	-151.698
564.2977	9.31	6.2109803e-11	6.67575e-06	2.0981e-05	2.3842e-05	54.09
565.7855	9.314	6.21364882e-11	1.90736e-06	1.52589e-05	1.52589e-05	69.144
567.5455	9.318	6.21631734e-11	5.72208e-06	1.33515e-05	1.43052e-05	82.236
569.0638	9.322	6.21898586e-11	-6.67575e-06	6.67575e-06	1.04905e-05	128.16
570.5673	9.326	6.22165438e-11	1.33515e-05	3.05178e-05	3.43325e-05	68.808
572.0556	9.33	6.224322899999999e-11	5.72208e-06	4.29156e-05	4.38693e-05	97.434
573.5586	9.334	6.226991419999999e-11	-2.86104e-06	-2.00273e-05	2.19346e-05	-95.196
575.0464	9.338	6.229659939999999e-11	2.19346e-05	9.5368e-06	2.28883e-05	27.3
576.5486	9.342	6.23232846e-11	1.14442e-05	0.0	2.28883e-05	-8.748
578.0682	9.346	6.23499698e-11	-4.7684e-06	1.04905e-05	1.43052e-05	108.432
579.8444	9.35	6.2376655e-11	3.81473e-06	2.6703e-05	2.57493e-05	73.14
581.3637	9.354	6.24033402e-11	-4.00546e-05	-1.33515e-05	4.19619e-05	175.986
582.8672	9.358	6.24300254e-11	-1.81199e-05	8.58313e-06	1.62126e-05	140.526
584.3545	9.362	6.245671059999999e-11	1.90736e-05	2.3842e-05	3.71935e-05	32.856
585.8414	9.366	6.248339579999999e-11	-9.5368e-06	1.33515e-05	2.00273e-05	117.978
587.3125	9.37	6.251008099999999e-11	-9.53682e-07	2.28883e-05	2.3842e-05	79.824
588.8166	9.374	6.25367662e-11	-2.86104e-06	7.62945e-06	1.04905e-05	122.004
590.5758	9.378	6.25634514e-11	-1.52589e-05	-1.81199e-05	1.90736e-05	-125.538
592.0621	9.382	6.25901366e-11	-9.5368e-06	3.81473e-06	1.14442e-05	177.276
593.5494	9.386	6.261682179999999e-11	1.23978e-05	6.67575e-06	1.43052e-05	6.012
595.0372	9.39	6.2643507e-11	-1.04905e-05	-2.47956e-05	2.28883e-05	-97.35
596.5414	9.394	6.26701922e-11	-2.47956e-05	-1.43052e-05	2.86103e-05	-149.742
598.0448	9.398	6.26968774e-11	3.81473e-06	-1.33515e-05	1.04905e-05	-90.0
599.5321	9.402	6.272356259999999e-11	-1.14442e-05	9.5368e-06	8.58313e-06	96.342
601.0355	9.406	6.27502478e-11	-1.62126e-05	1.62126e-05	2.0981e-05	129.558
602.5386	9.41	6.2776933e-11	-2.6703e-05	-1.43052e-05	3.14715e-05	-147.264
604.0422	9.414	6.28036182e-11	-1.23978e-05	-3.81473e-06	1.81199e-05	-161.568
605.5291	9.418	6.283030339999999e-11	-2.6703e-05	-2.86103e-05	2.86103e-05	-122.004
607.0168	9.422	6.28569886e-11	-4.10082e-05	-1.90736e-05	4.38693e-05	-149.934
608.5203	9.426	6.28836738e-11	-9.5368e-06	-1.62126e-05	1.71663e-05	-91.848
610.2956	9.43	6.2910359e-11	-4.7684e-06	0.0	5.72208e-06	175.236
611.8149	9.434	6.29370442e-11	1.90736e-06	-1.04905e-05	1.14442e-05	-62.448
613.3022	9.438	6.29637294e-11	3.81473e-06	-1.90736e-06	5.72208e-06	0.0
614.8043	9.442	6.29904146e-11	9.53682e-07	-4.19619e-05	4.00546e-05	-78.504
616.3086	9.446	6.301709979999999e-11	-1.43052e-05	-2.6703e-05	2.86103e-05	-99.246
617.8122	9.45	6.304378499999999e-11	2.0981e-05	1.23978e-05	3.05178e-05	17.022
619.3157	9.454	6.30704702e-11	5.72208e-06	-1.14442e-05	1.23978e-05	-53.748
621.107	9.458	6.30971554e-11	-7.62945e-06	7.62945e-06	6.67575e-06	163.302
622.6103	9.462	6.31238406e-11	1.62126e-05	-9.5368e-06	1.90736e-05	-21.45
624.1136	9.466	6.31505258e-11	0.0	3.33788e-05	4.00546e-05	76.398
625.6009	9.47	6.317721100000001e-11	-4.7684e-06	-2.6703e-05	2.3842e-05	-91.686
627.1188	9.474	6.320389619999999e-11	-1.33515e-05	-9.5368e-06	1.81199e-05	-157.518
628.6227	9.478	6.323058139999999e-11	8.58313e-06	1.23978e-05	1.04905e-05	115.02
630.127	9.482	6.325726659999999e-11	-2.86104e-06	-2.9564e-05	3.05178e-05	-112.008
631.6145	9.486	6.32839518e-11	-2.86104e-06	-2.86103e-05	2.86103e-05	-81.87
633.1337	9.49	6.3310637e-11	1.52589e-05	2.86104e-06	1.04905e-05	42.276
634.6366	9.494	6.33373222e-11	-2.28883e-05	-1.81199e-05	2.19346e-05	-130.812
636.1234	9.498	6.33640074e-11	1.33515e-05	-3.52862e-05	3.71935e-05	-50.064
637.6262	9.502	6.33906926e-11	3.52862e-05	8.58313e-06	4.00546e-05	21.972
639.1139	9.506	6.34173778e-11	2.0981e-05	1.04905e-05	2.3842e-05	8.88
640.8897	9.51	6.344406299999999e-11	-4.86376e-05	-1.81199e-05	4.29156e-05	-150.126
642.377	9.514	6.347074819999999e-11	1.62126e-05	2.86103e-05	3.52862e-05	42.066
643.865	9.518	6.34974334e-11	5.14986e-05	-9.53682e-07	5.53133e-05	-5.256
645.3522	9.522	6.35241186e-11	1.90736e-06	-3.81473e-06	3.81473e-06	-45.0
646.8393	9.526	6.35508038e-11	2.47956e-05	5.43597e-05	5.72207e-05	73.962
648.3585	9.53	6.357748899999999e-11	-6.67575e-06	1.52589e-05	2.0981e-05	112.62
649.8467	9.534	6.36041742e-11	1.04905e-05	-6.67575e-06	8.58313e-06	-57.528
651.3341	9.538	6.36308594e-11	-2.86103e-05	-3.81473e-06	2.47956e-05	-166.332
652.8206	9.542	6.36575446e-11	-1.52589e-05	-2.57493e-05	2.9564e-05	-127.116
654.3237	9.546	6.368422979999999e-11	-7.62945e-06	-2.57493e-05	2.57493e-05	-118.608
655.8114	9.55	6.3710915e-11	-5.72207e-05	1.23978e-05	5.72207e-05	170.106
657.315	9.554	6.37376002e-11	-2.19346e-05	-2.19346e-05	2.57493e-05	-112.836
659.107	9.558	6.37642854e-11	1.04905e-05	-2.28883e-05	2.19346e-05	-97.122
660.6102	9.562	6.379097059999999e-11	-3.81472e-05	7.62945e-06	3.81472e-05	171.03
662.0967	9.566	6.38176558e-11	-2.00273e-05	-3.43325e-05	4.00546e-05	-119.748
663.5851	9.57	6.3844341e-11	-7.62945e-06	4.67303e-05	4.57766e-05	95.196
665.0873	9.574	6.38710262e-11	-2.86103e-05	-4.7684e-06	3.14715e-05	-166.83
666.8635	9.578	6.38977114e-11	-3.43325e-05	-2.86104e-06	4.19619e-05	180.0
668.3666	9.582	6.39243966e-11	-3.14715e-05	1.62126e-05	3.52862e-05	146.592
669.8374	9.586	6.39510818e-11	0.0	1.52589e-05	1.43052e-05	66.798
671.6137	9.59	6.397776699999999e-11	-1.71663e-05	1.14442e-05	1.52589e-05	127.404
673.1323	9.594	6.400445219999999e-11	-1.62126e-05	-2.47956e-05	3.05178e-05	-135.0
674.6205	9.598	6.40311374e-11	-9.53682e-07	-1.62126e-05	1.62126e-05	-85.764
676.1238	9.602	6.40578226e-11	-2.86104e-06	1.71663e-05	2.00273e-05	125.136
677.6272	9.606	6.40845078e-11	1.52589e-05	-4.29156e-05	4.76839e-05	-75.174
679.1306	9.61	6.4111193e-11	2.3842e-05	1.90736e-06	3.24252e-05	-3.504
680.6495	9.614	6.413787820000001e-11	1.14442e-05	1.90736e-06	5.72208e-06	40.602
682.1372	9.618	6.416456339999999e-11	-1.62126e-05	-1.90736e-06	1.23978e-05	-169.992
683.624	9.622	6.419124859999999e-11	-3.81473e-06	3.81473e-06	4.7684e-06	125.538
685.1111	9.626	6.421793379999999e-11	0.0	-6.67575e-06	9.5368e-06	-105.522
686.5663	9.63	6.4244619e-11	4.7684e-06	-8.58313e-06	1.14442e-05	-40.914
688.0858	9.634	6.42713042e-11	-1.04905e-05	-1.23978e-05	1.33515e-05	-147.096
689.59	9.638	6.42979894e-11	8.58313e-06	-1.33515e-05	1.14442e-05	-112.38
691.1094	9.642	6.43246746e-11	-9.5368e-06	-3.52862e-05	3.24252e-05	-113.202
692.5967	9.646	6.43513598e-11	1.90736e-06	2.86104e-06	1.90736e-06	180.0
694.1001	9.65	6.4378045e-11	-2.28883e-05	4.7684e-06	1.62126e-05	145.62
695.6035	9.654	6.44047302e-11	-4.7684e-06	4.00546e-05	4.10082e-05	87.318
697.3785	9.658	6.443141539999999e-11	-1.52589e-05	1.62126e-05	2.47956e-05	138.12
698.8963	9.662	6.44581006e-11	-1.81199e-05	6.67575e-06	1.52589e-05	105.642
700.4016	9.666	6.44847858e-11	0.0	-3.24252e-05	3.43325e-05	-97.818
702.1609	9.67	6.4511471e-11	-6.67575e-06	-1.52589e-05	1.33515e-05	-87.138
703.6802	9.674	6.453815619999999e-11	-4.95913e-05	4.7684e-06	4.38693e-05	172.116
705.1822	9.678	6.45648414e-11	-2.76567e-05	-2.6703e-05	3.05178e-05	-117.822
706.6709	9.682	6.45915266e-11	3.81473e-06	-3.24252e-05	3.52862e-05	-108.432
708.1566	9.686	6.46182118e-11	-2.0981e-05	-4.95913e-05	5.0545e-05	-105.126
709.6446	9.69	6.4644897e-11	-4.00546e-05	-1.81199e-05	4.00546e-05	-146.574
711.1325	9.694	6.46715822e-11	-1.90736e-06	-2.19346e-05	2.19346e-05	-97.908
712.619	9.698	6.46982674e-11	3.81473e-06	1.90736e-05	2.0981e-05	75.066
714.122	9.702	6.472495259999999e-11	1.23978e-05	-2.86104e-06	7.62945e-06	-9.462
715.6112	9.706	6.475163779999999e-11	8.29701e-05	2.3842e-05	8.48775e-05	19.44
717.0976	9.71	6.4778323e-11	8.58313e-06	-1.71663e-05	2.19346e-05	-76.332
718.6173	9.714	6.48050082e-11	1.71663e-05	-1.04905e-05	2.3842e-05	-10.44
720.3772	9.718	6.48316934e-11	-9.5368e-06	7.62945e-06	8.58313e-06	139.398
721.8806	9.722	6.48583786e-11	4.19619e-05	-2.76567e-05	4.19619e-05	-37.506
723.3665	9.726	6.488506380000001e-11	1.62126e-05	7.62945e-06	1.52589e-05	43.152
724.8553	9.73	6.4911749e-11	2.0981e-05	2.3842e-05	3.43325e-05	49.29
726.3422	9.734	6.493843419999999e-11	5.53133e-05	5.72208e-06	4.38693e-05	7.986
728.1173	9.738	6.496511939999999e-11	4.57766e-05	2.00273e-05	5.24523e-05	11.994
729.6366	9.742	6.49918046e-11	7.91554e-05	4.76839e-05	8.58312e-05	43.068
731.1394	9.746	6.50184898e-11	9.25069e-05	3.24252e-05	9.72752e-05	20.28
732.9158	9.75	6.5045175e-11	7.82018e-05	6.67575e-06	7.34334e-05	5.712
734.4022	9.754	6.50718602e-11	0.00010109	9.5368e-06	9.63216e-05	4.494
735.8907	9.758	6.50985454e-11	0.000100136	3.81473e-06	9.91826e-05	1.908
737.3769	9.762	6.51252306e-11	0.000130654	5.72207e-05	0.000141145	24.87
738.8811	9.766	6.515191579999999e-11	0.00012684	4.57766e-05	0.000141145	17.028
740.6563	9.77	6.517860099999999e-11	0.000179292	3.33788e-05	0.000192643	10.776
742.1759	9.774	6.520528619999999e-11	0.000153542	2.6703e-05	0.000156404	6.666
743.6622	9.778	6.52319714e-11	0.000134469	4.00546e-05	0.000139237	11.202
745.1507	9.782	6.52586566e-11	0.000176431	6.2943e-05	0.000187875	18.948
746.6537	9.786	6.52853418e-11	0.00019455	5.53133e-05	0.000198365	18.558
748.1406	9.79	6.531202699999999e-11	0.000228883	4.86376e-05	0.000233651	11.82
749.6118	9.794	6.53387122e-11	0.000199319	9.82289e-05	0.000223161	26.262
751.0992	9.798	6.53653974e-11	0.000149728	9.44142e-05	0.000180245	30.786
752.6035	9.802	6.53920826e-11	0.000181199	4.76839e-05	0.000182153	13.98
754.0907	9.806	6.541876779999999e-11	0.000169755	8.77385e-05	0.000189782	26.112
755.5773	9.81	6.5445453e-11	9.05995e-05	5.24523e-05	9.82289e-05	32.172
757.0809	9.814	6.54721382e-11	8.39238e-05	7.72481e-05	0.000106812	46.044
758.841	9.818	6.549882339999999e-11	1.71663e-05	0.000125886	0.000127793	82.878
760.3273	9.822	6.552550859999999e-11	1.71663e-05	8.58312e-05	8.39238e-05	75.846
761.8159	9.826	6.55521938e-11	-5.6267e-05	2.3842e-05	5.6267e-05	153.438
763.5909	9.83	6.5578879e-11	-9.15532e-05	-9.53682e-07	9.44142e-05	180.0
765.0767	9.834	6.56055642e-11	-0.000125886	1.04905e-05	0.000128747	174.99
766.5808	9.838	6.56322494e-11	-0.00016594	-2.28883e-05	0.00016594	-171.096
768.0515	9.842	6.56589346e-11	-0.000207902	1.14442e-05	0.000203134	175.674
769.5405	9.846	6.568561979999999e-11	-0.000191689	-2.6703e-05	0.000201226	-173.334
771.0273	9.85	6.571230499999999e-11	-0.000235558	-4.00546e-05	0.000243188	-169.722
772.5312	9.854	6.573899019999999e-11	-0.000248911	-0.00010109	0.000269892	-157.356
774.0172	9.858	6.57656754e-11	-0.000237466	-8.77385e-05	0.000242234	-160.65
775.5044	9.862	6.57923606e-11	-0.000226022	-0.000106812	0.000244142	-153.924
776.9925	9.866	6.58190458e-11	-0.000209809	-0.00013733	0.000247004	-145.746
778.4968	9.87	6.5845731e-11	-0.000151635	-0.000135423	0.000203134	-137.112
779.9842	9.874	6.58724162e-11	-7.24797e-05	-9.15532e-05	0.000114441	-129.336
781.4873	9.878	6.589910139999999e-11	-6.2943e-05	-0.000102997	0.000121117	-124.38
782.9745	9.882	6.592578659999999e-11	-1.81199e-05	-7.62944e-05	7.43871e-05	-106.158
784.4943	9.886	6.595247179999999e-11	-7.62945e-06	-3.71935e-05	3.91009e-05	-112.134
785.9973	9.89	6.5979157e-11	1.71663e-05	-4.10082e-05	5.0545e-05	-64.056
787.4843	9.894	6.60058422e-11	4.57766e-05	-6.96187e-05	7.91554e-05	-61.47
789.2433	9.898	6.60325274e-11	2.86103e-05	-5.72208e-06	2.6703e-05	-10.176
790.7311	9.902	6.60592126e-11	5.53133e-05	2.28883e-05	6.38966e-05	22.974
792.2191	9.906	6.60858978e-11	3.43325e-05	-2.00273e-05	3.71935e-05	-29.874
793.9943	9.91	6.6112583e-11	3.91009e-05	6.10356e-05	7.62944e-05	50.256
795.4806	9.914	6.613926819999999e-11	2.86103e-05	-9.53682e-07	2.86103e-05	5.574
796.9685	9.918	6.616595339999999e-11	2.57493e-05	4.38693e-05	4.95913e-05	65.622
798.4556	9.922	6.61926386e-11	-4.7684e-06	3.33788e-05	3.05178e-05	88.602
799.9273	9.926	6.62193238e-11	-3.24252e-05	1.23978e-05	3.43325e-05	150.642
801.7189	9.93	6.6246009e-11	-2.47956e-05	6.67575e-06	3.52862e-05	167.154
803.2222	9.934	6.627269419999999e-11	4.7684e-06	-4.7684e-06	6.67575e-06	0.0
804.7257	9.938	6.62993794e-11	1.71663e-05	-1.71663e-05	2.57493e-05	-47.91
806.2273	9.942	6.63260646e-11	-2.47956e-05	-1.04905e-05	3.62399e-05	-155.64
807.7473	9.946	6.63527498e-11	-2.86103e-05	1.04905e-05	2.6703e-05	160.56
809.2197	9.95	6.6379435e-11	2.00273e-05	-1.52589e-05	2.3842e-05	-28.74
810.7071	9.954	6.64061202e-11	2.6703e-05	1.71663e-05	2.86103e-05	33.312
812.4664	9.958	6.64328054e-11	1.04905e-05	-3.81472e-05	3.52862e-05	-86.496
813.9536	9.962	6.645949059999999e-11	4.7684e-06	-4.7684e-06	1.23978e-05	-2.604
815.4409	9.966	6.648617579999999e-11	8.58313e-06	8.58313e-06	1.04905e-05	52.434
816.9605	9.97	6.6512861e-11	0.0	3.81473e-06	5.72208e-06	-135.0
818.4637	9.974	6.65395462e-11	2.57493e-05	-1.90736e-05	3.52862e-05	-33.114
820.2215	9.978	6.65662314e-11	1.90736e-05	8.58313e-06	2.19346e-05	40.428
821.7412	9.982	6.65929166e-11	9.5368e-06	5.3406e-05	5.9128e-05	70.992
823.2137	9.986	6.66196018e-11	-3.62399e-05	-1.33515e-05	3.05178e-05	-164.622
824.989	9.99	6.664628699999999e-11	-1.81199e-05	9.53682e-07	1.90736e-05	170.838
826.4922	9.994	6.667297219999999e-11	-9.5368e-06	1.71663e-05	2.0981e-05	127.236
827.9622	9.998	6.669965739999999e-11	-1.04905e-05	-2.86104e-06	7.62945e-06	-150.948
829.4671	10.002	6.67263426e-11	-5.81744e-05	1.90736e-06	5.72207e-05	-175.398
830.9545	10.006	6.67530278e-11	5.72208e-06	2.57493e-05	2.6703e-05	66.612
832.7288	10.01	6.6779713e-11	-1.81199e-05	-4.7684e-06	2.00273e-05	176.31
834.2321	10.014	6.68063982e-11	3.81473e-06	-9.53682e-07	3.81473e-06	93.816
835.7206	10.018	6.68330834e-11	1.14442e-05	2.86103e-05	3.24252e-05	73.608
837.2396	10.022	6.68597686e-11	2.76567e-05	-8.58313e-06	2.19346e-05	-10.494
838.7109	10.026	6.688645379999999e-11	1.62126e-05	1.33515e-05	1.71663e-05	75.966
840.2308	10.03	6.691313899999999e-11	-9.5368e-06	-3.81473e-06	6.67575e-06	-77.004
841.734	10.034	6.69398242e-11	1.14442e-05	1.71663e-05	1.71663e-05	46.734
843.4917	10.038	6.69665094e-11	-1.71663e-05	-3.81473e-06	2.0981e-05	-169.044
844.9808	10.042	6.69931946e-11	-2.28883e-05	1.52589e-05	2.9564e-05	160.02
846.4509	10.046	6.70198798e-11	-3.81472e-05	2.9564e-05	4.48229e-05	140.646
847.9386	10.05	6.7046565e-11	-3.81472e-05	5.72208e-06	3.71935e-05	172.746
849.4268	10.054	6.70732502e-11	-5.24523e-05	-1.14442e-05	6.10356e-05	-167.736
851.2017	10.058	6.70999354e-11	-5.43597e-05	4.19619e-05	6.96187e-05	140.478
852.6736	10.062	6.712662059999999e-11	-6.8665e-05	0.0	6.5804e-05	-178.83
854.1609	10.066	6.71533058e-11	-1.52589e-05	-2.86104e-06	1.71663e-05	-157.83
855.6644	10.07	6.7179991e-11	5.72208e-06	-9.5368e-06	1.04905e-05	-81.87
857.1519	10.074	6.72066762e-11	-1.23978e-05	2.86104e-06	1.43052e-05	162.348
858.9109	10.078	6.723336139999999e-11	-1.33515e-05	-2.6703e-05	3.05178e-05	-117.12
860.4143	10.082	6.72600466e-11	5.72208e-06	-1.33515e-05	1.23978e-05	-64.8
861.9173	10.086	6.72867318e-11	3.33788e-05	-2.0981e-05	3.91009e-05	-28.77
863.6759	10.09	6.7313417e-11	1.04905e-05	-2.3842e-05	2.6703e-05	-62.244
865.1802	10.094	6.73401022e-11	-2.86103e-05	-4.86376e-05	5.72207e-05	-109.05
866.6672	10.098	6.73667874e-11	4.38693e-05	-2.86104e-06	3.91009e-05	-6.228
868.155	10.102	6.73934726e-11	1.90736e-05	-9.5368e-06	1.62126e-05	-22.248
869.6422	10.106	6.742015779999999e-11	4.48229e-05	5.14986e-05	7.05724e-05	38.406
871.4173	10.11	6.744684299999999e-11	6.96187e-05	1.33515e-05	6.96187e-05	11.202
872.9051	10.114	6.74735282e-11	3.24252e-05	3.81473e-06	3.24252e-05	10.206
874.3922	10.118	6.75002134e-11	3.52862e-05	1.04905e-05	3.14715e-05	21.57
875.9119	10.122	6.75268986e-11	1.90736e-05	4.67303e-05	5.0545e-05	59.304
877.3993	10.126	6.75535838e-11	1.52589e-05	4.48229e-05	4.57766e-05	69.942
878.8861	10.13	6.758026900000001e-11	-1.71663e-05	3.52862e-05	4.19619e-05	112.752
880.3741	10.134	6.760695419999999e-11	-7.62945e-06	5.9128e-05	5.9128e-05	97.764
882.1321	10.138	6.763363939999999e-11	1.23978e-05	2.19346e-05	2.3842e-05	87.066
883.6366	10.142	6.766032459999999e-11	1.43052e-05	1.90736e-06	1.71663e-05	9.78
885.1385	10.146	6.76870098e-11	-1.81199e-05	-3.43325e-05	3.81472e-05	-118.44
886.6264	10.15	6.7713695e-11	9.5368e-06	2.9564e-05	3.05178e-05	86.268
888.1308	10.154	6.77403802e-11	-2.28883e-05	1.33515e-05	2.28883e-05	153.438
889.8886	10.158	6.77670654e-11	-4.10082e-05	5.72208e-06	4.57766e-05	178.47
891.3922	10.162	6.77937506e-11	-4.38693e-05	-2.6703e-05	4.19619e-05	-140.196
892.8808	10.166	6.78204358e-11	-1.62126e-05	-2.86104e-06	1.62126e-05	173.16
894.6391	10.17	6.7847121e-11	-9.5368e-06	-3.62399e-05	3.91009e-05	-117.798
896.1273	10.174	6.787380619999999e-11	-2.28883e-05	0.0	1.90736e-05	-178.026
897.6298	10.178	6.79004914e-11	1.04905e-05	4.38693e-05	4.57766e-05	70.236
899.1341	10.182	6.79271766e-11	1.23978e-05	-4.29156e-05	3.52862e-05	-57.618
900.6214	10.186	6.79538618e-11	-7.62945e-06	0.0	1.52589e-05	173.886
902.3806	10.19	6.798054699999999e-11	3.81473e-06	3.05178e-05	3.52862e-05	72.18
903.8673	10.194	6.80072322e-11	4.67303e-05	-4.19619e-05	5.72207e-05	-48.012
905.3554	10.198	6.80339174e-11	0.0	-1.43052e-05	1.52589e-05	-96.342
906.8748	10.202	6.80606026e-11	5.53133e-05	8.58313e-06	6.10356e-05	14.034
908.3621	10.206	6.80872878e-11	8.58313e-06	1.90736e-06	1.33515e-05	9.462
909.8655	10.21	6.8113973e-11	-1.14442e-05	3.33788e-05	3.52862e-05	122.736
911.352	10.214	6.81406582e-11	-1.62126e-05	-9.53682e-07	1.52589e-05	180.0
913.1273	10.218	6.81673434e-11	-1.81199e-05	-1.04905e-05	7.62945e-06	-153.438
914.6473	10.222	6.819402859999999e-11	-3.43325e-05	2.19346e-05	2.86103e-05	121.218
916.1347	10.226	6.82207138e-11	-4.7684e-06	5.72208e-06	5.72208e-06	55.008
917.6209	10.23	6.8247399e-11	9.5368e-06	2.0981e-05	2.57493e-05	61.608
919.1086	10.234	6.82740842e-11	1.62126e-05	1.90736e-06	2.00273e-05	22.752
920.9008	10.238	6.83007694e-11	1.90736e-06	2.28883e-05	2.19346e-05	102.726
922.4041	10.242	6.832745460000001e-11	-7.62945e-06	-4.7684e-06	1.33515e-05	-139.896
923.9073	10.246	6.83541398e-11	6.67575e-06	-3.62399e-05	4.00546e-05	-63.036
925.6817	10.25	6.838082499999999e-11	3.81473e-06	1.90736e-06	7.62945e-06	21.036
927.1701	10.254	6.840751019999999e-11	3.24252e-05	2.00273e-05	3.91009e-05	36.504
928.6573	10.258	6.843419539999999e-11	8.58313e-06	-8.58313e-06	8.58313e-06	-75.966
930.145	10.262	6.84608806e-11	2.28883e-05	-2.9564e-05	3.91009e-05	-44.328
931.6473	10.266	6.84875658e-11	4.57766e-05	-1.62126e-05	4.38693e-05	-20.226
933.4219	10.27	6.8514251e-11	0.0	1.23978e-05	1.14442e-05	120.966
934.927	10.274	6.85409362e-11	2.3842e-05	2.86103e-05	2.86103e-05	83.046
936.4455	10.278	6.85676214e-11	-8.58313e-06	-2.47956e-05	2.76567e-05	-102.804
937.9338	10.282	6.859430659999999e-11	-4.00546e-05	-3.81473e-06	3.24252e-05	-168.69
939.4372	10.286	6.862099179999999e-11	-2.76567e-05	3.91009e-05	4.95913e-05	120.204
940.9246	10.29	6.864767699999999e-11	-2.6703e-05	1.52589e-05	3.05178e-05	151.296
942.4274	10.294	6.86743622e-11	1.90736e-05	3.24252e-05	3.71935e-05	73.782
944.1871	10.298	6.87010474e-11	1.23978e-05	1.14442e-05	1.71663e-05	60.522
945.689	10.302	6.87277326e-11	-1.62126e-05	-2.3842e-05	2.86103e-05	-111.318
947.2098	10.306	6.875441779999999e-11	1.90736e-06	8.58313e-06	1.04905e-05	165.258
948.7121	10.31	6.8781103e-11	-2.0981e-05	-9.53682e-07	2.3842e-05	-178.638
950.1999	10.314	6.88077882e-11	1.90736e-05	-1.14442e-05	1.71663e-05	-38.292
951.9593	10.318	6.883447339999999e-11	-1.14442e-05	-1.62126e-05	1.71663e-05	-101.31
953.4456	10.322	6.886115859999999e-11	-3.81472e-05	6.67575e-06	3.62399e-05	161.568
954.9667	10.326	6.88878438e-11	-1.62126e-05	-6.67575e-06	1.52589e-05	-165.378
956.726	10.33	6.8914529e-11	-1.71663e-05	-1.43052e-05	2.19346e-05	-155.094
958.2122	10.334	6.894121419999999e-11	1.23978e-05	-1.71663e-05	1.81199e-05	-79.878
959.7004	10.338	6.896789939999999e-11	-2.86104e-06	1.71663e-05	1.62126e-05	102.264
961.2027	10.342	6.89945846e-11	-1.90736e-05	-4.7684e-06	3.33788e-05	-177.546
962.6914	10.346	6.90212698e-11	1.14442e-05	1.52589e-05	1.81199e-05	36.024
964.4667	10.35	6.9047955e-11	5.72208e-06	-3.62399e-05	3.52862e-05	-85.842
965.9535	10.354	6.90746402e-11	-6.67575e-06	2.57493e-05	3.05178e-05	110.958
967.4414	10.358	6.91013254e-11	3.81473e-06	3.52862e-05	3.43325e-05	71.916
968.9287	10.362	6.912801059999999e-11	-2.86104e-06	-1.14442e-05	1.04905e-05	-128.658
970.4323	10.366	6.915469579999999e-11	1.90736e-06	-1.04905e-05	6.67575e-06	-66.036
971.9197	10.37	6.918138099999999e-11	2.86103e-05	-4.7684e-06	2.57493e-05	-16.554
973.4222	10.374	6.92080662e-11	-6.67575e-06	-1.04905e-05	1.33515e-05	-154.656
975.1973	10.378	6.92347514e-11	2.9564e-05	3.91009e-05	5.0545e-05	42.882
976.6858	10.382	6.92614366e-11	1.52589e-05	1.14442e-05	1.81199e-05	54.246
978.1722	10.386	6.92881218e-11	2.3842e-05	1.71663e-05	2.6703e-05	50.016
979.6922	10.39	6.9314807e-11	4.67303e-05	9.5368e-06	4.76839e-05	14.442
981.2117	10.394	6.934149219999999e-11	-1.14442e-05	1.23978e-05	1.71663e-05	74.934
982.9702	10.398	6.936817739999999e-11	3.91009e-05	4.48229e-05	6.48503e-05	45.804
984.4419	10.402	6.939486259999999e-11	3.24252e-05	1.90736e-05	3.62399e-05	35.79
985.9293	10.406	6.94215478e-11	-3.05178e-05	5.6267e-05	6.19893e-05	112.956
987.7051	10.41	6.9448233e-11	1.90736e-06	3.33788e-05	3.33788e-05	101.946
989.1922	10.414	6.94749182e-11	-1.14442e-05	-3.71935e-05	3.91009e-05	-99.162
990.6942	10.418	6.95016034e-11	-3.14715e-05	1.71663e-05	2.9564e-05	151.506
992.1663	10.422	6.95282886e-11	-1.33515e-05	-3.81472e-05	3.91009e-05	-111.252
993.6705	10.426	6.95549738e-11	-1.62126e-05	2.86104e-06	1.62126e-05	153.438
995.4286	10.43	6.958165899999999e-11	-1.81199e-05	-3.14715e-05	4.29156e-05	-128.016
996.9322	10.434	6.960834419999999e-11	-1.14442e-05	2.28883e-05	2.86103e-05	124.044
998.4364	10.438	6.96350294e-11	-4.57766e-05	-7.05724e-05	8.29701e-05	-123.042
999.9238	10.442	6.96617146e-11	-4.95913e-05	-3.81472e-05	6.19893e-05	-141.342
1001.3953	10.446	6.96883998e-11	0.0	-2.86104e-06	3.81473e-06	-150.948
1002.8973	10.45	6.971508499999999e-11	-9.53682e-07	1.43052e-05	1.71663e-05	59.034
1004.37	10.454	6.97417702e-11	1.23978e-05	-3.62399e-05	4.19619e-05	-52.596
1006.1452	10.458	6.97684554e-11	-1.43052e-05	2.86104e-06	5.72208e-06	42.51
1007.6319	10.462	6.97951406e-11	3.81473e-06	-2.47956e-05	2.3842e-05	-70.56
1009.12	10.466	6.982182579999999e-11	2.19346e-05	-2.9564e-05	3.43325e-05	-81.87
1010.6073	10.47	6.9848511e-11	3.81473e-06	-2.6703e-05	2.6703e-05	-90.0
1012.1107	10.474	6.98751962e-11	9.53682e-07	1.71663e-05	1.90736e-05	52.122
1013.8685	10.478	6.990188139999999e-11	3.52862e-05	2.57493e-05	3.43325e-05	54.726
1015.3895	10.482	6.992856659999999e-11	2.19346e-05	1.90736e-05	2.86103e-05	18.036
1016.8767	10.486	6.99552518e-11	7.62945e-06	3.05178e-05	3.24252e-05	67.56
1018.6665	10.49	6.9981937e-11	3.24252e-05	-1.43052e-05	3.91009e-05	-19.026
1020.1554	10.494	7.00086222e-11	-1.62126e-05	6.67575e-06	1.04905e-05	106.392
1021.642	10.498	7.00353074e-11	3.14715e-05	-3.05178e-05	4.57766e-05	-40.518
1023.1301	10.502	7.00619926e-11	1.90736e-06	3.71935e-05	3.52862e-05	72.648
1024.6325	10.506	7.008867779999999e-11	-2.6703e-05	-6.67575e-06	2.57493e-05	-163.854
1026.3922	10.51	7.011536299999999e-11	-3.05178e-05	-1.14442e-05	3.24252e-05	-156.036
1027.8802	10.514	7.014204819999999e-11	-7.62945e-06	-1.23978e-05	2.19346e-05	-152.742
1029.3827	10.518	7.01687334e-11	2.19346e-05	-4.7684e-06	2.3842e-05	-17.448
1030.8535	10.522	7.01954186e-11	1.23978e-05	1.23978e-05	1.04905e-05	94.398
1032.3573	10.526	7.02221038e-11	-1.81199e-05	9.5368e-06	2.86103e-05	161.568
1033.8455	10.53	7.0248789e-11	-3.33788e-05	-4.57766e-05	5.43597e-05	-130.446
1035.365	10.534	7.027547420000001e-11	-1.90736e-05	-6.67575e-06	1.04905e-05	-90.0
1037.1235	10.538	7.030215939999999e-11	-1.90736e-06	-1.33515e-05	1.04905e-05	-64.98
1038.6103	10.542	7.032884459999999e-11	1.90736e-06	-3.33788e-05	3.24252e-05	-76.266
1040.1142	10.546	7.035552979999999e-11	-2.3842e-05	-4.7684e-06	1.43052e-05	-162.9
1041.6173	10.55	7.0382215e-11	3.81473e-06	-2.19346e-05	2.19346e-05	-98.13
1043.1045	10.554	7.04089002e-11	-1.71663e-05	9.53682e-07	2.19346e-05	176.82
1044.8809	10.558	7.04355854e-11	-3.05178e-05	-7.62945e-06	3.14715e-05	-170.73
1046.4003	10.562	7.04622706e-11	2.00273e-05	3.81473e-06	3.24252e-05	3.18
1047.9197	10.566	7.04889558e-11	-9.5368e-06	3.71935e-05	4.00546e-05	96.144
1049.4217	10.57	7.0515641e-11	-1.62126e-05	2.19346e-05	2.76567e-05	130.764
1050.8935	10.574	7.05423262e-11	-2.86104e-06	2.86103e-05	2.9564e-05	90.0
1052.6856	10.578	7.056901139999999e-11	-3.81473e-06	-7.62945e-06	8.58313e-06	-61.698
1054.1722	10.582	7.05956966e-11	2.3842e-05	-1.62126e-05	2.3842e-05	-35.136
1055.6753	10.586	7.06223818e-11	-9.53682e-07	2.00273e-05	2.00273e-05	95.904
1057.4356	10.59	7.0649067e-11	2.86103e-05	-1.52589e-05	3.24252e-05	-37.35
1058.9222	10.594	7.067575219999999e-11	1.52589e-05	1.71663e-05	1.71663e-05	73.302
1060.3943	10.598	7.07024374e-11	7.62945e-06	1.23978e-05	1.14442e-05	112.38
1061.8968	10.602	7.07291226e-11	-1.14442e-05	0.0	1.04905e-05	152.244
1063.3851	10.606	7.07558078e-11	0.0	-6.67575e-06	7.62945e-06	-75.066
1065.1444	10.61	7.0782493e-11	1.71663e-05	-2.19346e-05	2.57493e-05	-52.254
1066.6786	10.614	7.08091782e-11	-2.00273e-05	-2.86104e-06	2.9564e-05	-172.878
1068.1817	10.618	7.08358634e-11	-2.86104e-06	-2.9564e-05	3.24252e-05	-84.804
1069.6696	10.622	7.086254859999999e-11	3.91009e-05	1.23978e-05	4.38693e-05	26.19
1071.1739	10.626	7.088923379999999e-11	5.72208e-06	3.43325e-05	3.62399e-05	90.972
1072.6601	10.63	7.0915919e-11	-2.0981e-05	2.3842e-05	2.86103e-05	138.012
1074.163	10.634	7.09426042e-11	5.72208e-06	-1.81199e-05	1.90736e-05	-73.302
1075.9395	10.638	7.09692894e-11	3.05178e-05	1.62126e-05	3.33788e-05	18.06
1077.4423	10.642	7.09959746e-11	1.04905e-05	2.19346e-05	2.57493e-05	57.096
1078.9467	10.646	7.102265980000001e-11	2.00273e-05	-1.81199e-05	2.6703e-05	-33.69
1080.4341	10.65	7.104934499999999e-11	1.90736e-06	-2.57493e-05	2.47956e-05	-74.052
1081.9522	10.654	7.107603019999999e-11	-1.90736e-06	3.81472e-05	3.52862e-05	93.9
1083.7123	10.658	7.110271539999999e-11	-2.86104e-06	3.33788e-05	2.86103e-05	80.076
1085.215	10.662	7.11294006e-11	9.53682e-07	5.72208e-06	4.7684e-06	59.034
1086.7034	10.666	7.11560858e-11	-4.7684e-06	-1.14442e-05	1.33515e-05	-114.228
1088.4622	10.67	7.1182771e-11	2.3842e-05	-9.5368e-06	1.71663e-05	-35.838
1089.9973	10.674	7.12094562e-11	-1.71663e-05	-1.52589e-05	2.57493e-05	-117.18
1091.4845	10.678	7.12361414e-11	-1.52589e-05	7.62945e-06	1.23978e-05	161.568
1092.9719	10.682	7.12628266e-11	3.91009e-05	5.72208e-06	4.10082e-05	8.394
1094.4763	10.686	7.128951179999999e-11	-1.90736e-06	3.81473e-06	1.33515e-05	163.302
1096.2509	10.69	7.131619699999999e-11	-1.52589e-05	4.19619e-05	4.19619e-05	97.596
1097.7378	10.694	7.13428822e-11	-7.62945e-06	-4.7684e-06	8.58313e-06	-140.712
1099.2262	10.698	7.13695674e-11	1.81199e-05	-2.57493e-05	2.9564e-05	-48.012
1100.7137	10.702	7.13962526e-11	1.90736e-06	2.3842e-05	2.47956e-05	94.398
1102.2005	10.706	7.14229378e-11	-2.9564e-05	3.91009e-05	5.3406e-05	126.87
1103.6873	10.71	7.1449623e-11	-2.0981e-05	-2.00273e-05	2.86103e-05	-138.012
1105.1756	10.714	7.14763082e-11	-2.19346e-05	-6.67575e-06	1.81199e-05	-164.358
1106.9185	10.718	7.15029934e-11	-1.81199e-05	-1.14442e-05	2.00273e-05	-144.246
1108.4062	10.722	7.15296786e-11	-2.28883e-05	2.86104e-06	1.23978e-05	132.51
1109.9086	10.726	7.15563638e-11	-1.14442e-05	2.86104e-06	1.33515e-05	-141.708
1111.4285	10.73	7.1583049e-11	1.62126e-05	-2.9564e-05	3.52862e-05	-43.638
1112.9162	10.734	7.16097342e-11	-9.5368e-06	2.0981e-05	2.3842e-05	88.53
1114.6755	10.738	7.163641939999999e-11	1.52589e-05	9.53682e-07	1.90736e-05	16.188
1116.1945	10.742	7.16631046e-11	8.58313e-06	-2.76567e-05	2.86103e-05	-62.88
1117.6817	10.746	7.16897898e-11	1.71663e-05	3.52862e-05	4.19619e-05	68.04
1119.4573	10.75	7.1716475e-11	2.00273e-05	-9.53682e-07	2.19346e-05	12.726
1120.9439	10.754	7.17431602e-11	-1.62126e-05	2.57493e-05	3.33788e-05	133.452
1122.4311	10.758	7.17698454e-11	-2.3842e-05	-6.67575e-06	2.28883e-05	-168.024
1123.9357	10.762	7.17965306e-11	-1.14442e-05	-8.58313e-06	1.71663e-05	-127.236
1125.439	10.766	7.182321579999999e-11	-2.28883e-05	-1.04905e-05	2.19346e-05	-154.23
1127.1822	10.77	7.184990099999999e-11	-6.67575e-06	-3.14715e-05	3.05178e-05	-93.732
1128.6856	10.774	7.187658619999999e-11	9.5368e-06	-1.62126e-05	1.52589e-05	-87.51
1130.189	10.778	7.19032714e-11	-2.86104e-06	-2.47956e-05	2.47956e-05	-103.668
1131.6764	10.782	7.19299566e-11	-1.81199e-05	1.04905e-05	1.52589e-05	131.424
1133.1944	10.786	7.19566418e-11	4.7684e-06	-1.43052e-05	1.23978e-05	-93.012
1134.6977	10.79	7.1983327e-11	4.19619e-05	3.91009e-05	4.95913e-05	50.712
1136.2022	10.794	7.20100122e-11	-1.04905e-05	1.43052e-05	1.71663e-05	127.404
1137.6899	10.798	7.203669739999999e-11	-1.04905e-05	1.90736e-05	2.47956e-05	114.102
1139.1773	10.802	7.206338259999999e-11	3.81472e-05	3.24252e-05	5.53133e-05	33.138
1140.6483	10.806	7.209006779999999e-11	1.52589e-05	3.81473e-06	1.33515e-05	5.712
1142.1521	10.81	7.2116753e-11	5.72208e-06	-1.81199e-05	1.71663e-05	-126.87
1143.6394	10.814	7.21434382e-11	2.86104e-06	1.23978e-05	1.23978e-05	83.658
1145.4147	10.818	7.21701234e-11	3.81473e-06	-2.86104e-06	5.72208e-06	52.122
1146.9007	10.822	7.219680859999999e-11	8.58313e-06	-2.76567e-05	2.86103e-05	-47.046
1148.3894	10.826	7.22234938e-11	2.3842e-05	-2.86104e-06	1.81199e-05	2.118
1150.1648	10.83	7.2250179e-11	-2.28883e-05	1.71663e-05	2.9564e-05	151.608
1151.6673	10.834	7.227686419999999e-11	-3.33788e-05	3.81473e-06	3.62399e-05	-172.998
1153.1715	10.838	7.230354939999999e-11	1.04905e-05	5.72208e-06	1.52589e-05	124.212
1154.6584	10.842	7.23302346e-11	-1.62126e-05	3.52862e-05	4.10082e-05	120.966
1156.1622	10.846	7.23569198e-11	-2.6703e-05	3.05178e-05	4.38693e-05	139.212
1157.9373	10.85	7.238360499999999e-11	-2.00273e-05	-2.00273e-05	2.76567e-05	-136.848
1159.4089	10.854	7.241029019999999e-11	2.9564e-05	-1.14442e-05	2.3842e-05	-47.388
1160.9122	10.858	7.24369754e-11	-1.90736e-05	-7.62945e-06	1.43052e-05	-156.372
1162.3996	10.862	7.24636606e-11	-2.47956e-05	-5.81744e-05	5.72207e-05	-124.08
1163.9022	10.866	7.24903458e-11	-2.6703e-05	-3.33788e-05	4.76839e-05	-128.454
1165.3897	10.87	7.2517031e-11	-3.71935e-05	-1.81199e-05	4.57766e-05	-154.842
1166.8773	10.874	7.25437162e-11	1.90736e-06	-1.62126e-05	1.52589e-05	-48.576
1168.3649	10.878	7.25704014e-11	2.6703e-05	-1.14442e-05	3.52862e-05	-23.46
1169.8843	10.882	7.259708659999999e-11	-1.14442e-05	-4.7684e-06	2.0981e-05	-170.838
1171.3719	10.886	7.262377179999999e-11	-3.14715e-05	5.72208e-06	2.6703e-05	163.446
1172.8592	10.89	7.2650457e-11	1.62126e-05	0.0	1.71663e-05	-10.494
1174.3465	10.894	7.26771422e-11	-1.81199e-05	-4.7684e-06	2.19346e-05	-171.384
1176.1058	10.898	7.27038274e-11	-4.7684e-06	-2.19346e-05	2.28883e-05	-94.512
1177.5917	10.902	7.27305126e-11	5.72208e-06	3.24252e-05	3.24252e-05	68.874
1179.0806	10.906	7.27571978e-11	2.0981e-05	-2.6703e-05	3.52862e-05	-28.368
1180.8385	10.91	7.278388299999999e-11	-1.90736e-06	-2.6703e-05	2.9564e-05	-99.042
1182.3423	10.914	7.281056819999999e-11	5.72208e-06	3.91009e-05	4.00546e-05	69.774
1183.8292	10.918	7.283725339999999e-11	-2.86104e-06	3.71935e-05	4.19619e-05	104.442
1185.3338	10.922	7.28639386e-11	1.23978e-05	3.81473e-06	1.33515e-05	57.726
1186.8363	10.926	7.28906238e-11	1.90736e-05	5.72208e-06	1.52589e-05	2.604
1188.6273	10.93	7.2917309e-11	-1.33515e-05	0.0	1.04905e-05	169.692
1190.0988	10.934	7.29439942e-11	3.24252e-05	-3.14715e-05	3.91009e-05	-51.666
1191.5872	10.938	7.29706794e-11	-9.53682e-07	-3.24252e-05	3.43325e-05	-103.536
1193.0572	10.942	7.29973646e-11	-1.04905e-05	-4.7684e-06	0.0	36.87
1194.5291	10.946	7.302404979999999e-11	-9.53682e-07	-2.0981e-05	2.28883e-05	-97.494
1196.0322	10.95	7.305073499999999e-11	-4.7684e-06	6.67575e-06	1.14442e-05	143.748
1197.5207	10.954	7.30774202e-11	1.71663e-05	3.14715e-05	3.24252e-05	56.976
1199.2635	10.958	7.31041054e-11	-1.14442e-05	1.81199e-05	2.28883e-05	116.562
1200.7507	10.962	7.31307906e-11	2.6703e-05	-1.90736e-06	2.3842e-05	-1.686
1202.2374	10.966	7.315747579999999e-11	-1.90736e-06	6.67575e-06	1.23978e-05	150.252
1203.7417	10.97	7.3184161e-11	-1.04905e-05	-2.28883e-05	2.57493e-05	-96.63
1205.2292	10.974	7.32108462e-11	1.52589e-05	-9.53682e-07	1.33515e-05	-8.532
1207.0365	10.978	7.32375314e-11	6.67575e-06	-1.90736e-06	3.81473e-06	59.034
1208.5392	10.982	7.326421659999999e-11	7.62945e-06	-2.86104e-06	5.72208e-06	-103.242
1210.0422	10.986	7.32909018e-11	-6.67575e-06	-1.04905e-05	1.90736e-05	180.0
1211.8174	10.99	7.3317587e-11	-1.33515e-05	-1.43052e-05	1.90736e-05	-146.886
1213.306	10.994	7.334427219999999e-11	2.47956e-05	-3.81473e-06	2.3842e-05	-14.826
1214.8082	10.998	7.337095739999999e-11	-2.47956e-05	-4.38693e-05	4.86376e-05	-124.158
1216.3273	11.002	7.33976426e-11	2.86104e-06	1.90736e-06	1.04905e-05	-23.202
1217.7991	11.006	7.34243278e-11	-1.81199e-05	-1.33515e-05	2.0981e-05	-153.438
1219.5905	11.01	7.3451013e-11	-6.67575e-06	-3.81473e-06	1.90736e-06	32.004
1221.0778	11.014	7.34776982e-11	-6.67575e-06	1.04905e-05	9.5368e-06	90.0
1222.5661	11.018	7.35043834e-11	-4.7684e-06	8.58313e-06	1.43052e-05	92.292
1224.053	11.022	7.35310686e-11	-3.05178e-05	-2.47956e-05	3.71935e-05	-133.566
1225.5567	11.026	7.355775379999999e-11	2.19346e-05	-3.71935e-05	4.57766e-05	-54.816
1227.0601	11.03	7.358443899999999e-11	3.24252e-05	-1.23978e-05	1.90736e-05	-11.31
1228.5467	11.034	7.36111242e-11	-2.86104e-06	-2.0981e-05	2.0981e-05	-105.42
1230.0335	11.038	7.36378094e-11	-2.76567e-05	-1.33515e-05	3.14715e-05	-175.332
1231.5373	11.042	7.36644946e-11	-3.14715e-05	-3.05178e-05	4.57766e-05	-137.832
1233.0257	11.046	7.36911798e-11	-3.71935e-05	-2.19346e-05	3.91009e-05	-151.632
1234.545	11.05	7.371786500000001e-11	4.7684e-06	-3.81473e-06	1.90736e-06	-108.432
1236.0322	11.054	7.374455019999999e-11	-1.14442e-05	-5.24523e-05	5.0545e-05	-110.376
1237.5358	11.058	7.377123539999999e-11	-9.5368e-06	-5.53133e-05	5.24523e-05	-93.666
1239.0386	11.062	7.379792059999999e-11	-9.53682e-07	-2.86104e-06	5.72208e-06	164.748
1240.5573	11.066	7.38246058e-11	-2.6703e-05	4.10082e-05	4.86376e-05	125.724
1242.0288	11.07	7.3851291e-11	1.90736e-06	1.71663e-05	1.90736e-05	63.438
1243.5171	11.074	7.38779762e-11	4.86376e-05	2.6703e-05	5.81744e-05	34.734
1245.2763	11.078	7.39046614e-11	2.00273e-05	-4.7684e-06	1.43052e-05	-26.562
1246.7796	11.082	7.39313466e-11	5.72208e-06	-1.14442e-05	1.90736e-05	-43.83
1248.2819	11.086	7.39580318e-11	3.81473e-06	3.81473e-06	5.72208e-06	81.252
1250.0423	11.09	7.398471699999999e-11	-4.7684e-06	-3.33788e-05	3.14715e-05	-112.518
1251.5297	11.094	7.401140219999999e-11	2.57493e-05	-3.05178e-05	3.81472e-05	-53.904
1253.0318	11.098	7.40380874e-11	4.76839e-05	-1.90736e-05	5.0545e-05	-26.562
1254.5347	11.102	7.40647726e-11	-2.86104e-06	-2.86104e-06	6.67575e-06	-52.434
1256.0559	11.106	7.40914578e-11	2.3842e-05	1.71663e-05	3.14715e-05	49.026
1257.8311	11.11	7.411814299999999e-11	-1.62126e-05	0.0	1.23978e-05	149.034
1259.3174	11.114	7.41448282e-11	-1.71663e-05	2.28883e-05	2.3842e-05	98.364
1260.8059	11.118	7.41715134e-11	-9.53682e-07	2.6703e-05	3.05178e-05	91.08
1262.3094	11.122	7.41981986e-11	0.0	0.0	2.86104e-06	23.964
1263.8278	11.126	7.42248838e-11	-4.7684e-06	2.6703e-05	2.76567e-05	102.678
1265.3313	11.13	7.4251569e-11	-7.62945e-06	1.90736e-06	8.58313e-06	-161.568
1266.8514	11.134	7.42782542e-11	-1.04905e-05	-4.7684e-06	1.23978e-05	-148.572
1268.6107	11.138	7.430493939999999e-11	-6.67575e-06	1.23978e-05	1.52589e-05	97.764
1270.1141	11.142	7.433162459999999e-11	-5.3406e-05	-1.14442e-05	4.67303e-05	-162.15
1271.5856	11.146	7.43583098e-11	-4.10082e-05	-2.28883e-05	4.29156e-05	-145.536
1273.088	11.15	7.4384995e-11	-2.76567e-05	8.58313e-06	2.3842e-05	151.26
1274.5761	11.154	7.44116802e-11	-4.7684e-06	-4.7684e-06	5.72208e-06	-153.438
1276.3354	11.158	7.44383654e-11	-1.43052e-05	-3.62399e-05	3.81472e-05	-139.29
1277.8379	11.162	7.44650506e-11	-4.7684e-06	0.0	7.62945e-06	-169.692
1279.3568	11.166	7.449173579999999e-11	-4.29156e-05	-1.23978e-05	4.57766e-05	-172.566
1281.1012	11.17	7.451842099999999e-11	-6.67575e-06	-7.62945e-06	5.72208e-06	-54.462
1282.6048	11.174	7.454510619999999e-11	2.86104e-06	-5.72207e-05	5.53133e-05	-83.58
1284.0919	11.178	7.45717914e-11	0.0	-2.0981e-05	2.47956e-05	-77.622
1285.5955	11.182	7.45984766e-11	1.90736e-06	1.90736e-06	8.58313e-06	166.758
1287.0985	11.186	7.46251618e-11	5.72208e-06	-3.62399e-05	3.33788e-05	-82.728
1288.8573	11.19	7.4651847e-11	9.53682e-07	-3.14715e-05	2.6703e-05	-99.726
1290.3616	11.194	7.467853220000001e-11	3.05178e-05	5.72208e-06	2.3842e-05	11.688
1291.8485	11.198	7.47052174e-11	4.10082e-05	9.5368e-06	4.29156e-05	8.262
1293.3517	11.202	7.473190259999999e-11	1.71663e-05	-2.86104e-06	9.5368e-06	-50.712
1294.8398	11.206	7.475858779999999e-11	-2.0981e-05	3.24252e-05	3.52862e-05	132.582
1296.3272	11.21	7.4785273e-11	1.71663e-05	9.5368e-06	1.71663e-05	11.766
1297.8146	11.214	7.48119582e-11	-1.62126e-05	-7.62945e-06	1.33515e-05	-124.38
1299.5738	11.218	7.48386434e-11	-2.0981e-05	4.86376e-05	5.3406e-05	115.926
1301.1086	11.222	7.48653286e-11	-1.90736e-06	-1.04905e-05	1.14442e-05	-31.326
1302.6432	11.226	7.48920138e-11	3.24252e-05	1.33515e-05	3.43325e-05	24.54
1304.1473	11.23	7.4918699e-11	3.71935e-05	-9.53682e-07	1.62126e-05	10.008
1305.6511	11.234	7.49453842e-11	-7.62945e-06	-7.62945e-06	2.86104e-06	41.634
1307.4104	11.238	7.497206939999999e-11	3.14715e-05	1.23978e-05	3.14715e-05	22.518
1308.9138	11.242	7.49987546e-11	2.0981e-05	3.24252e-05	4.00546e-05	62.592
1310.4012	11.246	7.50254398e-11	1.52589e-05	-2.00273e-05	2.19346e-05	-57.804
1312.1603	11.25	7.5052125e-11	1.62126e-05	-3.81473e-06	2.00273e-05	-9.78
1313.6462	11.254	7.507881019999999e-11	2.57493e-05	9.53682e-07	2.57493e-05	-10.176
1315.1342	11.258	7.510549539999999e-11	8.58313e-06	0.0	1.23978e-05	-7.122
1316.6215	11.262	7.51321806e-11	2.57493e-05	1.71663e-05	2.86103e-05	54.162
1318.126	11.266	7.51588658e-11	2.6703e-05	-8.58313e-06	3.24252e-05	-19.134
1319.9011	11.27	7.5185551e-11	-4.95913e-05	-5.72208e-06	4.67303e-05	-173.388
1321.4047	11.274	7.52122362e-11	-4.7684e-06	0.0	9.53682e-07	-75.966
1322.892	11.278	7.52389214e-11	-3.52862e-05	-3.05178e-05	4.19619e-05	-133.602
1324.3629	11.282	7.526560659999999e-11	-2.86104e-06	-2.57493e-05	2.19346e-05	-97.596
1325.8504	11.286	7.529229179999999e-11	-4.67303e-05	-2.86104e-06	5.14986e-05	-176.376
1327.3543	11.29	7.531897699999999e-11	-2.19346e-05	-4.00546e-05	3.91009e-05	-106.506
1328.8572	11.294	7.53456622e-11	1.04905e-05	-8.58313e-06	1.14442e-05	-9.462
1330.6322	11.298	7.53723474e-11	1.71663e-05	0.0	2.00273e-05	3.366
1332.1202	11.302	7.53990326e-11	-9.53682e-07	-9.53682e-07	4.7684e-06	32.472
1333.6073	11.306	7.54257178e-11	-1.90736e-06	-7.62945e-06	5.72208e-06	175.236
1335.0785	11.31	7.545240299999999e-11	0.0	-3.43325e-05	3.05178e-05	-91.398
1336.5822	11.314	7.547908819999999e-11	-1.62126e-05	2.28883e-05	2.57493e-05	101.31
1338.3414	11.318	7.550577339999999e-11	1.71663e-05	1.04905e-05	1.90736e-05	62.652
1339.8277	11.322	7.553245859999999e-11	-2.28883e-05	2.6703e-05	3.91009e-05	138.45
1341.3155	11.326	7.55591438e-11	-1.62126e-05	3.81473e-06	1.90736e-05	176.532
1343.0582	11.33	7.5585829e-11	-1.04905e-05	-2.47956e-05	2.3842e-05	-109.98
1344.5621	11.334	7.56125142e-11	-1.90736e-06	-1.43052e-05	1.52589e-05	-81.57
1346.034	11.338	7.563919939999999e-11	-3.24252e-05	-3.14715e-05	4.76839e-05	-141.582
1347.5522	11.342	7.56658846e-11	3.62399e-05	1.52589e-05	4.00546e-05	17.574
1349.0403	11.346	7.56925698e-11	5.72208e-06	1.23978e-05	1.33515e-05	63.438
1350.816	11.35	7.571925499999999e-11	-5.14986e-05	2.0981e-05	4.95913e-05	157.128
1352.3194	11.354	7.574594019999999e-11	5.72208e-06	-1.04905e-05	1.23978e-05	-68.748
1353.8067	11.358	7.57726254e-11	-4.48229e-05	-2.86104e-06	3.81472e-05	177.84
1355.2941	11.362	7.57993106e-11	-6.67575e-06	1.23978e-05	1.14442e-05	104.934
1356.7973	11.366	7.58259958e-11	-1.04905e-05	-1.52589e-05	1.52589e-05	-99.864
1358.2847	11.37	7.585268099999999e-11	1.33515e-05	-6.2943e-05	6.00817e-05	-85.29
1359.7709	11.374	7.58793662e-11	0.0	1.23978e-05	1.43052e-05	83.418
1361.5472	11.378	7.59060514e-11	-1.81199e-05	-2.00273e-05	2.28883e-05	-149.742
1363.05	11.382	7.59327366e-11	-2.86104e-06	1.90736e-06	5.72208e-06	167.004
1364.5373	11.386	7.595942179999998e-11	2.86104e-06	-3.05178e-05	3.24252e-05	-83.772
1366.0247	11.39	7.5986107e-11	-2.0981e-05	2.00273e-05	2.9564e-05	145.224
1367.512	11.394	7.60127922e-11	0.0	2.0981e-05	2.19346e-05	101.31
1369.0001	11.398	7.603947739999999e-11	-3.81472e-05	5.72208e-06	3.91009e-05	180.0
1370.4714	11.402	7.606616259999999e-11	-1.04905e-05	1.04905e-05	1.14442e-05	129.288
1371.9589	11.406	7.60928478e-11	0.0	-1.33515e-05	1.52589e-05	-68.55
1373.717	11.41	7.6119533e-11	3.81473e-06	1.04905e-05	9.5368e-06	85.236
1375.2373	11.414	7.61462182e-11	1.23978e-05	-3.24252e-05	3.71935e-05	-57.144
1376.7073	11.418	7.61729034e-11	9.5368e-06	-2.0981e-05	2.00273e-05	-66.252
1378.2273	11.422	7.61995886e-11	1.23978e-05	-6.67575e-06	1.23978e-05	-15.522
1379.7142	11.426	7.622627379999999e-11	-2.76567e-05	1.04905e-05	3.05178e-05	164.748
1381.4749	11.43	7.625295899999999e-11	5.72208e-06	-9.5368e-06	1.23978e-05	-32.904
1382.9622	11.434	7.627964419999999e-11	3.05178e-05	-9.5368e-06	3.14715e-05	-10.842
1384.4657	11.438	7.63063294e-11	2.3842e-05	1.33515e-05	2.86103e-05	31.866
1385.9678	11.442	7.63330146e-11	1.62126e-05	8.58313e-06	1.43052e-05	-14.034
1387.4555	11.446	7.63596998e-11	4.67303e-05	-9.53682e-07	3.52862e-05	-13.17
1388.927	11.45	7.6386385e-11	-2.00273e-05	-3.81472e-05	3.91009e-05	-109.056
1390.4151	11.454	7.64130702e-11	6.67575e-06	2.86103e-05	2.86103e-05	83.37
1392.1573	11.458	7.643975539999999e-11	0.0	-2.28883e-05	2.00273e-05	-68.964
1393.6617	11.462	7.646644059999999e-11	9.5368e-06	-1.14442e-05	1.23978e-05	-3.012
1395.1486	11.466	7.649312579999999e-11	2.00273e-05	2.00273e-05	2.57493e-05	46.17
1396.6365	11.47	7.6519811e-11	2.86103e-05	2.57493e-05	3.52862e-05	42.51
1398.1548	11.474	7.65464962e-11	-4.7684e-06	1.04905e-05	1.33515e-05	108.432
1399.9152	11.478	7.65731814e-11	9.53682e-07	1.14442e-05	1.14442e-05	78.114
1401.3854	11.482	7.659986659999999e-11	-4.7684e-06	1.23978e-05	8.58313e-06	81.87
1402.8887	11.486	7.66265518e-11	-3.43325e-05	-2.86104e-06	3.14715e-05	-172.404
1404.6489	11.49	7.6653237e-11	4.7684e-06	-1.14442e-05	9.5368e-06	-104.034
1406.1194	11.494	7.66799222e-11	1.33515e-05	1.23978e-05	2.28883e-05	35.91
1407.6238	11.498	7.670660739999999e-11	4.19619e-05	3.52862e-05	5.43597e-05	42.51
1409.1111	11.502	7.67332926e-11	4.10082e-05	9.53682e-07	3.33788e-05	-2.436
1410.5977	11.506	7.67599778e-11	3.81472e-05	9.5368e-06	3.43325e-05	17.7
1412.3738	11.51	7.6786663e-11	-3.81473e-06	-9.53682e-07	6.67575e-06	-157.38
1413.8771	11.514	7.681334819999999e-11	-2.00273e-05	3.52862e-05	3.91009e-05	111.99
1415.3966	11.518	7.68400334e-11	3.81472e-05	1.33515e-05	4.38693e-05	18.432
1416.8999	11.522	7.68667186e-11	-1.62126e-05	3.81472e-05	4.57766e-05	121.662
1418.3873	11.526	7.68934038e-11	0.0	2.86103e-05	2.6703e-05	76.332
1419.8567	11.53	7.6920089e-11	1.90736e-05	0.0	2.47956e-05	4.188
1421.362	11.534	7.69467742e-11	4.38693e-05	1.90736e-06	4.29156e-05	5.358
1423.1053	11.538	7.69734594e-11	4.7684e-06	1.23978e-05	1.43052e-05	67.164
1424.5766	11.542	7.700014459999999e-11	5.24523e-05	1.71663e-05	5.0545e-05	19.656
1426.0622	11.546	7.702682979999999e-11	-2.28883e-05	1.71663e-05	2.86103e-05	149.034
1427.5505	11.55	7.7053515e-11	5.81744e-05	-9.53682e-07	4.86376e-05	3.522
1429.0378	11.554	7.70802002e-11	1.52589e-05	1.90736e-05	2.47956e-05	53.43
1430.814	11.558	7.71068854e-11	-2.47956e-05	-1.90736e-06	1.81199e-05	180.0
1432.3155	11.562	7.71335706e-11	-1.52589e-05	2.3842e-05	2.57493e-05	129.174
1433.8033	11.566	7.716025580000001e-11	-2.28883e-05	-4.7684e-06	1.90736e-05	-168.69
1435.3066	11.57	7.718694099999999e-11	-9.5368e-06	3.33788e-05	3.52862e-05	73.2
1436.7945	11.574	7.721362619999999e-11	-1.90736e-06	-4.7684e-06	5.72208e-06	-131.184
1438.5866	11.578	7.724031139999999e-11	-3.05178e-05	2.6703e-05	5.0545e-05	139.188
1440.0723	11.582	7.72669966e-11	-3.71935e-05	4.57766e-05	6.38966e-05	135.816
1441.5773	11.586	7.72936818e-11	-4.29156e-05	-5.72208e-06	4.38693e-05	-176.424
1443.3207	11.59	7.7320367e-11	-5.81744e-05	-9.5368e-06	5.43597e-05	-163.854
1444.8073	11.594	7.73470522e-11	-2.57493e-05	-5.14986e-05	5.3406e-05	-107.97
1446.3115	11.598	7.73737374e-11	-1.43052e-05	8.58313e-06	1.04905e-05	147.528
1447.8145	11.602	7.74004226e-11	-6.2943e-05	-4.00546e-05	7.05724e-05	-145.14
1449.3017	11.606	7.742710779999999e-11	-1.23978e-05	-4.00546e-05	4.19619e-05	-119.31
1451.0615	11.61	7.745379299999999e-11	3.05178e-05	-4.95913e-05	6.10356e-05	-55.62
1452.5648	11.614	7.74804782e-11	-2.47956e-05	2.86103e-05	3.81472e-05	139.29
1454.0841	11.618	7.75071634e-11	-4.48229e-05	-4.48229e-05	5.72207e-05	-123.312
1455.5715	11.622	7.75338486e-11	1.90736e-05	-2.86104e-06	2.00273e-05	-3.942
1457.0589	11.626	7.756053379999999e-11	-2.28883e-05	-1.43052e-05	2.57493e-05	-138.942
1458.545	11.63	7.7587219e-11	4.10082e-05	-2.00273e-05	4.57766e-05	-15.834
1460.0173	11.634	7.76139042e-11	4.57766e-05	-2.28883e-05	5.0545e-05	-27.234
1461.7921	11.638	7.76405894e-11	3.62399e-05	1.71663e-05	3.24252e-05	25.974
1463.2803	11.642	7.76672746e-11	6.5804e-05	0.0	6.77113e-05	-0.57
1464.7657	11.646	7.76939598e-11	0.0	-3.33788e-05	3.24252e-05	-82.566
1466.271	11.65	7.7720645e-11	2.19346e-05	5.72208e-06	1.71663e-05	-23.748
1467.7573	11.654	7.774733019999999e-11	-1.04905e-05	2.6703e-05	2.86103e-05	123.69
1469.5335	11.658	7.777401539999999e-11	-4.7684e-06	-1.71663e-05	2.57493e-05	-135.804
1471.0209	11.662	7.78007006e-11	-3.81473e-06	-9.5368e-06	6.67575e-06	-119.748
1472.5244	11.666	7.78273858e-11	6.67575e-06	1.04905e-05	9.5368e-06	30.258
1474.299	11.67	7.7854071e-11	-1.90736e-06	5.72208e-06	8.58313e-06	62.1
1475.8023	11.674	7.78807562e-11	-8.58313e-06	8.58313e-06	1.23978e-05	125.22
1477.3064	11.678	7.79074414e-11	1.43052e-05	2.28883e-05	2.86103e-05	32.574
1478.8098	11.682	7.79341266e-11	3.71935e-05	1.23978e-05	4.38693e-05	9.606
1480.2972	11.686	7.796081179999999e-11	-1.62126e-05	-4.57766e-05	4.67303e-05	-118.812
1482.0401	11.69	7.798749699999999e-11	-3.81473e-06	2.57493e-05	2.86103e-05	113.838
1483.5273	11.694	7.80141822e-11	1.90736e-06	-1.62126e-05	1.71663e-05	-78.312
1485.0472	11.698	7.80408674e-11	-4.29156e-05	2.6703e-05	4.76839e-05	136.698
1486.5332	11.702	7.80675526e-11	-3.81473e-06	-1.14442e-05	1.23978e-05	-136.974
1488.0219	11.706	7.80942378e-11	5.72208e-06	1.90736e-05	2.0981e-05	86.532
1489.5093	11.71	7.812092300000001e-11	-3.33788e-05	5.9128e-05	7.05724e-05	123.978
1491.012	11.714	7.81476082e-11	-3.33788e-05	-2.28883e-05	4.19619e-05	-144.864
1492.7545	11.718	7.817429339999999e-11	-5.24523e-05	-3.81472e-05	6.67577e-05	-146.61
1494.2417	11.722	7.820097859999999e-11	-2.47956e-05	3.24252e-05	3.91009e-05	124.506
1495.7298	11.726	7.82276638e-11	-2.6703e-05	-1.04905e-05	2.6703e-05	177.066
1497.2173	11.73	7.8254349e-11	2.19346e-05	7.62945e-06	1.71663e-05	24.228
1498.7213	11.734	7.82810342e-11	0.0	2.28883e-05	2.57493e-05	108.006
1500.4967	11.738	7.83077194e-11	1.43052e-05	-1.04905e-05	1.33515e-05	-50.904
1501.9839	11.742	7.83344046e-11	-1.33515e-05	-3.62399e-05	3.52862e-05	-90.0
1503.5027	11.746	7.83610898e-11	-9.53682e-07	6.67575e-06	1.23978e-05	36.468
1505.2619	11.75	7.8387775e-11	2.86103e-05	-3.33788e-05	4.38693e-05	-39.918
1506.7491	11.754	7.841446019999999e-11	3.91009e-05	-1.43052e-05	3.91009e-05	-26.112
1508.2373	11.758	7.844114539999999e-11	2.47956e-05	-2.19346e-05	3.81472e-05	-36.306
1509.7086	11.762	7.84678306e-11	2.19346e-05	-6.67575e-06	8.58313e-06	45.0
1511.1961	11.766	7.84945158e-11	4.86376e-05	-2.9564e-05	5.3406e-05	-33.084
1512.9554	11.77	7.852120099999999e-11	2.86103e-05	-2.28883e-05	3.71935e-05	-34.248
1514.4588	11.774	7.854788619999999e-11	1.90736e-05	3.81473e-06	2.0981e-05	-1.734
1515.9461	11.778	7.85745714e-11	2.00273e-05	6.67575e-06	2.00273e-05	7.854
1517.4335	11.782	7.86012566e-11	3.81473e-06	2.6703e-05	2.6703e-05	83.046
1518.9202	11.786	7.86279418e-11	2.19346e-05	1.14442e-05	2.76567e-05	20.556
1520.4242	11.79	7.865462699999998e-11	-2.00273e-05	7.62945e-06	2.3842e-05	167.124
1521.9436	11.794	7.86813122e-11	-2.00273e-05	-9.53682e-07	1.14442e-05	-141.84
1523.7023	11.798	7.870799739999999e-11	-6.67575e-06	-3.71935e-05	3.91009e-05	-100.062
1525.2223	11.802	7.873468259999999e-11	-7.62945e-06	1.04905e-05	3.81473e-06	-20.556
1526.6936	11.806	7.876136779999999e-11	-4.00546e-05	2.86103e-05	4.76839e-05	151.974
1528.1971	11.81	7.8788053e-11	-9.5368e-06	8.58313e-06	8.58313e-06	156.798
1529.6844	11.814	7.88147382e-11	2.86104e-06	-1.90736e-05	2.0981e-05	-71.568
1531.4438	11.818	7.88414234e-11	-1.33515e-05	2.6703e-05	2.57493e-05	86.82
1532.947	11.822	7.88681086e-11	2.0981e-05	-1.81199e-05	2.3842e-05	-63.438
1534.4503	11.826	7.889479379999999e-11	1.90736e-05	0.0	1.04905e-05	-45.0
1536.2097	11.83	7.892147899999999e-11	1.04905e-05	1.62126e-05	2.0981e-05	57.654
1537.7113	11.834	7.894816419999999e-11	-1.62126e-05	-1.04905e-05	1.43052e-05	-125.22
1539.1991	11.838	7.897484939999999e-11	-2.86104e-06	-5.3406e-05	5.3406e-05	-75.468
1540.687	11.842	7.90015346e-11	2.28883e-05	-8.58313e-06	3.05178e-05	-26.028
1542.1902	11.846	7.90282198e-11	2.28883e-05	-1.33515e-05	2.86103e-05	-29.052
1543.9662	11.85	7.9054905e-11	-9.5368e-06	9.5368e-06	1.71663e-05	145.716