Time (s) 	 Position (mm) 	 Delay (s) 	 X 	 Y 	 R 	 theta 
#Without Preamplifier,Fluence with Filter (None), ZnTe detector angle 40deg, Chopper 230Hz, time constant=0.3s 18dB, waiting time= 2.7s, sensitivity=20mV
3.7286	7.0	4.6699099999999995e-11	-5.0545e-05	-5.72208e-06	5.14986e-05	-174.996
7.055	7.004	4.6725785199999993e-11	-4.67303e-05	1.90736e-05	4.86376e-05	157.752
10.3492	7.008	4.67524704e-11	-5.6267e-05	1.90736e-05	6.00817e-05	161.76
13.6444	7.012	4.6779155599999996e-11	-6.5804e-05	1.71663e-05	6.5804e-05	164.844
16.9381	7.016	4.68058408e-11	-4.00546e-05	1.81199e-05	4.38693e-05	155.772
20.2333	7.02	4.683252599999999e-11	-4.67303e-05	1.04905e-05	4.76839e-05	167.298
23.5117	7.024	4.68592112e-11	-3.71935e-05	1.71663e-05	3.91009e-05	153.438
26.7908	7.028	4.6885896399999995e-11	-5.72207e-05	2.47956e-05	6.19893e-05	156.96
30.069	7.032	4.69125816e-11	-4.67303e-05	3.52862e-05	5.72207e-05	142.068
33.3485	7.036	4.693926679999999e-11	-6.67577e-05	1.04905e-05	6.5804e-05	170.73
36.6264	7.04	4.6965951999999997e-11	-2.9564e-05	1.81199e-05	3.43325e-05	146.004
39.9047	7.044	4.6992637199999995e-11	-5.3406e-05	1.33515e-05	5.53133e-05	163.962
43.184	7.048	4.70193224e-11	-8.20165e-05	1.62126e-05	8.10628e-05	168.69
46.4625	7.052	4.70460076e-11	-7.34334e-05	2.3842e-05	7.72481e-05	160.644
49.7415	7.056	4.7072692799999996e-11	-5.53133e-05	8.58313e-06	5.53133e-05	171.672
53.2759	7.06	4.7099377999999994e-11	-6.8665e-05	5.72208e-06	6.77113e-05	175.056
56.5548	7.064	4.71260632e-11	-4.00546e-05	9.5368e-06	3.81472e-05	163.782
60.1052	7.068	4.71527484e-11	-5.53133e-05	2.28883e-05	5.9128e-05	157.83
63.399	7.072	4.7179433599999995e-11	-4.95913e-05	1.23978e-05	4.86376e-05	165.774
66.6781	7.076	4.7206118799999993e-11	-5.3406e-05	0.0	5.24523e-05	179.286
69.9407	7.08	4.7232804e-11	-5.81744e-05	2.86103e-05	6.38966e-05	153.438
73.2197	7.084	4.7259489199999996e-11	-5.24523e-05	-9.53682e-07	5.0545e-05	179.238
76.4979	7.088	4.72861744e-11	-3.33788e-05	3.81473e-06	3.33788e-05	174.402
79.793	7.092	4.731285959999999e-11	-3.43325e-05	2.86103e-05	4.38693e-05	138.012
83.087	7.096	4.73395448e-11	-5.24523e-05	1.90736e-05	5.53133e-05	158.964
86.6379	7.1	4.7366229999999995e-11	-8.20165e-05	2.47956e-05	8.58312e-05	162.54
89.9328	7.104	4.73929152e-11	-7.34334e-05	1.23978e-05	7.43871e-05	169.194
93.4832	7.108	4.74196004e-11	-6.67577e-05	1.14442e-05	6.77113e-05	169.242
96.7778	7.112	4.7446285599999996e-11	-6.2943e-05	1.52589e-05	6.38966e-05	166.392
100.0725	7.116	4.7472970799999995e-11	-5.3406e-05	1.71663e-05	5.53133e-05	161.784
103.3508	7.12	4.7499656e-11	-4.95913e-05	2.19346e-05	5.3406e-05	155.964
106.6294	7.124	4.75263412e-11	-7.34334e-05	4.19619e-05	8.48775e-05	150.42
109.9082	7.128	4.7553026399999996e-11	-2.9564e-05	9.53682e-07	2.86103e-05	177.336
113.187	7.132	4.7579711599999994e-11	-3.71935e-05	2.00273e-05	4.00546e-05	151.314
116.4655	7.136	4.76063968e-11	-4.95913e-05	9.53682e-07	4.86376e-05	177.612
120.032	7.14	4.7633081999999997e-11	-3.43325e-05	5.0545e-05	6.00817e-05	123.342
123.3097	7.144	4.76597672e-11	-3.62399e-05	2.28883e-05	4.19619e-05	146.562
126.8609	7.148	4.768645239999999e-11	-6.38966e-05	7.62945e-06	6.5804e-05	172.518
130.1551	7.152	4.77131376e-11	-2.00273e-05	7.62945e-06	1.90736e-05	157.83
133.4342	7.156	4.7739822799999996e-11	-5.53133e-05	2.19346e-05	5.72207e-05	157.584
136.7128	7.16	4.7766508e-11	-9.05995e-05	1.81199e-05	9.25069e-05	169.332
139.9916	7.164	4.779319319999999e-11	-4.95913e-05	2.57493e-05	5.53133e-05	152.82
143.27	7.168	4.78198784e-11	-3.14715e-05	3.71935e-05	4.86376e-05	129.51
146.5646	7.172	4.7846563599999995e-11	-4.95913e-05	4.7684e-06	4.86376e-05	174.522
149.8592	7.176	4.78732488e-11	-5.6267e-05	1.90736e-06	5.3406e-05	178.566
153.4099	7.18	4.7899934e-11	-5.24523e-05	1.04905e-05	5.0545e-05	167.64
156.7045	7.184	4.7926619199999996e-11	-5.3406e-05	3.81472e-05	6.48503e-05	143.712
160.2386	7.188	4.7953304399999995e-11	-6.2943e-05	-4.7684e-06	6.19893e-05	-175.698
163.5177	7.192	4.79799896e-11	-7.34334e-05	1.90736e-05	7.72481e-05	165.486
166.7802	7.196	4.80066748e-11	-5.53133e-05	1.71663e-05	5.72207e-05	163.236
170.0588	7.2	4.8033359999999996e-11	-5.6267e-05	3.81472e-05	6.8665e-05	146.31
173.3537	7.204	4.8060045199999994e-11	-5.14986e-05	1.43052e-05	5.24523e-05	163.164
176.6321	7.208	4.80867304e-11	-6.67577e-05	3.33788e-05	7.34334e-05	152.508
179.9106	7.212	4.8113415599999997e-11	-4.86376e-05	2.57493e-05	5.53133e-05	152.82
183.1892	7.216	4.81401008e-11	-5.53133e-05	1.52589e-05	5.6267e-05	164.334
186.7237	7.22	4.816678599999999e-11	-5.24523e-05	3.33788e-05	6.19893e-05	147.342
190.0024	7.224	4.81934712e-11	-6.5804e-05	1.62126e-05	6.48503e-05	165.108
193.5531	7.228	4.8220156399999996e-11	-3.91009e-05	3.05178e-05	5.0545e-05	144.462
196.8475	7.232	4.82468416e-11	-5.14986e-05	-6.67575e-06	5.24523e-05	-173.58
200.1261	7.236	4.82735268e-11	-6.67577e-05	1.43052e-05	6.8665e-05	167.826
203.4206	7.24	4.8300212e-11	-3.24252e-05	1.71663e-05	3.71935e-05	152.1
206.6987	7.244	4.8326897199999995e-11	-5.81744e-05	1.04905e-05	5.81744e-05	168.816
209.9769	7.248	4.83535824e-11	-3.62399e-05	1.71663e-05	3.91009e-05	156.426
213.2564	7.252	4.83802676e-11	-6.00817e-05	2.86103e-05	6.67577e-05	153.186
216.5348	7.256	4.8406952799999996e-11	-5.43597e-05	-2.86104e-06	5.3406e-05	-177.174
220.1007	7.26	4.8433637999999994e-11	-6.48503e-05	1.62126e-05	6.67577e-05	165.966
223.412	7.264	4.84603232e-11	-6.10356e-05	1.14442e-05	6.2943e-05	168.57
226.962	7.268	4.84870084e-11	-3.71935e-05	3.62399e-05	5.24523e-05	136.02
230.2409	7.272	4.85136936e-11	-5.81744e-05	1.71663e-05	5.9128e-05	163.182
233.5196	7.276	4.8540378799999994e-11	-6.19893e-05	2.3842e-05	6.48503e-05	157.11
236.7977	7.28	4.8567064e-11	-3.81472e-05	3.62399e-05	5.3406e-05	137.01
240.0769	7.284	4.8593749199999997e-11	-6.8665e-05	2.19346e-05	7.1526e-05	161.568
243.3549	7.288	4.86204344e-11	-5.53133e-05	1.81199e-05	5.81744e-05	162.18
246.8897	7.292	4.86471196e-11	-6.00817e-05	8.58313e-06	6.19893e-05	171.348
250.1686	7.296	4.86738048e-11	-6.48503e-05	2.6703e-05	6.96187e-05	157.38
253.7187	7.3	4.8700489999999996e-11	-5.14986e-05	1.71663e-05	5.24523e-05	160.878
256.9971	7.304	4.87271752e-11	-6.5804e-05	2.3842e-05	7.05724e-05	160.71
260.5317	7.308	4.87538604e-11	-5.24523e-05	1.90736e-05	5.43597e-05	160.44
263.811	7.312	4.87805456e-11	-4.57766e-05	3.33788e-05	5.72207e-05	144.69
267.0891	7.316	4.8807230799999995e-11	-6.00817e-05	3.52862e-05	6.67577e-05	147.75
270.6398	7.32	4.8833916e-11	-5.6267e-05	2.47956e-05	6.19893e-05	155.604
273.9347	7.324	4.88606012e-11	-4.00546e-05	4.86376e-05	6.19893e-05	129.336
277.501	7.328	4.88872864e-11	-7.34334e-05	3.24252e-05	8.10628e-05	155.94
280.7959	7.332	4.8913971599999994e-11	-5.14986e-05	1.90736e-05	5.43597e-05	157.806
284.1066	7.336	4.89406568e-11	-5.24523e-05	4.48229e-05	6.77113e-05	138.222
287.4007	7.34	4.8967342e-11	-6.8665e-05	0.0	6.67577e-05	180.0
290.6798	7.344	4.89940272e-11	-5.6267e-05	1.04905e-05	5.6267e-05	168.558
293.9743	7.348	4.9020712399999994e-11	-4.67303e-05	3.05178e-05	5.53133e-05	146.124
297.2366	7.352	4.90473976e-11	-4.67303e-05	2.9564e-05	5.53133e-05	147.264
300.5158	7.356	4.9074082799999996e-11	-6.67577e-05	1.71663e-05	6.96187e-05	165.174
304.0498	7.36	4.9100768e-11	-6.96187e-05	1.23978e-05	7.1526e-05	169.932
307.3285	7.364	4.91274532e-11	-4.48229e-05	2.00273e-05	4.95913e-05	154.11
310.8786	7.368	4.91541384e-11	-7.24797e-05	3.33788e-05	7.91554e-05	155.556
314.1737	7.372	4.9180823599999996e-11	-7.82018e-05	1.71663e-05	7.82018e-05	167.154
317.4685	7.376	4.92075088e-11	-5.3406e-05	6.67575e-06	5.3406e-05	172.878
320.7463	7.38	4.9234194e-11	-6.67577e-05	9.5368e-06	6.5804e-05	170.73
324.0257	7.384	4.9260879199999997e-11	-6.19893e-05	1.52589e-05	6.19893e-05	167.004
327.3037	7.388	4.9287564399999995e-11	-4.67303e-05	1.71663e-05	5.0545e-05	160.854
330.8387	7.392	4.93142496e-11	-5.72207e-05	4.10082e-05	7.1526e-05	144.834
334.1173	7.396	4.93409348e-11	-5.24523e-05	3.14715e-05	6.00817e-05	148.926
337.667	7.4	4.936762e-11	-5.14986e-05	1.62126e-05	5.43597e-05	160.908
340.9618	7.404	4.9394305199999994e-11	-4.86376e-05	4.19619e-05	6.38966e-05	140.04
344.5128	7.408	4.94209904e-11	-6.19893e-05	0.0	6.10356e-05	179.376
347.8074	7.412	4.94476756e-11	-5.14986e-05	1.90736e-06	4.95913e-05	177.678
351.1022	7.416	4.94743608e-11	-4.95913e-05	3.24252e-05	5.81744e-05	145.062
354.3807	7.42	4.9501046e-11	-6.00817e-05	2.9564e-05	6.48503e-05	153.96
357.6586	7.424	4.95277312e-11	-6.00817e-05	2.3842e-05	6.48503e-05	157.872
360.938	7.428	4.9554416399999996e-11	-7.1526e-05	4.10082e-05	8.20165e-05	149.91
364.2165	7.432	4.95811016e-11	-6.67577e-05	2.57493e-05	7.05724e-05	158.298
367.4789	7.436	4.96077868e-11	-3.33788e-05	7.62945e-06	3.24252e-05	165.966
371.0137	7.44	4.9634472e-11	-6.38966e-05	2.19346e-05	6.5804e-05	161.748
374.2922	7.444	4.9661157199999996e-11	-6.48503e-05	3.52862e-05	7.43871e-05	150.696
377.8267	7.448	4.96878424e-11	-4.48229e-05	3.52862e-05	5.72207e-05	142.47
381.1045	7.452	4.97145276e-11	-5.72207e-05	3.24252e-05	6.5804e-05	150.888
384.4	7.456	4.97412128e-11	-6.00817e-05	1.90736e-05	6.2943e-05	161.19
387.6948	7.46	4.9767897999999995e-11	-5.0545e-05	2.19346e-05	5.53133e-05	156.528
390.957	7.464	4.97945832e-11	-5.43597e-05	2.86104e-06	5.43597e-05	175.176
394.2357	7.468	4.98212684e-11	-7.62944e-05	6.00817e-05	9.72752e-05	141.954
397.5148	7.472	4.98479536e-11	-4.95913e-05	1.04905e-05	4.95913e-05	166.716
400.7932	7.476	4.9874638799999994e-11	-5.81744e-05	9.5368e-06	5.9128e-05	171.594
404.3435	7.48	4.9901324e-11	-6.48503e-05	3.91009e-05	7.53407e-05	147.144
407.6218	7.484	4.99280092e-11	-4.95913e-05	4.7684e-06	4.86376e-05	172.974
411.1731	7.488	4.99546944e-11	-3.14715e-05	-5.72208e-06	3.24252e-05	-171.87
414.4676	7.492	4.99813796e-11	-4.86376e-05	1.52589e-05	5.14986e-05	163.164
417.7462	7.496	5.00080648e-11	-5.53133e-05	3.24252e-05	6.38966e-05	149.238
421.0083	7.5	5.0034749999999996e-11	-8.86922e-05	2.6703e-05	9.25069e-05	163.104
424.2874	7.504	5.0061435199999994e-11	-4.86376e-05	2.00273e-05	5.24523e-05	156.33
427.5818	7.508	5.00881204e-11	-7.1526e-05	4.10082e-05	8.20165e-05	149.352
431.1326	7.512	5.01148056e-11	-4.00546e-05	5.72208e-06	4.00546e-05	171.468
434.4106	7.516	5.0141490799999995e-11	-6.67577e-05	1.04905e-05	6.67577e-05	170.442
437.9459	7.52	5.0168175999999994e-11	-5.14986e-05	3.24252e-05	6.00817e-05	146.658
441.2243	7.524	5.01948612e-11	-3.91009e-05	1.04905e-05	3.91009e-05	163.392
444.7747	7.528	5.0221546399999997e-11	-4.67303e-05	1.90736e-05	5.0545e-05	158.748
448.053	7.532	5.0248231599999995e-11	-6.2943e-05	2.19346e-05	6.5804e-05	160.266
451.3159	7.536	5.027491679999999e-11	-4.86376e-05	1.71663e-05	5.0545e-05	160.146
454.6108	7.54	5.0301602e-11	-4.48229e-05	1.90736e-05	4.86376e-05	158.91
457.8886	7.544	5.0328287199999996e-11	-4.95913e-05	4.38693e-05	6.5804e-05	139.896
461.1674	7.548	5.03549724e-11	-4.95913e-05	1.33515e-05	5.0545e-05	164.358
464.7017	7.552	5.038165759999999e-11	-5.24523e-05	1.90736e-05	5.53133e-05	159.204
467.9803	7.556	5.04083428e-11	-3.05178e-05	5.72208e-06	3.05178e-05	167.736
471.5314	7.56	5.0435027999999995e-11	-9.15532e-05	4.38693e-05	0.00010109	154.44
474.7941	7.564	5.04617132e-11	-5.9128e-05	2.19346e-05	6.19893e-05	159.444
478.3446	7.568	5.04883984e-11	-4.57766e-05	3.71935e-05	5.9128e-05	140.442
481.6386	7.572	5.0515083599999996e-11	-8.67848e-05	2.3842e-05	8.96459e-05	164.934
484.9015	7.576	5.0541768799999994e-11	-7.1526e-05	3.05178e-05	7.72481e-05	156.54
488.1796	7.58	5.0568454e-11	-5.53133e-05	4.10082e-05	6.77113e-05	143.238
491.4588	7.584	5.05951392e-11	-7.1526e-05	1.71663e-05	7.43871e-05	165.468
494.7376	7.588	5.0621824399999995e-11	-2.6703e-05	2.6703e-05	4.00546e-05	138.288
498.0155	7.592	5.0648509599999994e-11	-6.38966e-05	3.52862e-05	7.24797e-05	150.192
501.3106	7.596	5.06751948e-11	-6.67577e-05	2.57493e-05	7.1526e-05	158.196
504.8614	7.6	5.0701879999999996e-11	-5.72207e-05	5.72208e-06	5.72207e-05	174.684
508.156	7.604	5.07285652e-11	-6.10356e-05	2.57493e-05	6.48503e-05	156.036
511.7065	7.608	5.075525039999999e-11	-4.67303e-05	2.28883e-05	5.0545e-05	154.44
514.9851	7.612	5.07819356e-11	-5.3406e-05	1.90736e-06	5.24523e-05	177.174
518.2634	7.616	5.0808620799999996e-11	-5.6267e-05	2.57493e-05	6.19893e-05	154.266
521.5421	7.62	5.0835306e-11	-4.19619e-05	1.23978e-05	4.19619e-05	164.178
524.8043	7.624	5.086199119999999e-11	-2.76567e-05	4.7684e-06	2.76567e-05	167.622
528.0826	7.628	5.0888676399999997e-11	-4.86376e-05	5.72208e-06	4.95913e-05	171.546
531.6339	7.632	5.0915361599999995e-11	-6.48503e-05	1.52589e-05	6.38966e-05	166.254
534.9127	7.636	5.09420468e-11	-7.34334e-05	3.43325e-05	7.91554e-05	154.956
538.4785	7.64	5.0968732e-11	-8.29701e-05	1.90736e-06	8.01091e-05	178.566
541.7574	7.644	5.0995417199999996e-11	-4.95913e-05	2.9564e-05	5.72207e-05	149.034
545.2924	7.648	5.1022102399999994e-11	-6.2943e-05	2.3842e-05	6.67577e-05	159.042
548.5704	7.652	5.10487876e-11	-6.5804e-05	2.57493e-05	6.96187e-05	158.1
551.8494	7.656	5.10754728e-11	-5.3406e-05	3.81473e-06	5.24523e-05	175.656
555.1275	7.66	5.1102157999999995e-11	-4.38693e-05	2.9564e-05	5.14986e-05	144.462
558.4069	7.664	5.1128843199999993e-11	-6.00817e-05	0.0	5.9128e-05	179.358
561.685	7.668	5.11555284e-11	-6.67577e-05	2.86103e-05	7.05724e-05	156.588
565.2521	7.672	5.1182213599999996e-11	-5.14986e-05	1.71663e-05	5.3406e-05	160.878
568.5465	7.676	5.12088988e-11	-3.33788e-05	1.90736e-05	3.62399e-05	148.326
572.097	7.68	5.123558399999999e-11	-5.72207e-05	2.3842e-05	6.19893e-05	158.088
575.3917	7.684	5.12622692e-11	-6.00817e-05	4.10082e-05	7.1526e-05	147.042
578.9423	7.688	5.1288954399999996e-11	-3.91009e-05	1.52589e-05	4.19619e-05	157.866
582.2208	7.692	5.13156396e-11	-5.14986e-05	1.23978e-05	5.3406e-05	165.618
585.4835	7.696	5.13423248e-11	-5.81744e-05	2.19346e-05	6.19893e-05	160.224
588.7623	7.7	5.1369009999999997e-11	-6.67577e-05	3.24252e-05	7.34334e-05	151.596
592.041	7.704	5.1395695199999995e-11	-4.86376e-05	1.52589e-05	5.0545e-05	162.282
595.3356	7.708	5.14223804e-11	-5.81744e-05	2.3842e-05	6.2943e-05	158.31
598.614	7.712	5.14490656e-11	-2.76567e-05	2.3842e-05	3.52862e-05	135.0
601.9081	7.716	5.1475750799999996e-11	-6.19893e-05	3.43325e-05	7.05724e-05	148.848
605.1704	7.72	5.1502435999999994e-11	-5.14986e-05	9.5368e-06	5.0545e-05	170.292
608.4487	7.724	5.15291212e-11	-7.1526e-05	5.72207e-05	9.05995e-05	141.798
611.7281	7.728	5.15558064e-11	-6.2943e-05	2.47956e-05	6.77113e-05	157.68
614.9909	7.732	5.15824916e-11	-5.53133e-05	1.90736e-05	5.72207e-05	160.302
618.2853	7.736	5.1609176799999993e-11	-4.95913e-05	1.14442e-05	4.86376e-05	166.35
621.5796	7.74	5.1635862e-11	-6.00817e-05	3.71935e-05	6.96187e-05	147.066
624.8745	7.744	5.1662547199999996e-11	-4.00546e-05	2.28883e-05	4.57766e-05	149.322
628.1687	7.748	5.16892324e-11	-3.14715e-05	2.9564e-05	4.38693e-05	137.436
631.4797	7.752	5.17159176e-11	-4.00546e-05	2.86103e-05	5.0545e-05	140.766
634.7423	7.756	5.17426028e-11	-4.86376e-05	1.71663e-05	5.0545e-05	159.18
638.277	7.76	5.1769287999999995e-11	-6.19893e-05	4.57766e-05	7.62944e-05	143.826
641.5554	7.764	5.17959732e-11	-4.29156e-05	1.90736e-05	4.67303e-05	153.438
645.106	7.768	5.18226584e-11	-4.48229e-05	3.24252e-05	5.53133e-05	143.268
648.3839	7.772	5.1849343599999997e-11	-4.00546e-05	3.05178e-05	4.95913e-05	140.868
651.6624	7.776	5.1876028799999995e-11	-7.34334e-05	2.86103e-05	7.91554e-05	158.112
654.9576	7.78	5.1902714e-11	-4.67303e-05	1.62126e-05	5.0545e-05	159.18
658.2363	7.784	5.19293992e-11	-3.62399e-05	3.05178e-05	4.76839e-05	140.598
661.5144	7.788	5.19560844e-11	-5.24523e-05	1.23978e-05	5.3406e-05	167.322
665.0655	7.792	5.1982769599999994e-11	-4.86376e-05	1.14442e-05	4.86376e-05	166.89
668.3438	7.796	5.20094548e-11	-5.81744e-05	1.62126e-05	5.9128e-05	163.428
671.8785	7.8	5.203614e-11	-4.67303e-05	1.14442e-05	4.76839e-05	166.35
675.1574	7.804	5.20628252e-11	-6.67577e-05	8.58313e-06	6.5804e-05	172.44
678.7078	7.808	5.208951039999999e-11	-4.19619e-05	2.9564e-05	5.0545e-05	144.03
682.0023	7.812	5.21161956e-11	-6.19893e-05	3.05178e-05	6.96187e-05	154.656
685.2648	7.816	5.2142880799999996e-11	-5.53133e-05	8.58313e-06	5.6267e-05	171.966
688.5434	7.82	5.2169566e-11	-5.14986e-05	1.71663e-05	5.3406e-05	159.774
691.8382	7.824	5.21962512e-11	-7.91554e-05	2.19346e-05	8.10628e-05	164.052
695.1169	7.828	5.22229364e-11	-6.00817e-05	1.71663e-05	6.2943e-05	163.476
698.4114	7.832	5.2249621599999995e-11	-3.71935e-05	1.62126e-05	3.91009e-05	155.64
701.6893	7.836	5.22763068e-11	-7.53407e-05	2.76567e-05	7.91554e-05	159.726
704.9849	7.84	5.2302992e-11	-4.00546e-05	2.28883e-05	4.67303e-05	150.552
708.279	7.844	5.2329677199999996e-11	-5.9128e-05	1.71663e-05	6.00817e-05	162.57
711.5582	7.848	5.2356362399999995e-11	-6.8665e-05	2.57493e-05	7.24797e-05	158.1
714.8367	7.852	5.23830476e-11	-5.14986e-05	2.28883e-05	5.53133e-05	155.274
718.1313	7.856	5.24097328e-11	-6.8665e-05	1.33515e-05	7.05724e-05	167.76
721.4099	7.86	5.2436418e-11	-4.57766e-05	1.90736e-05	4.76839e-05	154.884
724.7037	7.864	5.2463103199999994e-11	-4.86376e-05	1.52589e-05	4.76839e-05	160.29
727.983	7.868	5.24897884e-11	-5.6267e-05	3.52862e-05	6.5804e-05	148.056
731.2612	7.872	5.2516473599999997e-11	-4.29156e-05	1.90736e-06	4.19619e-05	176.37
734.5243	7.876	5.25431588e-11	-4.67303e-05	1.90736e-06	4.57766e-05	177.582
737.7868	7.88	5.2569844e-11	-5.14986e-05	2.0981e-05	5.43597e-05	157.542
741.0815	7.884	5.25965292e-11	-5.53133e-05	4.10082e-05	6.67577e-05	142.224
744.3601	7.888	5.2623214399999996e-11	-4.48229e-05	2.19346e-05	5.0545e-05	154.758
747.6703	7.892	5.26498996e-11	-5.0545e-05	2.57493e-05	5.6267e-05	153.438
750.9651	7.896	5.26765848e-11	-3.62399e-05	2.3842e-05	4.19619e-05	143.496
754.2431	7.9	5.270327e-11	-7.53407e-05	1.90736e-05	7.72481e-05	165.132
757.5224	7.904	5.2729955199999995e-11	-2.76567e-05	1.23978e-05	2.9564e-05	155.658
760.8012	7.908	5.27566404e-11	-7.34334e-05	2.57493e-05	7.72481e-05	160.314
764.0956	7.912	5.27833256e-11	-3.43325e-05	2.28883e-05	4.10082e-05	143.496
767.3894	7.916	5.28100108e-11	-5.43597e-05	2.0981e-05	5.72207e-05	157.584
770.6686	7.92	5.2836695999999994e-11	-5.81744e-05	2.00273e-05	5.9128e-05	159.966
773.9474	7.924	5.28633812e-11	-5.81744e-05	1.04905e-05	5.81744e-05	169.458
777.226	7.928	5.28900664e-11	-4.00546e-05	2.86103e-05	4.67303e-05	142.338
780.5046	7.932	5.29167516e-11	-3.62399e-05	1.33515e-05	3.71935e-05	158.01
783.7833	7.936	5.2943436799999994e-11	-7.1526e-05	3.24252e-05	7.72481e-05	154.092
787.0618	7.94	5.2970122e-11	-1.81199e-05	4.19619e-05	4.57766e-05	114.042
790.3563	7.944	5.2996807199999997e-11	-5.24523e-05	4.48229e-05	6.77113e-05	138.504
793.6508	7.948	5.30234924e-11	-4.67303e-05	2.00273e-05	5.0545e-05	156.414
796.9452	7.952	5.30501776e-11	-5.24523e-05	1.62126e-05	5.24523e-05	160.878
800.2401	7.956	5.30768628e-11	-6.5804e-05	2.19346e-05	6.77113e-05	159.444
803.5347	7.96	5.3103547999999996e-11	-6.5804e-05	3.81473e-06	6.5804e-05	175.998
806.8287	7.964	5.31302332e-11	-7.53407e-05	2.86103e-05	7.91554e-05	158.994
810.1237	7.968	5.31569184e-11	-6.5804e-05	2.3842e-05	6.96187e-05	159.318
813.4021	7.972	5.31836036e-11	-8.96459e-05	4.48229e-05	9.82289e-05	153.09
816.681	7.976	5.3210288799999995e-11	-4.38693e-05	2.57493e-05	5.0545e-05	150.438
819.9749	7.98	5.3236974e-11	-8.29701e-05	3.81473e-06	8.48775e-05	177.36
823.27	7.984	5.32636592e-11	-5.81744e-05	3.05178e-05	6.48503e-05	152.136
826.5639	7.988	5.32903444e-11	-6.8665e-05	2.9564e-05	7.34334e-05	156.192
829.8589	7.992	5.3317029599999994e-11	-8.01091e-05	2.76567e-05	8.29701e-05	160.842
833.1376	7.996	5.33437148e-11	-8.96459e-05	3.81473e-06	8.86922e-05	176.58
836.6886	8.0	5.33704e-11	-6.2943e-05	-6.67575e-06	6.19893e-05	-173.862
839.9829	8.004	5.3397085199999995e-11	-5.81744e-05	-2.28883e-05	6.10356e-05	-158.43
843.2614	8.008	5.3423770399999994e-11	-6.48503e-05	1.90736e-06	6.38966e-05	178.23
846.5396	8.012	5.34504556e-11	-4.67303e-05	3.81473e-06	4.57766e-05	174.21
850.0907	8.016	5.3477140799999996e-11	-5.53133e-05	3.81473e-06	5.43597e-05	175.122
853.3687	8.02	5.3503825999999995e-11	-5.3406e-05	2.47956e-05	5.9128e-05	154.59
856.6471	8.024	5.353051119999999e-11	-5.6267e-05	2.0981e-05	5.9128e-05	159.744
859.9422	8.028	5.35571964e-11	-5.6267e-05	1.52589e-05	5.72207e-05	164.052
863.493	8.032	5.3583881599999996e-11	-4.67303e-05	1.62126e-05	4.76839e-05	159.816
866.7718	8.036	5.3610566799999994e-11	-6.19893e-05	3.81473e-06	6.10356e-05	175.032
870.0504	8.04	5.363725199999999e-11	-5.81744e-05	2.3842e-05	6.00817e-05	154.566
873.329	8.044	5.3663937200000003e-11	-3.71935e-05	9.5368e-06	3.71935e-05	164.748
876.8787	8.048	5.3690622399999995e-11	-2.6703e-05	2.19346e-05	3.52862e-05	142.308
880.1739	8.052	5.371730759999999e-11	-5.24523e-05	1.90736e-05	5.43597e-05	160.02
883.4687	8.056	5.374399279999999e-11	-6.67577e-05	2.3842e-05	6.96187e-05	158.298
886.7633	8.06	5.3770678e-11	-5.81744e-05	2.9564e-05	6.2943e-05	150.708
890.0419	8.064	5.37973632e-11	-5.53133e-05	3.52862e-05	6.48503e-05	146.148
893.3525	8.068	5.382404839999999e-11	-6.19893e-05	2.6703e-05	6.5804e-05	155.508
896.6628	8.072	5.385073359999999e-11	-4.67303e-05	-6.67575e-06	4.57766e-05	-171.756
899.9576	8.076	5.38774188e-11	-5.81744e-05	2.28883e-05	6.10356e-05	157.38
903.5073	8.08	5.3904104e-11	-3.81472e-05	5.72208e-06	3.81472e-05	170.868
906.8028	8.084	5.393078919999999e-11	-6.5804e-05	1.90736e-05	6.5804e-05	162.102
910.0968	8.088	5.395747439999999e-11	-4.19619e-05	3.62399e-05	5.53133e-05	139.326
913.3916	8.092	5.39841596e-11	-4.67303e-05	1.04905e-05	4.57766e-05	165.762
916.6698	8.096	5.40108448e-11	-6.10356e-05	2.47956e-05	6.5804e-05	157.026
919.9649	8.1	5.403753e-11	-4.29156e-05	0.0	4.10082e-05	179.058
923.2279	8.104	5.406421519999999e-11	-6.96187e-05	1.43052e-05	7.05724e-05	167.412
926.5223	8.108	5.40909004e-11	-7.34334e-05	1.23978e-05	7.34334e-05	170.706
930.0722	8.112	5.41175856e-11	-5.9128e-05	2.86103e-05	6.48503e-05	153.96
933.3517	8.116	5.4144270799999997e-11	-3.05178e-05	2.3842e-05	3.71935e-05	139.938
936.6299	8.12	5.4170955999999995e-11	-8.10628e-05	1.52589e-05	8.10628e-05	170.076
939.9086	8.124	5.41976412e-11	-7.24797e-05	2.57493e-05	7.62944e-05	159.972
943.4588	8.128	5.42243264e-11	-6.00817e-05	7.62945e-06	5.9128e-05	172.146
946.7534	8.132	5.4251011599999996e-11	-7.24797e-05	1.04905e-05	7.05724e-05	170.892
950.048	8.136	5.4277696799999994e-11	-5.3406e-05	-6.67575e-06	5.53133e-05	-173.13
953.343	8.14	5.4304382e-11	-4.67303e-05	3.71935e-05	5.9128e-05	140.844
956.6059	8.144	5.43310672e-11	-5.0545e-05	5.72208e-06	4.95913e-05	173.064
959.8845	8.148	5.4357752399999995e-11	-5.43597e-05	2.19346e-05	5.72207e-05	157.584
963.1632	8.152	5.4384437599999993e-11	-4.29156e-05	3.52862e-05	5.53133e-05	139.842
966.4256	8.156	5.44111228e-11	-6.19893e-05	4.7684e-06	6.10356e-05	174.414
969.9764	8.16	5.4437807999999996e-11	-5.6267e-05	-4.7684e-06	5.43597e-05	-175.062
973.255	8.164	5.4464493199999994e-11	-4.67303e-05	2.86104e-06	4.57766e-05	174.21
976.5326	8.168	5.449117839999999e-11	-5.81744e-05	2.28883e-05	6.10356e-05	158.196
979.8119	8.172	5.4517863600000004e-11	-5.81744e-05	2.9564e-05	6.5804e-05	152.406
983.3624	8.176	5.4544548799999996e-11	-7.82018e-05	3.05178e-05	8.29701e-05	158.196
986.6568	8.18	5.4571233999999994e-11	-7.53407e-05	4.86376e-05	8.77385e-05	146.07
989.9355	8.184	5.459791919999999e-11	-6.67577e-05	3.52862e-05	7.24797e-05	150.582
993.2141	8.188	5.46246044e-11	-5.53133e-05	2.76567e-05	6.19893e-05	153.438
996.7647	8.192	5.46512896e-11	-5.9128e-05	4.86376e-05	7.53407e-05	139.674
1000.0592	8.196	5.467797479999999e-11	-6.10356e-05	2.57493e-05	6.48503e-05	156.57
1003.3379	8.2	5.470465999999999e-11	-6.10356e-05	1.52589e-05	6.2943e-05	166.554
1006.6166	8.204	5.47313452e-11	-6.2943e-05	2.28883e-05	6.67577e-05	160.494
1010.1666	8.208	5.47580304e-11	-4.38693e-05	2.6703e-05	5.24523e-05	150.162
1013.4458	8.212	5.478471559999999e-11	-6.8665e-05	1.90736e-05	6.77113e-05	162.978
1016.7399	8.216	5.481140079999999e-11	-6.96187e-05	1.90736e-05	7.24797e-05	163.554
1020.0187	8.22	5.4838086e-11	-5.81744e-05	2.0981e-05	6.19893e-05	159.444
1023.2977	8.224	5.48647712e-11	-4.29156e-05	2.19346e-05	4.76839e-05	152.022
1026.5761	8.228	5.48914564e-11	-6.48503e-05	3.43325e-05	7.24797e-05	152.508
1029.871	8.232	5.491814159999999e-11	-4.29156e-05	3.62399e-05	5.72207e-05	140.196
1033.1655	8.236	5.49448268e-11	-7.1526e-05	1.14442e-05	6.8665e-05	168.906
1036.7156	8.24	5.4971512e-11	-4.10082e-05	2.57493e-05	4.86376e-05	147.588
1039.9946	8.244	5.49981972e-11	-6.96187e-05	3.33788e-05	7.72481e-05	154.308
1043.2735	8.248	5.5024882399999995e-11	-6.48503e-05	4.19619e-05	7.53407e-05	145.752
1046.5515	8.252	5.50515676e-11	-5.24523e-05	1.43052e-05	5.3406e-05	165.618
1049.8467	8.256	5.50782528e-11	-3.81472e-05	2.3842e-05	4.48229e-05	148.17
1053.3968	8.26	5.5104937999999996e-11	-8.48775e-05	1.04905e-05	8.39238e-05	173.208
1056.6757	8.264	5.5131623199999995e-11	-8.10628e-05	3.05178e-05	8.58312e-05	158.196
1059.9544	8.268	5.51583084e-11	-3.71935e-05	3.62399e-05	5.0545e-05	132.918
1063.2487	8.272	5.51849936e-11	-5.6267e-05	3.71935e-05	6.77113e-05	147.402
1066.5593	8.276	5.5211678799999996e-11	-6.00817e-05	2.3842e-05	6.38966e-05	158.748
1069.8382	8.28	5.5238363999999994e-11	-5.6267e-05	-5.72208e-06	5.53133e-05	-175.962
1073.1166	8.284	5.52650492e-11	-6.67577e-05	-2.86104e-06	6.5804e-05	-178.248
1076.6673	8.288	5.52917344e-11	-6.10356e-05	4.57766e-05	7.72481e-05	142.734
1079.9458	8.292	5.5318419599999995e-11	-6.67577e-05	3.33788e-05	7.24797e-05	152.052
1083.2245	8.296	5.534510479999999e-11	-5.81744e-05	3.81473e-06	5.72207e-05	175.962
1086.503	8.3	5.5371790000000004e-11	-5.3406e-05	3.24252e-05	6.19893e-05	148.512
1089.7815	8.304	5.5398475199999996e-11	-7.34334e-05	2.57493e-05	7.72481e-05	159.21
1093.3317	8.308	5.5425160399999994e-11	-5.9128e-05	3.71935e-05	6.77113e-05	146.466
1096.6107	8.312	5.545184559999999e-11	-6.48503e-05	2.86103e-05	6.96187e-05	156.372
1099.8887	8.316	5.5478530800000004e-11	-5.6267e-05	1.23978e-05	5.72207e-05	166.608
1103.1676	8.32	5.5505216e-11	-7.82018e-05	3.91009e-05	8.58312e-05	152.448
1106.4458	8.324	5.5531901199999994e-11	-6.96187e-05	1.04905e-05	6.77113e-05	169.242
1109.9969	8.328	5.555858639999999e-11	-5.24523e-05	3.33788e-05	6.19893e-05	145.11
1113.275	8.332	5.55852716e-11	-5.24523e-05	2.28883e-05	5.6267e-05	155.832
1116.5537	8.336	5.56119568e-11	-6.8665e-05	2.00273e-05	7.05724e-05	162.936
1119.8171	8.34	5.5638642e-11	-5.6267e-05	2.28883e-05	6.10356e-05	156.474
1123.0957	8.344	5.566532719999999e-11	-5.24523e-05	1.62126e-05	5.53133e-05	163.098
1126.374	8.348	5.56920124e-11	-6.48503e-05	2.86103e-05	7.05724e-05	156.306
1129.6524	8.352	5.57186976e-11	-9.25069e-05	-4.7684e-06	9.15532e-05	-177.492
1132.9313	8.356	5.57453828e-11	-8.20165e-05	1.90736e-06	8.20165e-05	178.614
1136.4819	8.36	5.577206799999999e-11	-5.3406e-05	1.71663e-05	5.43597e-05	160.44
1139.7601	8.364	5.57987532e-11	-6.00817e-05	2.3842e-05	6.5804e-05	159.042
1143.0548	8.368	5.58254384e-11	-6.5804e-05	5.43597e-05	8.58312e-05	141.342
1146.3335	8.372	5.58521236e-11	-7.53407e-05	3.52862e-05	8.39238e-05	154.656
1149.6121	8.376	5.5878808799999996e-11	-7.62944e-05	2.28883e-05	7.91554e-05	162.93
1152.9067	8.38	5.5905494e-11	-0.000100136	8.58313e-06	9.91826e-05	174.216
1156.1852	8.384	5.59321792e-11	-6.48503e-05	2.76567e-05	7.05724e-05	156.306
1159.4481	8.388	5.59588644e-11	-6.00817e-05	2.86103e-05	6.5804e-05	154.71
1162.9986	8.392	5.5985549599999995e-11	-7.24797e-05	5.72208e-06	7.1526e-05	175.236
1166.277	8.396	5.60122348e-11	-9.72752e-05	-1.04905e-05	9.72752e-05	-173.706
1169.5557	8.4	5.603892e-11	-7.1526e-05	1.04905e-05	7.05724e-05	169.116
1172.8342	8.404	5.6065605199999996e-11	-7.24797e-05	2.86103e-05	7.72481e-05	157.458
1176.3688	8.408	5.6092290399999994e-11	-7.1526e-05	4.67303e-05	8.39238e-05	146.94
1179.6791	8.412	5.6118975600000006e-11	-7.82018e-05	3.24252e-05	8.29701e-05	156.738
1182.9577	8.416	5.61456608e-11	-6.8665e-05	3.33788e-05	7.53407e-05	153.216
1186.2365	8.42	5.6172345999999996e-11	-6.67577e-05	3.05178e-05	7.24797e-05	154.824
1189.5153	8.424	5.6199031199999994e-11	-8.29701e-05	0.0	8.10628e-05	180.0
1192.7938	8.428	5.6225716400000005e-11	-7.53407e-05	2.3842e-05	8.01091e-05	163.032
1196.0881	8.432	5.6252401599999997e-11	-9.34605e-05	8.58313e-06	9.34605e-05	174.696
1199.351	8.436	5.6279086799999995e-11	-8.29701e-05	3.05178e-05	8.86922e-05	159.546
1202.9008	8.44	5.630577199999999e-11	-9.82289e-05	1.04905e-05	9.72752e-05	173.268
1206.1963	8.444	5.6332457200000004e-11	-9.34605e-05	2.19346e-05	9.53679e-05	167.034
1209.4745	8.448	5.63591424e-11	-8.67848e-05	2.86103e-05	9.05995e-05	161.832
1212.7527	8.452	5.6385827599999994e-11	-8.77385e-05	4.57766e-05	9.91826e-05	152.064
1216.0321	8.456	5.641251279999999e-11	-9.15532e-05	1.33515e-05	9.05995e-05	171.57
1219.3106	8.46	5.6439198000000003e-11	-0.000102997	-1.90736e-06	0.000102044	-179.256
1222.5885	8.464	5.64658832e-11	-0.000108719	1.52589e-05	0.000108719	171.87
1225.8837	8.468	5.64925684e-11	-9.34605e-05	3.33788e-05	9.91826e-05	159.852
1229.4174	8.472	5.651925359999999e-11	-7.53407e-05	3.24252e-05	7.91554e-05	155.988
1232.6971	8.476	5.65459388e-11	-8.48775e-05	1.52589e-05	8.48775e-05	169.656
1235.9757	8.48	5.6572624e-11	-0.000113488	2.19346e-05	0.000113488	168.234
1239.2693	8.484	5.65993092e-11	-8.48775e-05	1.90736e-06	8.39238e-05	176.796
1242.8207	8.488	5.66259944e-11	-0.000104905	3.05178e-05	0.000109673	164.1
1246.0994	8.492	5.66526796e-11	-7.91554e-05	-1.33515e-05	8.01091e-05	-171.936
1249.4097	8.496	5.66793648e-11	-9.44142e-05	3.33788e-05	0.000100136	161.088
1252.6884	8.5	5.670605e-11	-0.000102044	1.04905e-05	0.000100136	173.532
1255.9672	8.504	5.6732735199999996e-11	-0.00011158	0.0	0.000110627	-179.658
1259.2459	8.508	5.675942039999999e-11	-0.000102044	1.90736e-05	0.000102997	169.2
1262.5394	8.512	5.67861056e-11	-0.000112534	2.19346e-05	0.000113488	168.888
1265.8187	8.516	5.68127908e-11	-0.000104905	2.9564e-05	0.000107766	163.908
1269.3696	8.52	5.6839475999999996e-11	-0.000100136	2.86103e-05	0.000103951	164.808
1272.6478	8.524	5.6866161199999994e-11	-0.000102044	2.19346e-05	0.000102044	167.592
1275.9258	8.528	5.68928464e-11	-9.63216e-05	3.81473e-06	9.53679e-05	176.82
1279.2212	8.532	5.69195316e-11	-0.000113488	1.90736e-05	0.000114441	169.878
1282.4998	8.536	5.6946216799999995e-11	-0.00012684	1.71663e-05	0.000125886	171.786
1285.7783	8.54	5.697290199999999e-11	-0.000122071	1.71663e-05	0.000123979	171.654
1289.0568	8.544	5.69995872e-11	-0.000112534	2.57493e-05	0.000114441	166.932
1292.6075	8.548	5.7026272399999996e-11	-0.000122071	8.58313e-06	0.000121117	175.626
1295.8861	8.552	5.7052957599999994e-11	-0.000122071	-4.7684e-06	0.000120163	-177.156
1299.1646	8.556	5.707964279999999e-11	-0.000118256	4.19619e-05	0.000124932	160.896
1302.4594	8.56	5.7106328000000004e-11	-0.000113488	-9.53682e-07	0.000113488	-179.664
1305.7376	8.564	5.7133013199999995e-11	-0.000133515	1.04905e-05	0.000132562	175.092
1309.3204	8.568	5.7159698399999994e-11	-0.000117302	8.58313e-06	0.000117302	175.824
1312.5987	8.572	5.718638359999999e-11	-0.000113488	1.52589e-05	0.000114441	172.338
1315.8778	8.576	5.72130688e-11	-0.000120163	1.90736e-05	0.00011921	170.748
1319.1722	8.58	5.7239753999999995e-11	-0.000142098	6.67575e-06	0.000139237	176.442
1322.4511	8.584	5.726643919999999e-11	-0.000140191	1.23978e-05	0.000139237	174.234
1325.7453	8.588	5.729312439999999e-11	-0.000140191	2.57493e-05	0.000143052	169.104
1329.0242	8.592	5.73198096e-11	-0.000135423	1.04905e-05	0.000134469	175.752
1332.3026	8.596	5.73464948e-11	-0.00012684	8.58313e-06	0.000125886	175.44
1335.8527	8.6	5.737317999999999e-11	-0.000151635	-1.14442e-05	0.000151635	-175.464
1339.1319	8.604	5.739986519999999e-11	-0.00012684	-7.62945e-06	0.000125886	-176.67
1342.4425	8.608	5.74265504e-11	-0.000131608	3.05178e-05	0.000134469	166.518
1345.7371	8.612	5.74532356e-11	-0.000144959	-3.81473e-06	0.000144959	-178.692
1349.0158	8.616	5.74799208e-11	-0.00015545	-2.0981e-05	0.000153542	-172.26
1352.2946	8.62	5.750660599999999e-11	-0.000140191	-7.62945e-06	0.000139237	-176.988
1355.5733	8.624	5.75332912e-11	-0.000129701	-1.04905e-05	0.000129701	-175.578
1358.8679	8.628	5.75599764e-11	-0.000146867	-6.67575e-06	0.000146867	-177.42
1362.4185	8.632	5.75866616e-11	-0.000180245	-3.24252e-05	0.000182153	-170.364
1365.6811	8.636	5.761334679999999e-11	-0.000178338	-3.14715e-05	0.000181199	-170.16
1368.9756	8.64	5.7640032e-11	-0.000140191	-2.28883e-05	0.000141145	-170.802
1372.2542	8.644	5.76667172e-11	-0.000146867	-1.43052e-05	0.000145913	-174.78
1375.8037	8.648	5.7693402399999996e-11	-0.000153542	-3.62399e-05	0.000156404	-166.842
1379.0987	8.652	5.7720087599999994e-11	-0.000148774	-1.81199e-05	0.000149728	-173.16
1382.3775	8.656	5.77467728e-11	-0.000144959	-1.90736e-05	0.000146867	-172.716
1385.6563	8.66	5.7773458e-11	-0.000142098	-1.14442e-05	0.000142098	-175.704
1388.9348	8.664	5.7800143199999996e-11	-0.000186921	-4.95913e-05	0.000191689	-165.144
1392.2135	8.668	5.7826828399999994e-11	-0.000179292	-2.3842e-05	0.000180245	-172.584
1395.4924	8.672	5.78535136e-11	-0.000170709	-1.81199e-05	0.000172616	-174.51
1398.7862	8.676	5.7880198799999997e-11	-0.000161172	-2.00273e-05	0.000161172	-173.136
1402.3213	8.68	5.7906883999999995e-11	-0.000189782	-3.05178e-05	0.000189782	-171.162
1405.5994	8.684	5.793356919999999e-11	-0.000189782	-3.91009e-05	0.000190736	-168.45
1408.8785	8.688	5.7960254400000004e-11	-0.00018406	-1.43052e-05	0.000183106	-175.632
1412.1573	8.692	5.7986939599999996e-11	-0.000199319	-2.57493e-05	0.000199319	-172.47
1415.4516	8.696	5.8013624799999994e-11	-0.00017357	-2.28883e-05	0.000174523	-172.764
1418.7298	8.7	5.804030999999999e-11	-0.000201226	-4.95913e-05	0.000205041	-166.098
1422.0091	8.704	5.8066995200000003e-11	-0.00019455	-2.76567e-05	0.00019455	-172.314
1425.2877	8.708	5.8093680399999995e-11	-0.000203134	-3.71935e-05	0.000205041	-169.56
1428.8376	8.712	5.8120365599999993e-11	-0.000196458	-4.10082e-05	0.000198365	-168.162
1432.1165	8.716	5.814705079999999e-11	-0.000205041	-4.19619e-05	0.000207902	-168.546
1435.3955	8.72	5.8173736e-11	-0.000185014	-4.95913e-05	0.000190736	-165.288
1438.674	8.724	5.82004212e-11	-0.000224114	-4.95913e-05	0.000227929	-167.016
1442.2243	8.728	5.82271064e-11	-0.000208856	-6.19893e-05	0.000217439	-164.226
1445.5029	8.732	5.82537916e-11	-0.000210763	-3.91009e-05	0.000214578	-169.662
1448.7973	8.736	5.82804768e-11	-0.00021267	-6.8665e-05	0.000223161	-162.318
1452.076	8.74	5.8307162e-11	-0.000226022	-6.67577e-05	0.000234605	-163.674
1455.3548	8.744	5.833384719999999e-11	-0.000224114	-3.91009e-05	0.000226975	-170.4
1458.6487	8.748	5.836053239999999e-11	-0.000219346	-7.1526e-05	0.000228883	-161.988
1461.944	8.752	5.83872176e-11	-0.000226975	-6.48503e-05	0.000235558	-164.28
1465.2226	8.756	5.84139028e-11	-0.000219346	-6.8665e-05	0.000227929	-162.414
1468.7731	8.76	5.8440588e-11	-0.000259401	-8.29701e-05	0.000269892	-162.054
1472.0675	8.764	5.84672732e-11	-0.000249865	-6.67577e-05	0.00025654	-164.484
1475.3463	8.768	5.849395840000001e-11	-0.000235558	-6.8665e-05	0.000243188	-163.752
1478.6247	8.772	5.852064359999999e-11	-0.000268938	-7.24797e-05	0.000278475	-165.204
1482.1756	8.776	5.854732879999999e-11	-0.00028515	-7.1526e-05	0.000293734	-166.122
1485.4533	8.78	5.857401399999999e-11	-0.000266077	-7.72481e-05	0.000275614	-163.578
1488.7485	8.784	5.86006992e-11	-0.000252726	-9.15532e-05	0.000267031	-160.116
1492.0434	8.788	5.86273844e-11	-0.000290873	-8.20165e-05	0.000300409	-164.424
1495.5777	8.792	5.86540696e-11	-0.000257494	-8.96459e-05	0.000271799	-161.214
1498.8565	8.796	5.86807548e-11	-0.00027466	-0.000117302	0.000296595	-156.714
1502.1352	8.8	5.870744e-11	-0.000255587	-0.000118256	0.000281336	-155.13
1505.4295	8.804	5.87341252e-11	-0.000278475	-7.91554e-05	0.000288012	-164.238
1508.9802	8.808	5.87608104e-11	-0.000290873	-9.34605e-05	0.000305178	-162.156
1512.2588	8.812	5.878749559999999e-11	-0.000271799	-8.96459e-05	0.000287058	-161.61
1515.5371	8.816	5.88141808e-11	-0.000306131	-0.000117302	0.000328066	-159.252
1518.816	8.82	5.8840866e-11	-0.000330927	-9.15532e-05	0.000340464	-164.718
1522.1106	8.824	5.88675512e-11	-0.000300409	-0.000118256	0.000323297	-158.352
1525.4052	8.828	5.889423639999999e-11	-0.000319483	-0.000108719	0.000334742	-160.74
1528.6838	8.832	5.89209216e-11	-0.000322344	-0.000124932	0.000345232	-158.94
1531.9624	8.836	5.89476068e-11	-0.000325205	-0.000123025	0.000347139	-159.276
1535.5287	8.84	5.8974292e-11	-0.000326158	-0.000115395	0.000345232	-160.518
1538.8397	8.844	5.90009772e-11	-0.000331881	-0.000115395	0.000349047	-160.77
1542.134	8.848	5.90276624e-11	-0.000328066	-0.000136376	0.000351908	-157.374
1545.4281	8.852	5.90543476e-11	-0.000346186	-0.000122071	0.000369074	-160.59
1548.9945	8.856	5.908103279999999e-11	-0.000348093	-0.000124932	0.00036812	-160.188
1552.2736	8.86	5.910771799999999e-11	-0.000350954	-0.000131608	0.000372889	-159.588
1555.5526	8.864	5.91344032e-11	-0.000374796	-0.000151635	0.000402452	-157.932
1558.831	8.868	5.91610884e-11	-0.000360491	-0.000135423	0.000382425	-159.516
1562.3813	8.872	5.91877736e-11	-0.000346186	-0.000157357	0.000378611	-155.862
1565.6602	8.876	5.92144588e-11	-0.000359537	-0.000158311	0.000391008	-156.276
1568.9384	8.88	5.924114400000001e-11	-0.000374796	-0.000162126	0.000408174	-156.444
1572.2172	8.884	5.926782919999999e-11	-0.000366213	-0.000170709	0.00040436	-154.992
1575.8	8.888	5.929451439999999e-11	-0.000383379	-0.000167848	0.000417711	-156.42
1579.0786	8.892	5.932119959999999e-11	-0.000390055	-0.00017357	0.000425341	-155.916
1582.3569	8.896	5.93478848e-11	-0.000381472	-0.00018406	0.00042248	-154.32
1585.6359	8.9	5.937457e-11	-0.000385286	-0.000188828	0.000428202	-153.636
1588.9297	8.904	5.94012552e-11	-0.000390055	-0.000193597	0.000433924	-153.396
1592.2085	8.908	5.94279404e-11	-0.000384333	-0.000180245	0.000424387	-154.806
1595.4706	8.912	5.945462560000001e-11	-0.000408174	-0.000193597	0.000449182	-154.458
1598.7494	8.916	5.94813108e-11	-0.000399591	-0.000187875	0.000441553	-154.902
1602.0279	8.92	5.950799599999999e-11	-0.000374796	-0.000200273	0.000424387	-151.908
1605.3075	8.924	5.953468119999999e-11	-0.000392916	-0.000188828	0.000434877	-154.296
1608.5858	8.928	5.95613664e-11	-0.000379564	-0.000183106	0.000417711	-154.17
1611.8647	8.932	5.95880516e-11	-0.000366213	-0.00017357	0.00040436	-154.782
1615.1433	8.936	5.96147368e-11	-0.000359537	-0.000185967	0.000402452	-152.46
1618.4218	8.94	5.9641422e-11	-0.000327112	-0.00020218	0.000384333	-148.152
1621.7164	8.944	5.96681072e-11	-0.000294687	-0.000154496	0.000331881	-152.094
1625.0109	8.948	5.96947924e-11	-0.000305178	-0.000148774	0.000338556	-153.99
1628.5612	8.952	5.97214776e-11	-0.00029278	-0.000153542	0.000327112	-152.442
1631.8559	8.956	5.97481628e-11	-0.000268938	-0.000138284	0.000301363	-152.646
1635.1509	8.96	5.9774848e-11	-0.000242234	-9.91826e-05	0.000263216	-157.98
1638.4449	8.964	5.98015332e-11	-0.000193597	-0.000100136	0.000216485	-152.568
1642.0117	8.968	5.98282184e-11	-0.000153542	-7.82018e-05	0.000171662	-153.336
1645.3064	8.972	5.985490359999999e-11	-0.000106812	-6.8665e-05	0.000124932	-147.156
1648.5848	8.976	5.98815888e-11	-4.48229e-05	-3.62399e-05	5.53133e-05	-139.926
1651.8635	8.98	5.9908274e-11	9.5368e-06	-2.0981e-05	2.28883e-05	-61.116
1655.1421	8.984	5.99349592e-11	0.000121117	3.81473e-06	0.000121117	2.19
1658.4365	8.988	5.99616444e-11	0.000211717	5.0545e-05	0.000218392	13.908
1661.7311	8.992	5.99883296e-11	0.000294687	7.05724e-05	0.000304224	13.644
1665.0255	8.996	6.00150148e-11	0.000419619	0.000102044	0.000431063	13.974
1668.5765	9.0	6.004169999999999e-11	0.000537876	0.000152589	0.000559811	15.954
1671.8711	9.004	6.006838519999999e-11	0.000653271	0.000181199	0.000678066	15.48
1675.165	9.008	6.009507039999999e-11	0.000800136	0.000241281	0.000836376	16.86
1678.4444	9.012	6.01217556e-11	0.000956539	0.000281336	0.000997551	16.404
1681.7388	9.016	6.01484408e-11	0.00113393	0.000316622	0.00117684	15.612
1685.017	9.02	6.0175126e-11	0.00126839	0.000391962	0.00132752	17.178
1688.296	9.024	6.02018112e-11	0.00143529	0.000437738	0.00150014	16.98
1691.5908	9.028	6.02284964e-11	0.00154973	0.000511173	0.00163174	18.3
1695.1407	9.032	6.025518159999999e-11	0.00167561	0.000581745	0.00177384	19.116
1698.4199	9.036	6.028186679999999e-11	0.00178052	0.000619892	0.00188542	19.17
1701.6983	9.04	6.030855199999999e-11	0.0018797	0.000699047	0.0020075	20.4
1704.9768	9.044	6.03352372e-11	0.00192738	0.000766758	0.00207426	21.75
1708.5274	9.048	6.03619224e-11	0.00193978	0.000802997	0.00209905	22.506
1711.7897	9.052	6.03886076e-11	0.00192643	0.000864986	0.0021105	24.234
1715.0686	9.056	6.041529279999999e-11	0.0018797	0.000893597	0.00208093	25.434
1718.3475	9.06	6.0441978e-11	0.00174332	0.000908855	0.00196649	27.54
1721.625	9.064	6.04686632e-11	0.0016079	0.000926975	0.00185681	29.916
1725.1768	9.068	6.049534839999999e-11	0.00140572	0.00091267	0.00167561	32.988
1728.4547	9.072	6.052203359999999e-11	0.00117398	0.00089455	0.0014763	37.296
1731.7173	9.076	6.05487188e-11	0.000882152	0.000846867	0.00122357	43.854
1735.268	9.08	6.0575404e-11	0.000615124	0.000780109	0.00099469	51.636
1738.5461	9.084	6.06020892e-11	0.000333788	0.000695232	0.000771526	64.41
1741.8574	9.088	6.062877439999999e-11	4.48229e-05	0.000557903	0.000559811	85.44
1745.1682	9.092	6.06554596e-11	-0.000175477	0.00046921	0.000499729	110.25
1748.4789	9.096	6.06821448e-11	-0.000408174	0.000301363	0.000506405	143.37
1751.7886	9.1	6.070883e-11	-0.000516895	0.000168801	0.000542644	162.078
1755.0841	9.104	6.07355152e-11	-0.00064278	8.58313e-06	0.000641827	179.226
1758.3625	9.108	6.07622004e-11	-0.000687603	-0.000123979	0.00069714	-169.806
1761.9131	9.112	6.07888856e-11	-0.000687603	-0.000209809	0.000719074	-163.146
1765.1912	9.116	6.081557079999999e-11	-0.000644688	-0.000316622	0.000716213	-153.84
1768.4702	9.12	6.084225599999999e-11	-0.000563625	-0.00036812	0.000672344	-146.874
1771.7489	9.124	6.08689412e-11	-0.000441553	-0.000425341	0.000610355	-135.882
1775.2988	9.128	6.08956264e-11	-0.000341417	-0.000428202	0.000546459	-128.658
1778.5773	9.132	6.09223116e-11	-0.000225068	-0.000403406	0.000460627	-119.088
1781.8724	9.136	6.09489968e-11	-0.000100136	-0.000344278	0.000358583	-106.386
1785.1505	9.14	6.0975682e-11	-3.05178e-05	-0.000301363	0.000301363	-95.712
1788.4613	9.144	6.100236719999999e-11	1.81199e-05	-0.000215531	0.000214578	-85.032
1792.0278	9.148	6.102905239999999e-11	6.10356e-05	-0.000157357	0.000167848	-68.832
1795.3071	9.152	6.105573759999999e-11	5.9128e-05	-7.62944e-05	9.72752e-05	-51.648
1798.5854	9.156	6.10824228e-11	3.71935e-05	-2.28883e-05	4.38693e-05	-31.548
1801.8644	9.16	6.1109108e-11	8.58313e-06	5.72208e-06	1.04905e-05	30.966
1805.143	9.164	6.11357932e-11	-2.76567e-05	4.10082e-05	4.86376e-05	123.906
1808.4206	9.168	6.11624784e-11	-4.86376e-05	7.24797e-05	8.77385e-05	123.93
1811.7163	9.172	6.11891636e-11	-7.24797e-05	5.72207e-05	9.05995e-05	141.798
1814.9941	9.176	6.12158488e-11	-8.01091e-05	3.24252e-05	8.48775e-05	157.452
1818.2729	9.18	6.124253399999999e-11	-5.3406e-05	9.53682e-07	5.24523e-05	177.852
1821.5519	9.184	6.126921919999999e-11	-6.00817e-05	-3.43325e-05	6.77113e-05	-149.982
1824.8303	9.188	6.12959044e-11	-2.28883e-05	7.62945e-06	2.28883e-05	157.008
1828.3808	9.192	6.13225896e-11	-9.5368e-06	-2.00273e-05	2.00273e-05	-114.906
1831.6437	9.196	6.13492748e-11	2.57493e-05	-5.43597e-05	6.00817e-05	-61.74
1834.9383	9.2	6.137595999999999e-11	5.6267e-05	-6.96187e-05	8.77385e-05	-51.474
1838.217	9.204	6.14026452e-11	4.57766e-05	-2.28883e-05	5.0545e-05	-23.586
1841.7674	9.208	6.14293304e-11	5.81744e-05	-1.90736e-05	6.19893e-05	-18.24
1845.0461	9.212	6.14560156e-11	4.10082e-05	-1.43052e-05	4.19619e-05	-19.29
1848.3402	9.216	6.148270079999999e-11	2.86104e-06	-3.81473e-06	3.81473e-06	-39.804
1851.6353	9.22	6.1509386e-11	-2.28883e-05	2.19346e-05	3.05178e-05	135.0
1854.914	9.224	6.15360712e-11	-4.57766e-05	5.3406e-05	7.05724e-05	130.836
1858.4799	9.228	6.15627564e-11	-0.000105858	3.71935e-05	0.000110627	159.93
1861.7587	9.232	6.158944159999999e-11	-0.00015545	4.57766e-05	0.000162126	163.638
1865.0369	9.236	6.16161268e-11	-0.000164987	2.19346e-05	0.000163079	171.804
1868.3323	9.24	6.1642812e-11	-0.000158311	1.62126e-05	0.000159265	174.03
1871.6268	9.244	6.16694972e-11	-0.000163079	-1.43052e-05	0.000163079	-174.87
1874.9052	9.248	6.16961824e-11	-0.000153542	-1.81199e-05	0.000154496	-173.85
1878.1838	9.252	6.17228676e-11	-0.000112534	-4.86376e-05	0.000122071	-156.924
1881.4626	9.256	6.17495528e-11	-0.000128747	-7.53407e-05	0.00014782	-149.652
1885.013	9.26	6.177623799999999e-11	-7.91554e-05	-7.34334e-05	0.000104905	-136.284
1888.2917	9.264	6.180292319999999e-11	-4.67303e-05	-8.20165e-05	9.25069e-05	-119.538
1891.57	9.268	6.18296084e-11	-4.00546e-05	-8.29701e-05	9.25069e-05	-116.562
1894.8487	9.272	6.18562936e-11	-6.19893e-05	-6.48503e-05	8.86922e-05	-134.394
1898.1273	9.276	6.18829788e-11	-5.14986e-05	-4.86376e-05	6.96187e-05	-138.096
1901.4056	9.28	6.1909664e-11	-7.24797e-05	-1.71663e-05	7.24797e-05	-167.358
1904.685	9.284	6.193634920000001e-11	-0.00011158	3.81473e-06	0.00011158	177.276
1907.9788	9.288	6.196303439999999e-11	-0.000142098	-3.81473e-06	0.000141145	-179.19
1911.274	9.292	6.198971959999999e-11	-0.00016594	-2.86104e-06	0.000164033	-178.842
1914.5364	9.296	6.201640479999999e-11	-0.000211717	1.43052e-05	0.000211717	176.028
1917.8153	9.3	6.204309e-11	-0.000271799	-1.33515e-05	0.000269892	-177.312
1921.1259	9.304	6.20697752e-11	-0.000270845	-9.53682e-07	0.000269892	180.0
1924.6603	9.308	6.20964604e-11	-0.000317575	-3.33788e-05	0.000318529	-174.018
1927.9387	9.312	6.21231456e-11	-0.000315668	-2.86103e-05	0.000316622	-174.816
1931.2168	9.316	6.21498308e-11	-0.000323297	-7.34334e-05	0.000329973	-167.118
1934.4955	9.32	6.2176516e-11	-0.000313761	-0.000117302	0.000333788	-159.432
1937.7748	9.324	6.22032012e-11	-0.00026417	-0.000102044	0.000282289	-158.574
1941.3247	9.328	6.222988639999999e-11	-0.000259401	-0.000108719	0.000280382	-157.14
1944.6035	9.332	6.22565716e-11	-0.000200273	-9.91826e-05	0.000222207	-153.588
1947.8822	9.336	6.22832568e-11	-0.00017357	-0.000124932	0.000211717	-144.168
1951.4488	9.34	6.2309942e-11	-0.000150681	-0.00012684	0.000196458	-139.674
1954.7115	9.344	6.233662719999999e-11	-9.53679e-05	-9.05995e-05	0.000130654	-136.248
1958.006	9.348	6.23633124e-11	-6.8665e-05	-8.48775e-05	0.000107766	-129.762
1961.2849	9.352	6.23899976e-11	-7.24797e-05	-4.67303e-05	8.48775e-05	-147.804
1964.5632	9.356	6.24166828e-11	-2.0981e-05	-4.95913e-05	5.3406e-05	-114.036
1968.1135	9.36	6.2443368e-11	-1.62126e-05	8.58313e-06	1.52589e-05	141.708
1971.3926	9.364	6.24700532e-11	-1.33515e-05	2.3842e-05	2.6703e-05	117.822
1974.6866	9.368	6.24967384e-11	-9.5368e-06	3.81472e-05	3.81472e-05	103.068
1977.9657	9.372	6.252342359999999e-11	-5.24523e-05	5.0545e-05	7.24797e-05	136.098
1981.2596	9.376	6.255010879999999e-11	-4.57766e-05	5.53133e-05	7.05724e-05	128.574
1984.5549	9.38	6.2576794e-11	-8.58312e-05	6.5804e-05	0.000108719	142.92
1987.8333	9.384	6.26034792e-11	-9.15532e-05	6.67577e-05	0.000114441	144.654
1991.3838	9.388	6.26301644e-11	-0.000124932	7.43871e-05	0.000144006	148.806
1994.6625	9.392	6.26568496e-11	-0.000135423	5.0545e-05	0.000145913	159.66
1997.9566	9.396	6.268353480000001e-11	-0.000188828	2.28883e-05	0.000188828	172.902
2001.2193	9.4	6.271022e-11	-0.000214578	-1.04905e-05	0.00021267	-177.666
2004.5142	9.404	6.273690519999999e-11	-0.000224114	6.67575e-06	0.000225068	178.134
2008.065	9.408	6.276359039999999e-11	-0.000247004	-1.62126e-05	0.000247004	-176.298
2011.3435	9.412	6.27902756e-11	-0.000224114	-2.28883e-05	0.000224114	-174.36
2014.622	9.416	6.28169608e-11	-0.000253679	-2.86103e-05	0.000254633	-173.676
2018.1724	9.42	6.2843646e-11	-0.000224114	-5.24523e-05	0.000227929	-166.944
2021.4512	9.424	6.28703312e-11	-0.000203134	-5.9128e-05	0.000210763	-164.13
2024.7297	9.428	6.289701640000001e-11	-0.000189782	-7.53407e-05	0.000203134	-158.058
2028.0078	9.432	6.29237016e-11	-0.000158311	-4.48229e-05	0.000163079	-163.992
2031.3033	9.436	6.295038679999999e-11	-0.000153542	-6.5804e-05	0.000164033	-156.648
2034.8376	9.44	6.297707199999999e-11	-0.000131608	-5.6267e-05	0.000141145	-156.696
2038.1163	9.444	6.30037572e-11	-0.000130654	-6.10356e-05	0.000142098	-154.758
2041.411	9.448	6.30304424e-11	-0.000106812	-5.9128e-05	0.000121117	-151.338
2044.7049	9.452	6.30571276e-11	-0.000115395	-4.7684e-06	0.000112534	-178.986
2047.9996	9.456	6.30838128e-11	-0.000108719	-3.33788e-05	0.000112534	-163.266
2051.2786	9.46	6.3110498e-11	-0.000124932	-2.86104e-06	0.000125886	-178.8
2054.5568	9.464	6.31371832e-11	-0.000124932	1.52589e-05	0.000123979	172.836
2058.1078	9.468	6.31638684e-11	-0.000132562	-4.7684e-06	0.000132562	-178.29
2061.4022	9.472	6.31905536e-11	-0.00013733	2.57493e-05	0.000139237	169.014
2064.6811	9.476	6.32172388e-11	-0.000150681	1.14442e-05	0.000150681	175.716
2067.9597	9.48	6.3243924e-11	-0.000131608	-7.62945e-06	0.000131608	-176.838
2071.2219	9.484	6.32706092e-11	-0.000133515	-1.14442e-05	0.000131608	-175.044
2074.7565	9.488	6.329729439999999e-11	-0.000132562	-1.04905e-05	0.000132562	-175.116
2078.0357	9.492	6.33239796e-11	-0.000102044	2.3842e-05	0.000104905	166.488
2081.3296	9.496	6.33506648e-11	-9.44142e-05	-3.52862e-05	9.72752e-05	-159.582
2084.8805	9.5	6.337735e-11	-7.53407e-05	-2.00273e-05	7.82018e-05	-164.79
2088.1588	9.504	6.34040352e-11	-8.48775e-05	-6.67575e-06	8.29701e-05	-174.93
2091.4376	9.508	6.34307204e-11	-4.76839e-05	-2.86104e-06	4.86376e-05	-177.678
2094.7164	9.512	6.34574056e-11	-4.29156e-05	-1.14442e-05	4.48229e-05	-164.748
2097.9941	9.516	6.348409079999999e-11	-4.48229e-05	-5.72208e-06	4.38693e-05	-174.036
2101.5455	9.52	6.351077599999999e-11	-4.00546e-05	2.19346e-05	4.38693e-05	149.49
2104.856	9.524	6.353746119999999e-11	-4.38693e-05	6.67575e-06	4.48229e-05	169.992
2108.1347	9.528	6.35641464e-11	-4.67303e-05	9.53682e-07	4.76839e-05	177.612
2111.4287	9.532	6.35908316e-11	-6.00817e-05	1.23978e-05	6.10356e-05	168.078
2114.7079	9.536	6.36175168e-11	-8.20165e-05	3.05178e-05	8.77385e-05	159.396
2117.9856	9.54	6.3644202e-11	-9.82289e-05	2.9564e-05	0.000102997	162.384
2121.2649	9.544	6.367088719999999e-11	-9.63216e-05	1.62126e-05	9.53679e-05	169.554
2124.7996	9.548	6.369757239999999e-11	-0.000121117	9.5368e-06	0.00011921	175.53
2128.0781	9.552	6.372425759999999e-11	-0.000127793	8.58313e-06	0.00012684	176.106
2131.3571	9.556	6.375094279999999e-11	-0.000117302	8.58313e-06	0.000113488	174.258
2134.6518	9.56	6.3777628e-11	-0.000154496	-4.7684e-06	0.000152589	-178.008
2137.962	9.564	6.38043132e-11	-0.000168801	-1.33515e-05	0.000167848	-175.686
2141.5125	9.568	6.38309984e-11	-0.000175477	-4.7684e-06	0.00017357	-178.242
2144.7915	9.572	6.38576836e-11	-0.000197412	-1.71663e-05	0.000197412	-174.96
2148.0698	9.576	6.38843688e-11	-0.000193597	-3.05178e-05	0.000193597	-171.09
2151.6047	9.58	6.3911054e-11	-0.00020218	-4.67303e-05	0.000207902	-167.394
2154.8832	9.584	6.393773919999999e-11	-0.00021267	-2.28883e-05	0.000214578	-173.796
2158.1614	9.588	6.396442439999999e-11	-0.000190736	-3.81472e-05	0.000192643	-169.08
2161.4404	9.592	6.39911096e-11	-0.000196458	-3.62399e-05	0.000199319	-169.968
2164.7187	9.596	6.40177948e-11	-0.000161172	-4.29156e-05	0.000166894	-165.246
2168.0139	9.6	6.404448e-11	-0.000168801	-3.71935e-05	0.000170709	-167.808
2171.2923	9.604	6.407116519999999e-11	-0.000142098	-3.62399e-05	0.000144959	-165.642
2174.571	9.608	6.40978504e-11	-0.000122071	-6.2943e-05	0.000135423	-152.544
2177.8495	9.612	6.41245356e-11	-9.34605e-05	-2.47956e-05	9.53679e-05	-164.712
2181.1284	9.616	6.41512208e-11	-5.9128e-05	-4.00546e-05	7.05724e-05	-145.272
2184.4229	9.62	6.417790599999999e-11	-2.28883e-05	-1.43052e-05	2.47956e-05	-149.304
2187.7006	9.624	6.42045912e-11	-6.67575e-06	0.0	3.81473e-06	168.69
2191.2521	9.628	6.42312764e-11	2.6703e-05	6.67575e-06	2.57493e-05	14.742
2194.5307	9.632	6.425796159999999e-11	1.52589e-05	2.3842e-05	2.86103e-05	59.472
2197.8086	9.636	6.428464679999999e-11	2.19346e-05	5.72207e-05	6.19893e-05	68.874
2201.0873	9.64	6.4311332e-11	1.14442e-05	5.43597e-05	5.53133e-05	78.558
2204.3664	9.644	6.43380172e-11	1.62126e-05	4.57766e-05	4.95913e-05	69.888
2207.9165	9.648	6.43647024e-11	9.53682e-07	7.72481e-05	7.72481e-05	89.004
2211.1952	9.652	6.43913876e-11	-4.19619e-05	7.24797e-05	8.48775e-05	120.966
2214.4741	9.656	6.44180728e-11	-5.81744e-05	3.71935e-05	6.77113e-05	147.528
2218.0078	9.66	6.444475799999999e-11	-0.000108719	6.8665e-05	0.000127793	147.048
2221.303	9.664	6.447144319999999e-11	-0.000131608	6.48503e-05	0.000145913	153.552
2224.5979	9.668	6.449812839999999e-11	-0.000146867	3.91009e-05	0.000152589	164.874
2227.8926	9.672	6.45248136e-11	-0.000164033	1.62126e-05	0.000164987	174.012
2231.1708	9.676	6.45514988e-11	-0.000163079	9.53682e-07	0.000162126	179.532
2234.4657	9.68	6.4578184e-11	-0.000171662	5.72208e-06	0.000171662	177.78
2237.7604	9.684	6.46048692e-11	-0.000167848	5.72208e-06	0.00016594	178.152
2241.055	9.688	6.46315544e-11	-0.000162126	4.7684e-06	0.000163079	177.9
2244.3494	9.692	6.465823959999999e-11	-0.000160218	-4.95913e-05	0.00016594	-162.66
2247.6282	9.696	6.468492479999999e-11	-0.00013733	-4.95913e-05	0.000145913	-160.332
2250.907	9.7	6.471160999999999e-11	-0.000123025	-4.48229e-05	0.000130654	-160.644
2254.2014	9.704	6.47382952e-11	-8.10628e-05	-3.81472e-05	8.77385e-05	-154.404
2257.7521	9.708	6.47649804e-11	-7.43871e-05	-2.47956e-05	7.91554e-05	-162.018
2261.0307	9.712	6.47916656e-11	-5.43597e-05	-2.57493e-05	5.9128e-05	-154.308
2264.3247	9.716	6.48183508e-11	-3.33788e-05	-1.14442e-05	3.43325e-05	-161.568
2267.6189	9.72	6.4845036e-11	-9.5368e-06	4.7684e-06	1.14442e-05	158.748
2270.9147	9.724	6.48717212e-11	-9.5368e-06	1.90736e-05	2.00273e-05	109.026
2274.465	9.728	6.48984064e-11	9.5368e-06	2.86103e-05	3.05178e-05	70.344
2277.7427	9.732	6.492509159999999e-11	1.33515e-05	5.53133e-05	5.72207e-05	77.256
2281.0216	9.736	6.49517768e-11	-1.62126e-05	4.86376e-05	5.14986e-05	108.666
2284.5563	9.74	6.4978462e-11	-1.62126e-05	6.48503e-05	6.5804e-05	102.906
2287.8354	9.744	6.50051472e-11	-5.3406e-05	5.14986e-05	7.34334e-05	136.47
2291.1296	9.748	6.503183239999999e-11	-4.29156e-05	5.24523e-05	6.77113e-05	129.372
2294.4245	9.752	6.50585176e-11	-8.48775e-05	4.48229e-05	9.63216e-05	152.556
2297.7187	9.756	6.50852028e-11	-9.44142e-05	4.57766e-05	0.000103951	154.74
2300.9979	9.76	6.5111888e-11	-0.000109673	3.52862e-05	0.000115395	162.294
2304.2923	9.764	6.51385732e-11	-8.58312e-05	4.48229e-05	9.72752e-05	152.208
2307.5708	9.768	6.51652584e-11	-9.63216e-05	1.14442e-05	9.72752e-05	172.686
2310.8497	9.772	6.51919436e-11	-8.39238e-05	2.19346e-05	8.58312e-05	165.21
2314.1441	9.776	6.521862879999999e-11	-7.62944e-05	0.0	7.43871e-05	178.464
2317.423	9.78	6.524531399999999e-11	-8.67848e-05	1.23978e-05	8.58312e-05	171.618
2320.7013	9.784	6.52719992e-11	-0.000100136	-2.86104e-06	9.91826e-05	-178.092
2324.2361	9.788	6.52986844e-11	-7.62944e-05	-3.81473e-06	7.62944e-05	-177.534
2327.514	9.792	6.53253696e-11	-6.5804e-05	-2.47956e-05	7.05724e-05	-159.696
2330.8094	9.796	6.53520548e-11	-8.01091e-05	1.33515e-05	8.10628e-05	169.608
2334.0879	9.8	6.537874000000001e-11	-7.1526e-05	2.3842e-05	7.53407e-05	161.088
2337.3666	9.804	6.540542519999999e-11	-6.5804e-05	3.81473e-06	6.48503e-05	175.38
2340.917	9.808	6.543211039999999e-11	-9.53679e-05	1.23978e-05	9.44142e-05	171.984
2344.1954	9.812	6.545879559999999e-11	-9.53679e-05	-9.53682e-07	9.44142e-05	-179.592
2347.4575	9.816	6.54854808e-11	-7.53407e-05	1.23978e-05	7.43871e-05	171.372
2350.7368	9.82	6.5512166e-11	-0.000107766	1.04905e-05	0.000107766	174.324
2354.0156	9.824	6.55388512e-11	-0.000108719	2.0981e-05	0.000109673	169.506
2357.5812	9.828	6.55655364e-11	-0.00010109	1.04905e-05	0.000102997	173.742
2360.8606	9.832	6.55922216e-11	-8.86922e-05	-1.81199e-05	8.96459e-05	-167.61
2364.1551	9.836	6.56189068e-11	-0.000120163	8.58313e-06	0.00011921	175.848
2367.4176	9.84	6.564559199999999e-11	-0.000112534	-4.7684e-06	0.00011158	-178.296
2370.6963	9.844	6.567227719999999e-11	-0.000108719	-4.7684e-06	0.000108719	-177.906
2373.9748	9.848	6.56989624e-11	-0.000103951	-7.62945e-06	0.000103951	-175.266
2377.253	9.852	6.57256476e-11	-0.00012684	3.81473e-06	0.000123979	178.458
2380.532	9.856	6.57523328e-11	-0.000122071	-1.43052e-05	0.000121117	-172.758
2383.8108	9.86	6.577901799999999e-11	-9.72752e-05	5.72208e-06	9.53679e-05	176.4
2387.0887	9.864	6.58057032e-11	-0.000118256	-9.5368e-06	0.000117302	-175.8
2390.3674	9.868	6.58323884e-11	-0.000108719	-2.0981e-05	0.000109673	-169.164
2393.9341	9.872	6.58590736e-11	-8.20165e-05	-7.62945e-06	8.10628e-05	-175.812
2397.2287	9.876	6.58857588e-11	-7.62944e-05	8.58313e-06	7.72481e-05	173.55
2400.4919	9.88	6.5912444e-11	-0.000104905	-6.67575e-06	0.000102997	-176.286
2403.7704	9.884	6.59391292e-11	-7.1526e-05	2.00273e-05	7.43871e-05	163.986
2407.3203	9.888	6.59658144e-11	-5.6267e-05	-1.90736e-06	5.53133e-05	-179.31
2410.5987	9.892	6.599249959999999e-11	-5.3406e-05	1.14442e-05	5.43597e-05	166.638
2413.8776	9.896	6.60191848e-11	-4.67303e-05	1.52589e-05	4.86376e-05	163.302
2417.1568	9.9	6.604587e-11	-3.52862e-05	2.19346e-05	4.00546e-05	147.894
2420.4509	9.904	6.60725552e-11	-4.48229e-05	3.52862e-05	5.72207e-05	142.998
2424.0018	9.908	6.60992404e-11	-3.05178e-05	1.52589e-05	3.43325e-05	155.376
2427.2963	9.912	6.61259256e-11	-1.33515e-05	1.90736e-05	2.19346e-05	120.648
2430.5909	9.916	6.61526108e-11	-4.86376e-05	2.28883e-05	5.24523e-05	153.756
2434.1415	9.92	6.617929599999999e-11	-4.29156e-05	4.10082e-05	5.9128e-05	134.55
2437.4359	9.924	6.620598119999999e-11	-6.38966e-05	4.57766e-05	7.82018e-05	144.69
2440.7307	9.928	6.62326664e-11	-5.53133e-05	4.76839e-05	7.34334e-05	139.398
2443.9933	9.932	6.62593516e-11	-6.2943e-05	1.62126e-05	6.2943e-05	165.378
2447.2717	9.936	6.62860368e-11	-6.8665e-05	4.48229e-05	8.10628e-05	146.31
2450.5663	9.94	6.6312722e-11	-9.15532e-05	3.05178e-05	9.63216e-05	161.442
2453.8451	9.944	6.633940720000001e-11	-8.48775e-05	2.3842e-05	8.77385e-05	164.82
2457.1239	9.948	6.63660924e-11	-6.8665e-05	2.19346e-05	7.1526e-05	161.568
2460.6741	9.952	6.639277759999999e-11	-7.05724e-05	2.3842e-05	7.43871e-05	161.088
2463.9687	9.956	6.641946279999999e-11	-8.48775e-05	2.86104e-06	8.48775e-05	178.668
2467.2314	9.96	6.6446148e-11	-6.8665e-05	1.90736e-06	6.67577e-05	178.284
2470.5099	9.964	6.64728332e-11	-5.3406e-05	-1.04905e-05	5.43597e-05	-167.322
2474.0607	9.968	6.64995184e-11	-2.6703e-05	1.33515e-05	2.86103e-05	151.698
2477.3391	9.972	6.65262036e-11	-3.71935e-05	1.62126e-05	4.00546e-05	156.318
2480.6181	9.976	6.65528888e-11	-2.3842e-05	3.81473e-06	2.19346e-05	168.024
2483.8966	9.98	6.6579574e-11	-2.9564e-05	1.90736e-06	2.86103e-05	178.728
2487.1755	9.984	6.66062592e-11	-6.77113e-05	-4.7684e-06	6.67577e-05	-175.998
2490.4542	9.988	6.663294439999999e-11	-5.14986e-05	4.67303e-05	6.8665e-05	136.95
2493.7485	9.992	6.66596296e-11	-7.82018e-05	1.71663e-05	7.91554e-05	166.896
2497.043	9.996	6.66863148e-11	-7.1526e-05	4.86376e-05	8.58312e-05	146.064
2500.5939	10.0	6.6713e-11	-9.72752e-05	4.38693e-05	0.000105858	154.722
2503.8878	10.004	6.673968519999999e-11	-8.86922e-05	2.9564e-05	9.25069e-05	160.908
2507.1659	10.008	6.676637039999999e-11	-9.25069e-05	1.43052e-05	9.25069e-05	171.348
2510.4453	10.012	6.67930556e-11	-0.000116349	0.0	0.000114441	179.334
2513.7239	10.016	6.68197408e-11	-8.01091e-05	2.57493e-05	8.20165e-05	161.712
2517.0181	10.02	6.6846426e-11	-8.96459e-05	-9.5368e-06	8.96459e-05	-174.462
2520.2972	10.024	6.68731112e-11	-8.01091e-05	-1.90736e-05	8.20165e-05	-166.626
2523.608	10.028	6.68997964e-11	-9.44142e-05	-1.81199e-05	9.63216e-05	-169.236
2527.1746	10.032	6.692648159999999e-11	-7.24797e-05	-1.62126e-05	7.43871e-05	-166.704
2530.4527	10.036	6.695316679999999e-11	-4.29156e-05	-1.43052e-05	4.29156e-05	-161.286
2533.731	10.04	6.697985199999999e-11	-5.3406e-05	-3.81473e-06	5.53133e-05	-176.634
2537.0262	10.044	6.70065372e-11	-5.72207e-05	9.5368e-06	5.6267e-05	171.204
2540.5763	10.048	6.70332224e-11	-3.71935e-05	1.62126e-05	4.10082e-05	158.37
2543.8555	10.052	6.70599076e-11	-3.52862e-05	9.5368e-06	3.52862e-05	164.652
2547.134	10.056	6.70865928e-11	-3.62399e-05	2.00273e-05	4.10082e-05	147.6
2550.4122	10.06	6.7113278e-11	-4.10082e-05	6.67575e-06	4.00546e-05	169.608
2553.6909	10.064	6.713996319999999e-11	-3.91009e-05	1.43052e-05	4.19619e-05	158.7
2557.2577	10.068	6.716664839999999e-11	-4.38693e-05	2.19346e-05	4.86376e-05	153.084
2560.5682	10.072	6.719333359999999e-11	-5.53133e-05	2.28883e-05	5.9128e-05	156.63
2563.8789	10.076	6.72200188e-11	-6.77113e-05	4.19619e-05	7.91554e-05	146.31
2567.4126	10.08	6.7246704e-11	-6.48503e-05	2.3842e-05	6.77113e-05	158.196
2570.7082	10.084	6.72733892e-11	-8.58312e-05	4.00546e-05	9.44142e-05	155.226
2573.987	10.088	6.73000744e-11	-7.62944e-05	9.5368e-06	7.53407e-05	172.374
2577.2652	10.092	6.73267596e-11	-0.000102044	2.6703e-05	0.000103951	164.004
2580.8	10.096	6.73534448e-11	-9.15532e-05	2.86103e-05	9.44142e-05	162.072
2584.0785	10.1	6.738012999999999e-11	-0.000102044	2.19346e-05	0.000104905	167.55
2587.3728	10.104	6.740681519999999e-11	-9.53679e-05	9.5368e-06	9.53679e-05	173.616
2590.6509	10.108	6.74335004e-11	-0.000103951	8.58313e-06	0.000103951	174.87
2594.2181	10.112	6.74601856e-11	-9.25069e-05	1.33515e-05	9.25069e-05	171.222
2597.5284	10.116	6.74868708e-11	-0.000106812	-3.81473e-06	0.000107766	-177.528
2600.8396	10.12	6.751355599999999e-11	-8.67848e-05	3.81473e-06	8.58312e-05	176.478
2604.1342	10.124	6.75402412e-11	-9.91826e-05	8.58313e-06	9.91826e-05	175.362
2607.6838	10.128	6.75669264e-11	-8.67848e-05	2.86104e-06	8.48775e-05	178.656
2610.9632	10.132	6.75936116e-11	-8.01091e-05	-4.7684e-06	7.91554e-05	-176.154
2614.2421	10.136	6.762029679999999e-11	-7.82018e-05	1.23978e-05	7.72481e-05	170.37
2617.5358	10.14	6.7646982e-11	-8.39238e-05	-6.67575e-06	8.39238e-05	-175.98
2620.8309	10.144	6.76736672e-11	-8.01091e-05	7.62945e-06	8.10628e-05	174.384
2624.1255	10.148	6.770035239999999e-11	-6.96187e-05	0.0	7.05724e-05	-179.46
2627.4039	10.152	6.772703759999999e-11	-7.82018e-05	1.62126e-05	7.91554e-05	167.838
2630.6828	10.156	6.77537228e-11	-7.24797e-05	1.62126e-05	7.24797e-05	167.868
2634.2336	10.16	6.7780408e-11	-5.6267e-05	2.86104e-06	5.53133e-05	176.514
2637.5282	10.164	6.78070932e-11	-6.5804e-05	1.81199e-05	6.77113e-05	163.518
2640.8063	10.168	6.78337784e-11	-5.43597e-05	0.0	5.43597e-05	177.21
2644.0855	10.172	6.78604636e-11	-4.86376e-05	1.33515e-05	4.95913e-05	163.524
2647.364	10.176	6.788714879999999e-11	-2.3842e-05	4.19619e-05	4.76839e-05	117.978
2650.6427	10.18	6.791383399999999e-11	-3.05178e-05	2.57493e-05	3.81472e-05	138.534
2653.9211	10.184	6.794051919999999e-11	-3.71935e-05	4.76839e-05	5.9128e-05	126.216
2657.1993	10.188	6.79672044e-11	-6.00817e-05	3.71935e-05	7.05724e-05	147.198
2660.7341	10.192	6.79938896e-11	-5.81744e-05	8.58313e-06	5.81744e-05	171.498
2664.0288	10.196	6.80205748e-11	-2.9564e-05	4.57766e-05	5.53133e-05	120.846
2667.2915	10.2	6.804726e-11	-7.72481e-05	4.00546e-05	8.58312e-05	152.034
2670.5699	10.204	6.807394520000001e-11	-8.01091e-05	2.00273e-05	8.10628e-05	166.302
2674.1206	10.208	6.810063039999999e-11	-7.82018e-05	1.33515e-05	7.72481e-05	169.38
2677.3987	10.212	6.812731559999999e-11	-7.82018e-05	3.24252e-05	8.39238e-05	155.898
2680.694	10.216	6.815400079999999e-11	-6.67577e-05	4.38693e-05	7.91554e-05	146.178
2683.9716	10.22	6.8180686e-11	-7.62944e-05	3.71935e-05	8.58312e-05	153.828
2687.2666	10.224	6.82073712e-11	-0.000100136	2.86103e-05	0.00010109	163.59
2690.8172	10.228	6.82340564e-11	-0.00011158	2.76567e-05	0.000114441	165.966
2694.0955	10.232	6.82607416e-11	-7.53407e-05	7.62945e-06	7.62944e-05	173.496
2697.3745	10.236	6.82874268e-11	-8.01091e-05	1.90736e-06	7.91554e-05	180.0
2700.9249	10.24	6.8314112e-11	-7.91554e-05	1.90736e-05	8.01091e-05	166.65
2704.2027	10.244	6.83407972e-11	-6.2943e-05	2.86104e-06	6.19893e-05	176.886
2707.4824	10.248	6.836748239999999e-11	-7.72481e-05	0.0	7.72481e-05	179.508
2710.7609	10.252	6.83941676e-11	-4.95913e-05	1.52589e-05	5.24523e-05	163.368
2714.0398	10.256	6.84208528e-11	-5.81744e-05	1.23978e-05	5.9128e-05	167.814
2717.3183	10.26	6.8447538e-11	-4.76839e-05	1.52589e-05	4.86376e-05	160.56
2720.5966	10.264	6.847422319999999e-11	-4.95913e-05	1.04905e-05	4.95913e-05	166.716
2723.8749	10.268	6.85009084e-11	-4.10082e-05	3.71935e-05	5.53133e-05	135.48
2727.426	10.272	6.85275936e-11	-7.34334e-05	3.52862e-05	8.01091e-05	153.006
2730.7197	10.276	6.85542788e-11	-6.2943e-05	2.86103e-05	6.77113e-05	155.922
2733.9987	10.28	6.8580964e-11	-5.14986e-05	5.53133e-05	7.43871e-05	131.718
2737.2777	10.284	6.86076492e-11	-3.33788e-05	4.57766e-05	5.53133e-05	123.69
2740.8278	10.288	6.86343344e-11	-6.96187e-05	4.19619e-05	8.10628e-05	148.392
2744.1067	10.292	6.866101959999999e-11	-9.05995e-05	4.00546e-05	9.82289e-05	156.39
2747.3851	10.296	6.868770479999999e-11	-8.58312e-05	5.0545e-05	9.72752e-05	149.034
2750.6638	10.3	6.871439e-11	-8.20165e-05	1.23978e-05	8.10628e-05	171.936
2753.9426	10.304	6.87410752e-11	-0.000109673	1.52589e-05	0.000110627	172.02
2757.493	10.308	6.87677604e-11	-9.63216e-05	8.58313e-06	9.91826e-05	174.702
2760.7877	10.312	6.87944456e-11	-0.000100136	-9.53682e-07	0.000100136	-179.622
2764.0661	10.316	6.88211308e-11	-9.91826e-05	2.19346e-05	0.00010109	169.056
2767.3447	10.32	6.884781599999999e-11	-7.82018e-05	8.58313e-06	7.53407e-05	172.878
2770.6394	10.324	6.887450119999999e-11	-8.39238e-05	1.71663e-05	8.58312e-05	169.38
2774.1897	10.328	6.890118639999999e-11	-6.00817e-05	-1.90736e-06	5.9128e-05	-178.728
2777.4685	10.332	6.89278716e-11	-7.91554e-05	-2.0981e-05	8.10628e-05	-165.516
2780.7471	10.336	6.89545568e-11	-4.86376e-05	3.33788e-05	5.72207e-05	144.312
2784.2817	10.34	6.8981242e-11	-5.53133e-05	1.71663e-05	5.72207e-05	161.982
2787.5763	10.344	6.90079272e-11	-2.9564e-05	3.71935e-05	4.76839e-05	126.084
2790.8547	10.348	6.90346124e-11	-2.6703e-05	2.0981e-05	3.24252e-05	138.18
2794.1333	10.352	6.90612976e-11	-4.29156e-05	3.05178e-05	5.24523e-05	142.698
2797.4118	10.356	6.908798279999999e-11	-3.43325e-05	4.76839e-05	5.9128e-05	124.734
2800.962	10.36	6.911466799999999e-11	-5.72207e-05	3.14715e-05	6.38966e-05	151.062
2804.2408	10.364	6.91413532e-11	-6.2943e-05	5.24523e-05	8.20165e-05	139.548
2807.5351	10.368	6.91680384e-11	-5.14986e-05	2.86103e-05	5.72207e-05	147.924
2810.8301	10.372	6.91947236e-11	-6.8665e-05	3.71935e-05	7.91554e-05	151.272
2814.1248	10.376	6.92214088e-11	-8.20165e-05	2.3842e-05	8.58312e-05	163.092
2817.4032	10.38	6.9248094e-11	-9.15532e-05	1.71663e-05	9.44142e-05	168.3
2820.6818	10.384	6.92747792e-11	-7.91554e-05	4.7684e-06	7.82018e-05	175.674
2824.2317	10.388	6.93014644e-11	-0.000104905	3.05178e-05	0.000107766	162.9
2827.5272	10.392	6.932814959999999e-11	-0.00011921	4.7684e-06	0.000120163	177.168
2830.8059	10.396	6.93548348e-11	-0.000131608	1.14442e-05	0.000130654	175.044
2834.0999	10.4	6.938152e-11	-0.00012684	-1.23978e-05	0.000127793	-174.348
2837.3788	10.404	6.94082052e-11	-0.000107766	1.90736e-06	0.000104905	178.188
2840.9286	10.408	6.943489039999999e-11	-0.000113488	-2.28883e-05	0.000112534	-169.026
2844.2075	10.412	6.94615756e-11	-9.82289e-05	-2.47956e-05	0.000100136	-166.98
2847.4865	10.416	6.94882608e-11	-9.82289e-05	-2.76567e-05	0.00010109	-164.418
2851.021	10.42	6.9514946e-11	-9.15532e-05	-3.71935e-05	9.72752e-05	-157.98
2854.2996	10.424	6.95416312e-11	-0.000104905	5.72208e-06	0.000103951	175.968
2857.5781	10.428	6.95683164e-11	-6.19893e-05	-1.81199e-05	6.2943e-05	-164.64
2860.8728	10.432	6.95950016e-11	-8.77385e-05	-1.81199e-05	8.77385e-05	-169.116
2864.1674	10.436	6.962168679999999e-11	-0.00010109	7.62945e-06	0.000100136	175.044
2867.7015	10.44	6.964837199999999e-11	-6.67577e-05	-2.00273e-05	6.96187e-05	-164.13
2870.9802	10.444	6.96750572e-11	-5.3406e-05	1.04905e-05	5.53133e-05	168.96
2874.2751	10.448	6.97017424e-11	-3.62399e-05	5.72208e-06	3.71935e-05	169.692
2877.5537	10.452	6.97284276e-11	-6.00817e-05	6.67575e-06	6.00817e-05	172.404
2880.8484	10.456	6.97551128e-11	-5.9128e-05	1.90736e-06	5.81744e-05	178.698
2884.1111	10.46	6.978179800000001e-11	-6.10356e-05	-2.0981e-05	6.2943e-05	-160.992
2887.3896	10.464	6.980848319999999e-11	-4.00546e-05	-6.67575e-06	4.00546e-05	-171.468
2890.9557	10.468	6.983516839999999e-11	-8.58313e-06	-2.86104e-06	8.58313e-06	-158.964
2894.2349	10.472	6.986185359999999e-11	0.0	5.72208e-06	4.7684e-06	97.122
2897.5133	10.476	6.98885388e-11	-3.81473e-06	-5.72208e-06	5.72208e-06	-104.034
2900.7916	10.48	6.9915224e-11	0.0	3.05178e-05	3.05178e-05	91.218
2904.0697	10.484	6.99419092e-11	2.86104e-06	2.3842e-05	2.3842e-05	80.79
2907.6211	10.488	6.99685944e-11	2.9564e-05	8.58313e-06	3.05178e-05	16.116
2910.8998	10.492	6.99952796e-11	1.90736e-05	1.90736e-05	2.86103e-05	36.324
2914.1776	10.496	7.00219648e-11	-3.81473e-06	5.24523e-05	5.24523e-05	93.576
2917.7286	10.5	7.004865e-11	1.90736e-06	1.81199e-05	1.71663e-05	79.506
2921.0232	10.504	7.007533519999999e-11	-2.86104e-06	1.52589e-05	1.43052e-05	100.308
2924.3016	10.508	7.010202039999999e-11	-8.58313e-06	4.57766e-05	4.67303e-05	99.726
2927.5804	10.512	7.01287056e-11	-1.04905e-05	3.05178e-05	3.24252e-05	104.934
2930.8744	10.516	7.01553908e-11	-1.62126e-05	3.62399e-05	3.91009e-05	113.46
2934.4257	10.52	7.018207599999999e-11	-1.33515e-05	4.29156e-05	4.57766e-05	106.062
2937.7197	10.524	7.020876119999999e-11	-4.19619e-05	2.57493e-05	4.86376e-05	148.494
2941.0148	10.528	7.02354464e-11	-1.71663e-05	1.04905e-05	1.90736e-05	146.886
2944.2773	10.532	7.02621316e-11	-5.24523e-05	1.23978e-05	5.3406e-05	164.934
2947.5558	10.536	7.02888168e-11	-2.0981e-05	0.0	2.00273e-05	178.212
2950.8503	10.54	7.031550199999998e-11	-9.5368e-06	2.47956e-05	2.57493e-05	106.554
2954.1286	10.544	7.03421872e-11	-1.81199e-05	1.90736e-06	1.62126e-05	172.878
2957.679	10.548	7.03688724e-11	1.04905e-05	1.52589e-05	1.90736e-05	51.63
2960.9743	10.552	7.039555759999999e-11	-2.86104e-06	-2.86104e-06	3.81473e-06	-149.034
2964.2686	10.556	7.042224279999999e-11	7.62945e-06	-7.62945e-06	1.04905e-05	-47.724
2967.5304	10.56	7.0448928e-11	9.5368e-06	-1.52589e-05	1.90736e-05	-53.532
2970.8099	10.564	7.04756132e-11	0.0	1.33515e-05	1.43052e-05	75.378
2974.3442	10.568	7.05022984e-11	3.81473e-06	3.81473e-06	5.72208e-06	49.398
2977.6227	10.572	7.05289836e-11	-2.6703e-05	1.71663e-05	3.05178e-05	145.302
2980.9006	10.576	7.05556688e-11	-2.86104e-06	9.5368e-06	8.58313e-06	90.0
2984.4518	10.58	7.058235399999999e-11	-1.04905e-05	2.9564e-05	3.14715e-05	110.694
2987.7301	10.584	7.060903919999999e-11	1.62126e-05	4.10082e-05	4.38693e-05	68.04
2991.0092	10.588	7.063572439999999e-11	-1.33515e-05	2.3842e-05	2.86103e-05	119.58
2994.288	10.592	7.06624096e-11	-2.47956e-05	2.00273e-05	3.24252e-05	143.13
2997.5666	10.596	7.06890948e-11	1.33515e-05	2.28883e-05	2.57493e-05	60.252
3001.101	10.6	7.071578e-11	0.0	6.10356e-05	6.10356e-05	91.866
3004.3796	10.604	7.07424652e-11	-9.53682e-07	3.81473e-06	3.81473e-06	104.034
3007.6744	10.608	7.07691504e-11	1.14442e-05	2.3842e-05	2.86103e-05	59.934
3010.9529	10.612	7.079583559999999e-11	2.19346e-05	-3.81473e-06	2.19346e-05	-1.734
3014.2314	10.616	7.082252079999999e-11	1.71663e-05	3.71935e-05	4.10082e-05	65.094
3017.51	10.62	7.084920599999999e-11	1.90736e-05	3.05178e-05	3.71935e-05	57.678
3020.7885	10.624	7.08758912e-11	1.71663e-05	-2.86104e-06	1.90736e-05	-5.904
3024.0835	10.628	7.09025764e-11	1.04905e-05	1.71663e-05	2.19346e-05	55.842
3027.6336	10.632	7.09292616e-11	-6.67575e-06	5.14986e-05	5.3406e-05	96.342
3030.9122	10.636	7.095594679999999e-11	5.72208e-06	6.38966e-05	6.38966e-05	83.988
3034.1912	10.64	7.0982632e-11	-3.62399e-05	6.38966e-05	7.24797e-05	117.978
3037.4694	10.644	7.10093172e-11	-3.62399e-05	4.86376e-05	5.81744e-05	124.776
3041.0196	10.648	7.10360024e-11	-5.72207e-05	3.05178e-05	6.48503e-05	150.546
3044.3307	10.652	7.106268759999999e-11	-8.67848e-05	2.47956e-05	9.05995e-05	164.052
3047.6088	10.656	7.10893728e-11	-7.1526e-05	2.9564e-05	7.72481e-05	157.38
3050.8874	10.66	7.1116058e-11	-0.000102044	3.91009e-05	0.000109673	158.712
3054.1662	10.664	7.114274319999999e-11	-9.63216e-05	5.3406e-05	0.000109673	151.116
3057.4448	10.668	7.116942839999999e-11	-0.000114441	-4.7684e-06	0.000113488	-177.006
3060.7234	10.672	7.11961136e-11	-0.000120163	3.24252e-05	0.000122071	164.526
3064.0024	10.676	7.12227988e-11	-0.00011158	-9.53682e-07	0.000110627	-179.316
3067.5365	10.68	7.1249484e-11	-0.000102044	1.90736e-06	0.00010109	178.494
3070.8313	10.684	7.12761692e-11	-0.000134469	1.52589e-05	0.000133515	173.694
3074.1261	10.688	7.13028544e-11	-0.00012684	-4.7684e-06	0.000123979	-178.452
3077.4207	10.692	7.132953959999999e-11	-0.000144006	0.0	0.000141145	179.73
3080.6985	10.696	7.135622479999999e-11	-0.000142098	8.58313e-06	0.000141145	176.238
3083.9775	10.7	7.138290999999999e-11	-0.000164033	-2.86104e-06	0.000163079	-179.766
3087.2563	10.704	7.14095952e-11	-0.000195504	2.00273e-05	0.000196458	173.598
3090.8069	10.708	7.14362804e-11	-0.000215531	3.71935e-05	0.000217439	169.962
3094.1015	10.712	7.14629656e-11	-0.000209809	3.81473e-06	0.000209809	178.728
3097.3961	10.716	7.14896508e-11	-0.000229836	0.0	0.000227929	180.0
3100.6749	10.72	7.151633600000001e-11	-0.000217439	-1.04905e-05	0.000215531	-177.696
3103.953	10.724	7.154302119999999e-11	-0.000208856	-2.86104e-06	0.000209809	-179.82
3107.5035	10.728	7.156970639999999e-11	-0.000235558	-6.67575e-06	0.000232697	-178.356
3110.7983	10.732	7.159639159999999e-11	-0.000213624	1.62126e-05	0.000211717	175.296
3114.0772	10.736	7.16230768e-11	-0.000208856	-3.81473e-06	0.000207902	-179.634
3117.6274	10.74	7.1649762e-11	-0.000185014	-8.58313e-06	0.00018406	-177.522
3120.9215	10.744	7.16764472e-11	-0.000188828	-1.33515e-05	0.000189782	-176.184
3124.2007	10.748	7.17031324e-11	-0.000148774	7.62945e-06	0.000148774	176.946
3127.4953	10.752	7.17298176e-11	-0.000150681	8.58313e-06	0.000149728	176.706
3130.7899	10.756	7.17565028e-11	-0.000146867	-1.43052e-05	0.00014782	-175.128
3134.3561	10.76	7.178318799999999e-11	-0.000116349	-2.19346e-05	0.000118256	-170.274
3137.6183	10.764	7.180987319999999e-11	-8.58312e-05	1.23978e-05	8.67848e-05	172.116
3140.8979	10.768	7.18365584e-11	-7.82018e-05	1.81199e-05	7.72481e-05	166.674
3144.1915	10.772	7.18632436e-11	-5.6267e-05	3.91009e-05	6.77113e-05	143.352
3147.5032	10.776	7.18899288e-11	-1.14442e-05	2.6703e-05	3.05178e-05	117.642
3150.8137	10.78	7.191661399999999e-11	-1.14442e-05	1.62126e-05	2.00273e-05	127.236
3154.0911	10.784	7.19432992e-11	1.33515e-05	5.72207e-05	5.9128e-05	76.278
3157.3703	10.788	7.19699844e-11	6.48503e-05	4.86376e-05	8.10628e-05	37.338
3160.9053	10.792	7.19966696e-11	3.43325e-05	6.19893e-05	7.05724e-05	60.792
3164.2002	10.796	7.20233548e-11	8.01091e-05	8.20165e-05	0.000115395	45.234
3167.4944	10.8	7.205004e-11	8.48775e-05	8.86922e-05	0.000123979	45.87
3170.7885	10.804	7.20767252e-11	7.82018e-05	9.25069e-05	0.000122071	49.602
3174.3394	10.808	7.210341039999999e-11	9.72752e-05	9.44142e-05	0.000136376	44.412
3177.6181	10.812	7.213009559999999e-11	7.91554e-05	0.00011921	0.000144959	55.8
3180.913	10.816	7.21567808e-11	8.01091e-05	0.000123979	0.000145913	57.606
3184.2076	10.82	7.2183466e-11	7.91554e-05	8.48775e-05	0.000117302	45.456
3187.4859	10.824	7.22101512e-11	3.91009e-05	8.39238e-05	9.25069e-05	63.798
3191.0205	10.828	7.22368364e-11	8.58313e-06	9.05995e-05	9.05995e-05	84.918
3194.2986	10.832	7.22635216e-11	4.7684e-06	8.67848e-05	8.77385e-05	85.698
3197.5781	10.836	7.229020679999999e-11	-3.33788e-05	8.58312e-05	9.25069e-05	110.268
3200.8567	10.84	7.231689199999999e-11	-4.57766e-05	6.19893e-05	7.72481e-05	125.592
3204.135	10.844	7.234357719999999e-11	-5.24523e-05	6.2943e-05	8.10628e-05	130.752
3207.4142	10.848	7.23702624e-11	-3.81472e-05	3.24252e-05	4.95913e-05	140.982
3210.6922	10.852	7.23969476e-11	-6.48503e-05	-1.04905e-05	6.38966e-05	-170.538
3213.9554	10.856	7.24236328e-11	-3.33788e-05	-1.81199e-05	3.71935e-05	-152.526
3217.2339	10.86	7.2450318e-11	-4.29156e-05	-2.57493e-05	4.95913e-05	-147.996
3220.5115	10.864	7.247700320000001e-11	-4.38693e-05	-1.81199e-05	4.76839e-05	-158.346
3223.7902	10.868	7.25036884e-11	-2.28883e-05	-1.62126e-05	2.57493e-05	-145.122
3227.3413	10.872	7.253037359999999e-11	-1.52589e-05	-1.33515e-05	1.90736e-05	-140.442
3230.6197	10.876	7.255705879999999e-11	-1.14442e-05	-9.5368e-06	1.33515e-05	-140.526
3233.9146	10.88	7.2583744e-11	2.86103e-05	-2.47956e-05	3.71935e-05	-39.936
3237.2084	10.884	7.26104292e-11	3.52862e-05	7.62945e-06	3.52862e-05	11.724
3240.7598	10.888	7.26371144e-11	1.71663e-05	3.81473e-06	1.81199e-05	12.528
3244.0386	10.892	7.26637996e-11	4.19619e-05	0.0	4.38693e-05	0.0
3247.3173	10.896	7.26904848e-11	3.14715e-05	1.23978e-05	3.52862e-05	20.808
3250.5797	10.9	7.271717e-11	3.91009e-05	3.91009e-05	5.72207e-05	46.848
3253.8584	10.904	7.27438552e-11	5.9128e-05	3.05178e-05	6.67577e-05	28.836
3257.3929	10.908	7.277054039999999e-11	3.81472e-05	4.38693e-05	5.9128e-05	47.256
3260.671	10.912	7.27972256e-11	1.04905e-05	4.00546e-05	4.10082e-05	74.178
3263.95	10.916	7.28239108e-11	3.05178e-05	3.52862e-05	4.57766e-05	49.128
3267.5008	10.92	7.2850596e-11	1.90736e-05	6.2943e-05	6.5804e-05	73.026
3270.763	10.924	7.287728119999999e-11	1.62126e-05	6.10356e-05	6.2943e-05	72.72
3274.0419	10.928	7.29039664e-11	-6.67575e-06	4.48229e-05	4.48229e-05	95.964
3277.3362	10.932	7.29306516e-11	-2.6703e-05	5.14986e-05	5.72207e-05	116.268
3280.631	10.936	7.29573368e-11	-5.43597e-05	3.62399e-05	6.2943e-05	144.324
3283.9259	10.94	7.2984022e-11	-4.95913e-05	1.81199e-05	5.0545e-05	157.494
3287.2201	10.944	7.30107072e-11	-5.14986e-05	2.3842e-05	5.72207e-05	155.226
3290.515	10.948	7.30373924e-11	-0.000102997	4.10082e-05	0.000110627	158.262
3294.0645	10.952	7.306407759999999e-11	-6.77113e-05	8.58313e-06	6.5804e-05	172.44
3297.3599	10.956	7.309076279999999e-11	-9.34605e-05	6.67575e-06	9.25069e-05	174.618
3300.6379	10.96	7.3117448e-11	-0.000113488	1.52589e-05	0.00011158	172.068
3303.9169	10.964	7.31441332e-11	-0.000102044	-9.53682e-07	0.00010109	-179.628
3307.451	10.968	7.31708184e-11	-0.00010109	-1.43052e-05	0.000102044	-172.236
3310.7302	10.972	7.31975036e-11	-0.000103951	-1.14442e-05	0.000104905	-173.862
3314.0084	10.976	7.322418880000001e-11	-9.34605e-05	-1.23978e-05	9.25069e-05	-172.218
3317.2715	10.98	7.325087399999999e-11	-5.81744e-05	2.86104e-06	5.72207e-05	176.67
3320.5494	10.984	7.327755919999999e-11	-8.48775e-05	-3.05178e-05	9.05995e-05	-160.632
3324.1006	10.988	7.330424439999999e-11	-3.81472e-05	-2.0981e-05	4.29156e-05	-152.652
3327.3791	10.992	7.33309296e-11	-1.71663e-05	4.7684e-06	1.90736e-05	166.866
3330.6739	10.996	7.33576148e-11	-1.62126e-05	-6.67575e-06	1.71663e-05	-163.494
3333.9843	11.0	7.33843e-11	-1.71663e-05	7.62945e-06	1.81199e-05	149.034