Time (s) 	 Position (mm) 	 Delay (s) 	 X 	 Y 	 R 	 theta 
#Without Preamplifier,Fluence 1 filter = NE15A-B, ZnTe detector angle dependance 40deg, Chopper 230Hz, time constant=0.3s 18dB, waiting time= 2.7s, sensitivity=20mV
3.4625	10.0	6.6713e-11	-9.53682e-07	5.72208e-06	5.72208e-06	110.556
6.7882	10.002	6.67263426e-11	-2.28883e-05	-3.81473e-06	2.19346e-05	-168.024
10.0833	10.004	6.673968519999999e-11	-2.86104e-06	-5.72208e-06	5.72208e-06	-129.804
13.3934	10.006	6.67530278e-11	-3.81473e-06	-9.53682e-07	2.86104e-06	-170.538
16.6731	10.008	6.676637039999999e-11	5.72208e-06	8.58313e-06	1.04905e-05	55.302
19.9669	10.01	6.6779713e-11	-7.62945e-06	9.5368e-06	1.04905e-05	116.562
23.2456	10.012	6.67930556e-11	1.71663e-05	-1.71663e-05	2.3842e-05	-43.92
26.541	10.014	6.68063982e-11	7.62945e-06	-9.53682e-07	8.58313e-06	-3.816
29.8185	10.016	6.68197408e-11	-1.90736e-05	5.72208e-06	1.90736e-05	162.18
33.0811	10.018	6.68330834e-11	3.81473e-06	3.81473e-06	5.72208e-06	48.816
36.361	10.02	6.6846426e-11	1.33515e-05	5.72208e-06	1.52589e-05	21.372
39.6398	10.022	6.68597686e-11	-3.62399e-05	1.90736e-06	3.52862e-05	178.92
42.9334	10.024	6.68731112e-11	-1.33515e-05	-1.81199e-05	1.90736e-05	-123.69
46.2289	10.026	6.688645379999999e-11	-1.90736e-05	8.58313e-06	1.90736e-05	158.55
49.5397	10.028	6.68997964e-11	2.28883e-05	8.58313e-06	2.28883e-05	18.432
52.8496	10.03	6.691313899999999e-11	1.43052e-05	1.33515e-05	1.90736e-05	47.862
56.1269	10.032	6.692648159999999e-11	1.33515e-05	5.72208e-06	1.52589e-05	27.642
59.4229	10.034	6.69398242e-11	-1.52589e-05	-8.58313e-06	1.62126e-05	-151.392
62.7021	10.036	6.695316679999999e-11	3.62399e-05	3.81473e-06	3.81472e-05	8.82
65.981	10.038	6.69665094e-11	-2.00273e-05	-9.53682e-07	1.81199e-05	-177.882
69.2596	10.04	6.697985199999999e-11	-1.90736e-06	1.71663e-05	1.71663e-05	94.236
72.5382	10.042	6.69931946e-11	1.90736e-05	0.0	1.90736e-05	1.974
75.8331	10.044	6.70065372e-11	1.14442e-05	-1.33515e-05	1.81199e-05	-36.468
79.1114	10.046	6.70198798e-11	1.62126e-05	-3.81473e-06	1.52589e-05	-14.622
82.3901	10.048	6.70332224e-11	8.58313e-06	1.52589e-05	1.71663e-05	62.526
85.6679	10.05	6.7046565e-11	-3.81473e-06	1.43052e-05	1.43052e-05	113.202
88.9475	10.052	6.70599076e-11	1.90736e-06	-1.14442e-05	9.5368e-06	-78.69
92.2262	10.054	6.70732502e-11	-2.19346e-05	-2.86104e-06	2.19346e-05	-174.804
95.5034	10.056	6.70865928e-11	-1.04905e-05	-3.81473e-06	1.04905e-05	-163.608
98.7834	10.058	6.70999354e-11	6.67575e-06	-1.62126e-05	1.62126e-05	-68.628
102.0622	10.06	6.7113278e-11	-1.81199e-05	6.67575e-06	1.90736e-05	162.756
105.3394	10.062	6.712662059999999e-11	-9.5368e-06	1.43052e-05	1.71663e-05	125.538
108.6196	10.064	6.713996319999999e-11	1.52589e-05	-2.86104e-06	1.62126e-05	-6.582
111.9133	10.066	6.71533058e-11	-1.81199e-05	5.72208e-06	1.90736e-05	159.678
115.2078	10.068	6.716664839999999e-11	-7.62945e-06	-6.67575e-06	1.04905e-05	-149.034
118.5028	10.07	6.7179991e-11	1.04905e-05	1.90736e-06	8.58313e-06	24.444
121.781	10.072	6.719333359999999e-11	-1.33515e-05	-1.62126e-05	2.00273e-05	-132.396
125.0608	10.074	6.72066762e-11	1.81199e-05	-2.00273e-05	2.76567e-05	-48.816
128.3396	10.076	6.72200188e-11	-2.00273e-05	2.86104e-06	1.90736e-05	170.838
131.6183	10.078	6.723336139999999e-11	-2.86104e-06	3.81473e-06	4.7684e-06	125.538
134.8969	10.08	6.7246704e-11	4.10082e-05	-1.81199e-05	4.67303e-05	-21.948
138.1747	10.082	6.72600466e-11	-1.14442e-05	-1.62126e-05	1.71663e-05	-119.478
141.4368	10.084	6.72733892e-11	-1.90736e-06	-1.04905e-05	9.5368e-06	-93.816
144.7167	10.086	6.72867318e-11	-1.04905e-05	1.23978e-05	1.62126e-05	131.82
148.0115	10.088	6.73000744e-11	1.90736e-06	-1.52589e-05	1.52589e-05	-90.0
151.2902	10.09	6.7313417e-11	1.52589e-05	-9.5368e-06	1.81199e-05	-25.644
154.5681	10.092	6.73267596e-11	2.86104e-06	-2.47956e-05	2.3842e-05	-79.284
157.8634	10.094	6.73401022e-11	-3.33788e-05	2.3842e-05	4.00546e-05	142.944
161.1413	10.096	6.73534448e-11	-3.81473e-06	9.53682e-07	1.90736e-06	116.562
164.419	10.098	6.73667874e-11	5.72208e-06	1.04905e-05	1.33515e-05	62.244
167.6996	10.1	6.738012999999999e-11	8.58313e-06	-7.62945e-06	1.14442e-05	-36.252
170.9934	10.102	6.73934726e-11	-8.58313e-06	-9.5368e-06	1.23978e-05	-130.914
174.2569	10.104	6.740681519999999e-11	1.33515e-05	1.90736e-05	2.3842e-05	54.09
177.5496	10.106	6.742015779999999e-11	-1.04905e-05	8.58313e-06	1.23978e-05	130.914
180.8461	10.108	6.74335004e-11	4.7684e-06	1.52589e-05	1.62126e-05	68.628
184.3966	10.11	6.744684299999999e-11	8.58313e-06	-1.90736e-06	8.58313e-06	-15.948
187.6906	10.112	6.74601856e-11	1.90736e-05	-8.58313e-06	1.90736e-05	-18.432
190.97	10.114	6.74735282e-11	2.86104e-06	1.62126e-05	1.62126e-05	77.004
194.2633	10.116	6.74868708e-11	8.58313e-06	-1.90736e-05	1.90736e-05	-64.29
197.5432	10.118	6.75002134e-11	1.23978e-05	0.0	1.04905e-05	3.816
200.8208	10.12	6.751355599999999e-11	2.3842e-05	1.90736e-06	2.3842e-05	6.168
204.1004	10.122	6.75268986e-11	1.52589e-05	5.72208e-06	1.71663e-05	14.532
207.3783	10.124	6.75402412e-11	-1.90736e-06	-6.67575e-06	5.72208e-06	-96.342
210.6575	10.126	6.75535838e-11	3.81473e-06	7.62945e-06	8.58313e-06	77.004
213.9522	10.128	6.75669264e-11	-1.90736e-06	-1.04905e-05	1.04905e-05	-96.342
217.2467	10.13	6.758026900000001e-11	-1.71663e-05	1.14442e-05	1.90736e-05	137.724
220.5409	10.132	6.75936116e-11	-5.72208e-06	2.86103e-05	2.9564e-05	101.562
223.819	10.134	6.760695419999999e-11	-2.86104e-06	6.67575e-06	7.62945e-06	116.562
227.0991	10.136	6.762029679999999e-11	-1.04905e-05	5.72208e-06	1.23978e-05	149.934
230.3772	10.138	6.763363939999999e-11	2.86104e-06	-2.86104e-06	2.86104e-06	-21.804
233.6563	10.14	6.7646982e-11	6.67575e-06	-9.53682e-07	5.72208e-06	0.0
236.9346	10.142	6.766032459999999e-11	8.58313e-06	2.86104e-06	1.04905e-05	10.62
240.2296	10.144	6.76736672e-11	1.33515e-05	1.04905e-05	1.71663e-05	37.692
243.5082	10.146	6.76870098e-11	-6.67575e-06	3.81473e-06	7.62945e-06	153.438
246.8031	10.148	6.770035239999999e-11	1.90736e-06	1.14442e-05	1.23978e-05	83.988
250.0969	10.15	6.7713695e-11	2.86104e-06	-2.86104e-06	5.72208e-06	-29.052
253.3756	10.152	6.772703759999999e-11	1.52589e-05	-4.7684e-06	1.52589e-05	-23.202
256.6547	10.154	6.77403802e-11	-9.5368e-06	-3.81473e-06	8.58313e-06	-155.556
259.9495	10.156	6.77537228e-11	-3.81473e-06	-3.81473e-06	3.81473e-06	-135.0
263.2281	10.158	6.77670654e-11	8.58313e-06	-9.5368e-06	1.04905e-05	-51.84
266.505	10.16	6.7780408e-11	1.71663e-05	-3.81473e-06	1.62126e-05	-11.766
269.7845	10.162	6.77937506e-11	-4.7684e-06	2.86104e-06	3.81473e-06	149.034
273.0634	10.164	6.78070932e-11	1.71663e-05	-1.33515e-05	2.19346e-05	-35.136
276.3589	10.166	6.78204358e-11	-1.23978e-05	-9.53682e-07	1.14442e-05	180.0
279.6376	10.168	6.78337784e-11	1.52589e-05	0.0	1.43052e-05	-2.724
283.1877	10.17	6.7847121e-11	1.04905e-05	-9.5368e-06	1.43052e-05	-30.066
286.4667	10.172	6.78604636e-11	-4.7684e-06	8.58313e-06	9.5368e-06	123.69
289.7447	10.174	6.787380619999999e-11	1.52589e-05	1.90736e-06	1.52589e-05	4.968
293.023	10.176	6.788714879999999e-11	-7.62945e-06	-3.33788e-05	3.24252e-05	-102.654
296.3187	10.178	6.79004914e-11	1.52589e-05	2.86104e-06	1.52589e-05	7.434
299.8675	10.18	6.791383399999999e-11	2.19346e-05	0.0	2.00273e-05	3.69
303.148	10.182	6.79271766e-11	1.52589e-05	9.53682e-07	1.43052e-05	2.724
306.442	10.184	6.794051919999999e-11	-4.7684e-06	-1.43052e-05	1.43052e-05	-103.392
309.7372	10.186	6.79538618e-11	-7.62945e-06	0.0	7.62945e-06	175.236
313.0319	10.188	6.79672044e-11	8.58313e-06	-6.67575e-06	1.04905e-05	-30.966
316.3105	10.19	6.798054699999999e-11	-1.43052e-05	2.86104e-06	1.43052e-05	164.052
319.5732	10.192	6.79938896e-11	0.0	-1.04905e-05	1.04905e-05	-86.634
322.8518	10.194	6.80072322e-11	-1.14442e-05	-9.53682e-07	9.5368e-06	-167.904
326.0975	10.196	6.80205748e-11	0.0	-8.58313e-06	8.58313e-06	-85.602
329.392	10.198	6.80339174e-11	3.24252e-05	-3.81473e-06	3.14715e-05	-4.866
332.6876	10.2	6.804726e-11	-4.7684e-06	-4.7684e-06	6.67575e-06	-160.02
335.9662	10.202	6.80606026e-11	-2.0981e-05	-2.3842e-05	3.05178e-05	-131.532
339.2447	10.204	6.807394520000001e-11	8.58313e-06	2.9564e-05	3.14715e-05	74.538
342.5395	10.206	6.80872878e-11	4.7684e-06	7.62945e-06	1.04905e-05	47.49
345.8324	10.208	6.810063039999999e-11	-8.58313e-06	1.52589e-05	1.71663e-05	123.114
349.1447	10.21	6.8113973e-11	-1.23978e-05	-1.14442e-05	1.52589e-05	-135.0
352.4233	10.212	6.812731559999999e-11	1.52589e-05	-2.28883e-05	2.76567e-05	-56.688
355.701	10.214	6.81406582e-11	1.23978e-05	3.81473e-06	1.23978e-05	16.392
358.9957	10.216	6.815400079999999e-11	-2.28883e-05	8.58313e-06	2.19346e-05	156.57
362.2915	10.218	6.81673434e-11	-6.67575e-06	1.33515e-05	1.52589e-05	113.202
365.5861	10.22	6.8180686e-11	8.58313e-06	-1.04905e-05	1.23978e-05	-49.086
368.8808	10.222	6.819402859999999e-11	-6.67575e-06	-7.62945e-06	1.04905e-05	-132.708
372.1915	10.224	6.82073712e-11	4.7684e-06	-4.7684e-06	5.72208e-06	-60.948
375.469	10.226	6.82207138e-11	1.43052e-05	-2.00273e-05	2.28883e-05	-48.504
378.7488	10.228	6.82340564e-11	-1.81199e-05	3.81473e-06	1.81199e-05	165.468
382.0419	10.23	6.8247399e-11	9.53682e-07	-5.72208e-06	5.72208e-06	-60.948
385.3221	10.232	6.82607416e-11	-1.14442e-05	-3.33788e-05	3.43325e-05	-107.748
388.8887	10.234	6.82740842e-11	2.28883e-05	-9.5368e-06	2.57493e-05	-19.356
392.15	10.236	6.82874268e-11	1.62126e-05	1.23978e-05	1.90736e-05	34.212
395.4452	10.238	6.83007694e-11	-2.86104e-06	-4.7684e-06	6.67575e-06	-124.992
399.012	10.24	6.8314112e-11	-2.28883e-05	1.81199e-05	2.86103e-05	140.526
402.3058	10.242	6.832745460000001e-11	9.53682e-07	-1.90736e-05	1.71663e-05	-87.882
405.8579	10.244	6.83407972e-11	4.19619e-05	-7.62945e-06	4.19619e-05	-11.844
409.1355	10.246	6.83541398e-11	-8.58313e-06	-1.23978e-05	1.33515e-05	-117.756
412.4311	10.248	6.836748239999999e-11	-1.14442e-05	-1.04905e-05	1.52589e-05	-138.576
415.7093	10.25	6.838082499999999e-11	-4.7684e-06	8.58313e-06	8.58313e-06	123.69
418.9882	10.252	6.83941676e-11	1.90736e-06	0.0	1.90736e-06	-14.034
422.2669	10.254	6.840751019999999e-11	-5.72208e-06	0.0	5.72208e-06	-174.288
425.5604	10.256	6.84208528e-11	1.71663e-05	-4.7684e-06	1.71663e-05	-16.926
428.8394	10.258	6.843419539999999e-11	2.6703e-05	-2.86104e-06	2.57493e-05	-4.398
432.118	10.26	6.8447538e-11	8.58313e-06	-6.67575e-06	8.58313e-06	-50.712
435.4285	10.262	6.84608806e-11	-9.5368e-06	6.67575e-06	1.04905e-05	135.0
438.6911	10.264	6.847422319999999e-11	-1.62126e-05	-3.81473e-06	1.52589e-05	-167.736
441.9705	10.266	6.84875658e-11	3.81473e-06	-2.86104e-06	2.86104e-06	-45.0
445.2494	10.268	6.85009084e-11	5.72208e-06	2.86103e-05	2.86103e-05	77.622
448.7999	10.27	6.8514251e-11	-8.58313e-06	9.5368e-06	1.23978e-05	130.914
452.0934	10.272	6.85275936e-11	-1.62126e-05	5.72208e-06	1.71663e-05	157.38
455.3732	10.274	6.85409362e-11	6.67575e-06	2.00273e-05	2.19346e-05	71.568
458.6518	10.276	6.85542788e-11	1.71663e-05	-1.52589e-05	2.3842e-05	-37.182
461.9305	10.278	6.85676214e-11	-1.52589e-05	-4.7684e-06	1.43052e-05	-166.608
465.2237	10.28	6.8580964e-11	1.90736e-06	1.23978e-05	1.23978e-05	87.138
468.5199	10.282	6.859430659999999e-11	-1.43052e-05	8.58313e-06	1.62126e-05	148.242
471.8134	10.284	6.86076492e-11	-1.33515e-05	-6.67575e-06	1.62126e-05	-158.196
475.0933	10.286	6.862099179999999e-11	-1.62126e-05	1.81199e-05	2.3842e-05	125.91
478.6433	10.288	6.86343344e-11	8.58313e-06	-1.33515e-05	1.43052e-05	-52.596
481.9066	10.29	6.864767699999999e-11	-2.86104e-06	1.52589e-05	1.62126e-05	96.84
485.1842	10.292	6.866101959999999e-11	-5.72208e-06	2.86104e-06	5.72208e-06	140.196
488.4634	10.294	6.86743622e-11	1.62126e-05	-4.7684e-06	1.52589e-05	-7.764
491.7424	10.296	6.868770479999999e-11	-1.04905e-05	-4.7684e-06	1.04905e-05	-160.56
495.0363	10.298	6.87010474e-11	2.86104e-06	2.9564e-05	2.9564e-05	86.268
498.3311	10.3	6.871439e-11	5.72208e-06	2.86104e-06	5.72208e-06	23.202
501.6262	10.302	6.87277326e-11	-2.86104e-06	-3.05178e-05	2.9564e-05	-92.604
504.9047	10.304	6.87410752e-11	2.19346e-05	1.33515e-05	2.3842e-05	35.364
508.1834	10.306	6.875441779999999e-11	-1.04905e-05	0.0	9.5368e-06	180.0
511.4624	10.308	6.87677604e-11	4.7684e-06	1.71663e-05	1.81199e-05	72.9
514.7411	10.31	6.8781103e-11	-1.90736e-06	-1.90736e-06	1.90736e-06	-71.568
518.0179	10.312	6.87944456e-11	-7.62945e-06	3.81473e-06	8.58313e-06	151.392
521.3134	10.314	6.88077882e-11	-1.04905e-05	-2.3842e-05	2.47956e-05	-113.202
524.6072	10.316	6.88211308e-11	-2.28883e-05	1.90736e-05	3.14715e-05	146.634
527.9185	10.318	6.883447339999999e-11	6.67575e-06	-9.5368e-06	8.58313e-06	-52.122
531.2303	10.32	6.884781599999999e-11	-1.33515e-05	-1.71663e-05	2.0981e-05	-130.032
534.5411	10.322	6.886115859999999e-11	-1.04905e-05	-1.04905e-05	1.33515e-05	-130.914
537.8346	10.324	6.887450119999999e-11	-1.62126e-05	-6.67575e-06	1.62126e-05	-152.448
541.1461	10.326	6.88878438e-11	-2.86104e-06	-9.53682e-07	1.90736e-06	-143.13
544.4563	10.328	6.890118639999999e-11	-2.28883e-05	-9.5368e-06	2.3842e-05	-162.552
548.0072	10.33	6.8914529e-11	4.7684e-06	3.24252e-05	3.24252e-05	80.73
551.2848	10.332	6.89278716e-11	-1.43052e-05	-2.47956e-05	2.86103e-05	-120.066
554.5479	10.334	6.894121419999999e-11	-9.5368e-06	1.90736e-06	8.58313e-06	160.344
557.8432	10.336	6.89545568e-11	-1.71663e-05	-3.81473e-06	1.62126e-05	-173.16
561.1372	10.338	6.896789939999999e-11	9.5368e-06	-8.58313e-06	1.33515e-05	-39.474
564.4325	10.34	6.8981242e-11	-9.5368e-06	-9.5368e-06	1.14442e-05	-132.708
567.711	10.342	6.89945846e-11	-4.7684e-06	-4.7684e-06	4.7684e-06	-113.202
571.0046	10.344	6.90079272e-11	1.90736e-06	8.58313e-06	8.58313e-06	85.602
574.3005	10.346	6.90212698e-11	9.5368e-06	3.81473e-06	1.04905e-05	22.38
577.5946	10.348	6.90346124e-11	2.86103e-05	1.23978e-05	3.05178e-05	24.342
580.8898	10.35	6.9047955e-11	-1.52589e-05	-2.00273e-05	2.28883e-05	-132.612
584.1832	10.352	6.90612976e-11	3.14715e-05	4.7684e-06	3.14715e-05	8.472
587.4631	10.354	6.90746402e-11	3.43325e-05	-5.72208e-06	3.33788e-05	-6.84
590.7417	10.356	6.908798279999999e-11	-6.67575e-06	-4.7684e-06	6.67575e-06	-142.122
594.0203	10.358	6.91013254e-11	-9.5368e-06	2.86104e-06	8.58313e-06	162.9
597.2992	10.36	6.911466799999999e-11	1.14442e-05	8.58313e-06	1.52589e-05	38.292
600.5777	10.362	6.912801059999999e-11	1.90736e-06	5.72208e-06	5.72208e-06	75.966
603.8565	10.364	6.91413532e-11	-1.23978e-05	-7.62945e-06	1.33515e-05	-147.726
607.1511	10.366	6.915469579999999e-11	1.90736e-06	-3.81473e-06	2.86104e-06	-75.966
610.4448	10.368	6.91680384e-11	-1.43052e-05	-5.72208e-06	1.23978e-05	-161.568
613.7233	10.37	6.918138099999999e-11	-1.33515e-05	1.23978e-05	1.71663e-05	126.87
617.0032	10.372	6.91947236e-11	-9.5368e-06	-5.72208e-06	1.04905e-05	-149.034
620.281	10.374	6.92080662e-11	-1.43052e-05	1.43052e-05	2.00273e-05	135.0
623.5434	10.376	6.92214088e-11	2.47956e-05	-9.53682e-07	2.47956e-05	-1.506
626.8214	10.378	6.92347514e-11	1.90736e-06	-6.67575e-06	5.72208e-06	-71.568
630.1019	10.38	6.9248094e-11	-1.33515e-05	-2.6703e-05	2.86103e-05	-117.15
633.3804	10.382	6.92614366e-11	-8.58313e-06	-2.86104e-06	9.5368e-06	-164.052
636.6593	10.384	6.92747792e-11	6.67575e-06	-1.71663e-05	1.90736e-05	-56.31
639.9374	10.386	6.92881218e-11	2.47956e-05	-6.67575e-06	2.3842e-05	-14.826
643.2486	10.388	6.93014644e-11	-1.14442e-05	-1.90736e-06	9.5368e-06	-165.066
646.5585	10.39	6.9314807e-11	-9.53682e-07	1.62126e-05	1.52589e-05	98.13
649.8531	10.392	6.932814959999999e-11	2.86104e-06	3.81473e-06	5.72208e-06	73.302
653.1317	10.394	6.934149219999999e-11	-4.7684e-06	-1.14442e-05	1.14442e-05	-110.226
656.427	10.396	6.93548348e-11	1.04905e-05	1.04905e-05	1.52589e-05	49.896
659.7216	10.398	6.936817739999999e-11	-7.62945e-06	7.62945e-06	9.5368e-06	111.036
663.0003	10.4	6.938152e-11	-2.0981e-05	9.5368e-06	2.19346e-05	153.438
666.2782	10.402	6.939486259999999e-11	4.7684e-06	1.90736e-06	5.72208e-06	15.252
669.5577	10.404	6.94082052e-11	-9.53682e-07	-1.33515e-05	1.14442e-05	-90.0
672.8524	10.406	6.94215478e-11	2.00273e-05	1.71663e-05	2.86103e-05	40.314
676.1311	10.408	6.943489039999999e-11	-5.72208e-06	-3.81473e-06	7.62945e-06	-151.392
679.6817	10.41	6.9448233e-11	5.72208e-06	-9.5368e-06	1.04905e-05	-71.568
682.9762	10.412	6.94615756e-11	-3.81473e-06	1.23978e-05	1.23978e-05	98.532
686.2709	10.414	6.94749182e-11	2.86104e-06	-2.76567e-05	2.57493e-05	-82.878
689.5486	10.416	6.94882608e-11	0.0	1.04905e-05	1.04905e-05	93.366
692.843	10.418	6.95016034e-11	-6.67575e-06	1.52589e-05	1.62126e-05	105.642
696.139	10.42	6.9514946e-11	2.86104e-06	2.19346e-05	2.19346e-05	82.878
699.4327	10.422	6.95282886e-11	5.72208e-06	4.7684e-06	8.58313e-06	31.608
702.7123	10.424	6.95416312e-11	6.67575e-06	-2.0981e-05	2.19346e-05	-68.196
705.99	10.426	6.95549738e-11	3.81473e-06	3.81473e-06	5.72208e-06	45.0
709.2847	10.428	6.95683164e-11	4.10082e-05	6.67575e-06	4.10082e-05	12.03
712.5805	10.43	6.958165899999999e-11	2.47956e-05	-6.67575e-06	2.57493e-05	-15.75
715.8746	10.432	6.95950016e-11	1.33515e-05	-1.43052e-05	1.90736e-05	-43.728
719.1521	10.434	6.960834419999999e-11	-5.72208e-06	3.05178e-05	3.05178e-05	102.264
722.4309	10.436	6.962168679999999e-11	8.58313e-06	1.23978e-05	1.52589e-05	54.162
725.7113	10.438	6.96350294e-11	-2.86104e-06	-3.81473e-06	3.81473e-06	-123.69
729.0055	10.44	6.964837199999999e-11	1.90736e-06	4.7684e-06	4.7684e-06	81.87
732.2996	10.442	6.96617146e-11	6.67575e-06	1.14442e-05	1.23978e-05	68.748
735.5792	10.444	6.96750572e-11	-1.33515e-05	8.58313e-06	1.43052e-05	136.974
738.8579	10.446	6.96883998e-11	2.19346e-05	2.86103e-05	3.62399e-05	53.13
742.1354	10.448	6.97017424e-11	-2.6703e-05	-2.86104e-06	2.86103e-05	-172.236
745.414	10.45	6.971508499999999e-11	6.67575e-06	-6.67575e-06	8.58313e-06	-39.288
748.7099	10.452	6.97284276e-11	8.58313e-06	1.33515e-05	1.62126e-05	54.462
752.0032	10.454	6.97417702e-11	-7.62945e-06	5.72208e-06	9.5368e-06	135.0
755.2674	10.456	6.97551128e-11	1.90736e-06	3.81473e-06	4.7684e-06	56.31
758.5461	10.458	6.97684554e-11	2.86104e-06	5.72208e-06	5.72208e-06	56.31
761.8242	10.46	6.978179800000001e-11	1.14442e-05	1.33515e-05	1.71663e-05	46.548
765.1179	10.462	6.97951406e-11	8.58313e-06	5.72208e-06	9.5368e-06	45.0
768.413	10.464	6.980848319999999e-11	-2.00273e-05	-9.53682e-07	1.90736e-05	180.0
771.7086	10.466	6.982182579999999e-11	2.00273e-05	8.58313e-06	2.0981e-05	24.906
774.9873	10.468	6.983516839999999e-11	-6.67575e-06	-3.81473e-06	6.67575e-06	-150.948
778.2811	10.47	6.9848511e-11	1.23978e-05	-1.43052e-05	1.81199e-05	-46.47
781.5756	10.472	6.986185359999999e-11	3.81473e-06	-2.86104e-06	4.7684e-06	-23.202
784.8543	10.474	6.98751962e-11	-1.71663e-05	-1.52589e-05	2.19346e-05	-136.218
788.1499	10.476	6.98885388e-11	5.72208e-06	1.90736e-06	6.67575e-06	5.196
791.4277	10.478	6.990188139999999e-11	5.72208e-06	-1.23978e-05	1.33515e-05	-59.934
794.7072	10.48	6.9915224e-11	-4.7684e-06	1.43052e-05	1.62126e-05	118.608
797.9689	10.482	6.992856659999999e-11	8.58313e-06	3.81473e-06	7.62945e-06	33.69
801.248	10.484	6.99419092e-11	3.33788e-05	9.53682e-07	3.33788e-05	1.146
804.542	10.486	6.99552518e-11	-4.7684e-06	-1.90736e-05	1.90736e-05	-104.532
807.8046	10.488	6.99685944e-11	-1.14442e-05	1.71663e-05	2.00273e-05	120.648
811.0829	10.49	6.9981937e-11	-3.14715e-05	2.19346e-05	3.81472e-05	145.494
814.3631	10.492	6.99952796e-11	7.62945e-06	-4.10082e-05	4.10082e-05	-77.97
817.6411	10.494	7.00086222e-11	-7.62945e-06	-2.86104e-06	5.72208e-06	-144.462
820.9355	10.496	7.00219648e-11	1.04905e-05	-1.33515e-05	1.62126e-05	-46.638
824.2146	10.498	7.00353074e-11	4.7684e-06	5.72208e-06	6.67575e-06	52.122
827.525	10.5	7.004865e-11	5.72208e-06	-4.7684e-06	5.72208e-06	-8.13
830.8034	10.502	7.00619926e-11	3.81473e-06	0.0	3.81473e-06	30.966
834.0832	10.504	7.007533519999999e-11	3.81473e-06	5.72208e-06	8.58313e-06	53.13
837.362	10.506	7.008867779999999e-11	-9.5368e-06	-2.86104e-06	7.62945e-06	-164.748
840.6406	10.508	7.010202039999999e-11	3.81473e-06	1.71663e-05	1.71663e-05	79.116
843.9187	10.51	7.011536299999999e-11	1.62126e-05	2.86104e-06	1.52589e-05	10.782
847.198	10.512	7.01287056e-11	-1.14442e-05	1.71663e-05	2.0981e-05	122.196
850.4766	10.514	7.014204819999999e-11	-1.33515e-05	-1.14442e-05	1.71663e-05	-146.31
853.7546	10.516	7.01553908e-11	-2.3842e-05	5.72208e-06	2.3842e-05	165.174
857.0501	10.518	7.01687334e-11	2.86103e-05	-7.62945e-06	2.76567e-05	-15.75
860.3289	10.52	7.018207599999999e-11	1.33515e-05	0.0	1.43052e-05	2.49
863.6074	10.522	7.01954186e-11	-1.52589e-05	-2.86104e-06	1.23978e-05	-173.658
866.9021	10.524	7.020876119999999e-11	1.23978e-05	-2.47956e-05	2.76567e-05	-62.82
870.1961	10.526	7.02221038e-11	2.86104e-06	-8.58313e-06	8.58313e-06	-72.9
873.4589	10.528	7.02354464e-11	-8.58313e-06	1.71663e-05	1.90736e-05	113.964
876.7369	10.53	7.0248789e-11	1.62126e-05	-1.62126e-05	2.19346e-05	-40.032
880.0326	10.532	7.02621316e-11	6.67575e-06	-1.33515e-05	1.52589e-05	-53.616
883.3095	10.534	7.027547420000001e-11	-6.67575e-06	-3.81473e-06	7.62945e-06	-151.392
886.6052	10.536	7.02888168e-11	-2.3842e-05	-7.62945e-06	2.3842e-05	-167.472
889.8997	10.538	7.030215939999999e-11	1.14442e-05	-1.62126e-05	1.90736e-05	-53.532
893.1945	10.54	7.031550199999998e-11	3.81473e-06	-1.90736e-06	3.81473e-06	15.948
896.49	10.542	7.032884459999999e-11	1.71663e-05	-9.5368e-06	1.90736e-05	-26.562
899.7679	10.544	7.03421872e-11	-4.7684e-06	-5.72208e-06	5.72208e-06	-135.0
903.0472	10.546	7.035552979999999e-11	5.72208e-06	9.53682e-07	6.67575e-06	5.196
906.3251	10.548	7.03688724e-11	3.81473e-06	-2.86104e-06	3.81473e-06	-8.13
909.6031	10.55	7.0382215e-11	3.81473e-06	-2.0981e-05	2.0981e-05	-69.864
912.8993	10.552	7.039555759999999e-11	1.52589e-05	0.0	1.33515e-05	-2.724
916.1934	10.554	7.04089002e-11	6.67575e-06	-1.14442e-05	1.33515e-05	-52.596
919.4565	10.556	7.042224279999999e-11	-1.33515e-05	9.53682e-07	1.33515e-05	177.276
922.7346	10.558	7.04355854e-11	2.86104e-06	1.90736e-05	1.90736e-05	82.404
926.0299	10.56	7.0448928e-11	-5.72208e-06	2.86104e-06	5.72208e-06	159.444
929.3084	10.562	7.04622706e-11	0.0	0.0	9.53682e-07	-18.432
932.6031	10.564	7.04756132e-11	-9.53682e-07	5.72208e-06	5.72208e-06	95.196
935.8818	10.566	7.04889558e-11	1.33515e-05	3.81473e-06	1.43052e-05	8.13
939.1604	10.568	7.05022984e-11	-3.81472e-05	9.53682e-07	3.52862e-05	176.634
942.4379	10.57	7.0515641e-11	-3.81473e-06	7.62945e-06	9.5368e-06	120.966
945.7322	10.572	7.05289836e-11	1.04905e-05	3.81473e-06	1.33515e-05	18.432
949.2834	10.574	7.05423262e-11	3.81473e-06	2.28883e-05	2.3842e-05	82.302
952.5615	10.576	7.05556688e-11	-1.62126e-05	-2.0981e-05	2.47956e-05	-128.418
955.8415	10.578	7.056901139999999e-11	-1.14442e-05	-8.58313e-06	1.33515e-05	-144.78
959.4079	10.58	7.058235399999999e-11	1.90736e-05	-1.90736e-06	2.00273e-05	-5.358
962.7178	10.582	7.05956966e-11	1.23978e-05	2.86104e-06	1.23978e-05	8.97
966.0129	10.584	7.060903919999999e-11	3.81473e-06	-2.86104e-06	5.72208e-06	-18.432
969.2919	10.586	7.06223818e-11	6.67575e-06	4.7684e-06	7.62945e-06	34.992
972.5695	10.588	7.063572439999999e-11	1.23978e-05	1.23978e-05	1.71663e-05	46.47
975.8494	10.59	7.0649067e-11	-2.0981e-05	0.0	1.90736e-05	177.954
979.1272	10.592	7.06624096e-11	2.57493e-05	1.90736e-06	2.57493e-05	4.398
982.4067	10.594	7.067575219999999e-11	1.23978e-05	6.67575e-06	1.52589e-05	25.464
985.6845	10.596	7.06890948e-11	5.72208e-06	-2.86104e-06	4.7684e-06	-29.748
988.9634	10.598	7.07024374e-11	-3.81473e-06	-1.23978e-05	1.14442e-05	-107.352
992.2426	10.6	7.071578e-11	-2.86104e-06	9.5368e-06	9.5368e-06	105.948
995.5201	10.602	7.07291226e-11	4.7684e-06	-6.67575e-06	5.72208e-06	-45.0
998.8161	10.604	7.07424652e-11	1.23978e-05	-2.86104e-06	8.58313e-06	-12.996
1002.0946	10.606	7.07558078e-11	2.3842e-05	-6.67575e-06	2.57493e-05	-13.326
1005.3884	10.608	7.07691504e-11	-8.58313e-06	-1.62126e-05	1.62126e-05	-112.62
1008.6682	10.61	7.0782493e-11	8.58313e-06	-1.62126e-05	1.71663e-05	-59.418
1011.9628	10.612	7.079583559999999e-11	1.33515e-05	-2.0981e-05	2.3842e-05	-54.09
1015.2575	10.614	7.08091782e-11	1.90736e-06	-2.00273e-05	1.90736e-05	-90.0
1018.5522	10.616	7.082252079999999e-11	-3.81473e-06	-2.76567e-05	2.6703e-05	-97.308
1021.8133	10.618	7.08358634e-11	3.62399e-05	-1.33515e-05	3.91009e-05	-19.656
1025.0921	10.62	7.084920599999999e-11	9.53682e-07	-1.23978e-05	1.14442e-05	-74.478
1028.3723	10.622	7.086254859999999e-11	-1.33515e-05	2.3842e-05	2.76567e-05	114.102
1031.667	10.624	7.08758912e-11	0.0	4.7684e-06	4.7684e-06	97.122
1034.9446	10.626	7.088923379999999e-11	-1.33515e-05	-8.58313e-06	1.23978e-05	-145.494
1038.2234	10.628	7.09025764e-11	4.7684e-06	-3.81473e-06	5.72208e-06	-21.804
1041.5031	10.63	7.0915919e-11	-9.53682e-07	-2.00273e-05	1.90736e-05	-88.026
1044.7817	10.632	7.09292616e-11	-2.86104e-06	-6.67575e-06	5.72208e-06	-95.712
1048.06	10.634	7.09426042e-11	-3.81473e-06	1.04905e-05	1.14442e-05	122.004
1051.3388	10.636	7.095594679999999e-11	1.23978e-05	-9.53682e-07	1.04905e-05	0.0
1054.6333	10.638	7.09692894e-11	-1.62126e-05	-2.86104e-06	1.62126e-05	-175.428
1057.9121	10.64	7.0982632e-11	-2.86104e-06	-2.47956e-05	2.3842e-05	-91.548
1061.1908	10.642	7.09959746e-11	-6.67575e-06	-2.9564e-05	2.86103e-05	-103.092
1064.4682	10.644	7.10093172e-11	-1.14442e-05	5.72208e-06	1.23978e-05	156.036
1067.7634	10.646	7.102265980000001e-11	-9.5368e-06	-5.72208e-06	9.5368e-06	-148.392
1071.0411	10.648	7.10360024e-11	-8.58313e-06	-8.58313e-06	1.04905e-05	-140.196
1074.3208	10.65	7.104934499999999e-11	-1.62126e-05	-2.86104e-06	1.43052e-05	-171.87
1077.6004	10.652	7.106268759999999e-11	0.0	-3.81473e-06	2.86104e-06	-111.804
1080.8944	10.654	7.107603019999999e-11	1.04905e-05	6.67575e-06	1.52589e-05	26.562
1084.1889	10.656	7.10893728e-11	1.43052e-05	1.23978e-05	1.90736e-05	34.212
1087.4834	10.658	7.110271539999999e-11	-6.67575e-06	5.72208e-06	9.5368e-06	137.49
1090.7782	10.66	7.1116058e-11	1.23978e-05	0.0	1.04905e-05	3.816
1094.0734	10.662	7.11294006e-11	2.86104e-06	5.72208e-06	6.67575e-06	65.556
1097.3524	10.664	7.114274319999999e-11	1.62126e-05	6.67575e-06	1.81199e-05	18.432
1100.6464	10.666	7.11560858e-11	2.86104e-06	0.0	3.81473e-06	0.0
1103.9417	10.668	7.116942839999999e-11	1.43052e-05	-1.90736e-06	1.52589e-05	-2.292
1107.2205	10.67	7.1182771e-11	1.52589e-05	5.72208e-06	1.71663e-05	22.62
1110.4992	10.672	7.11961136e-11	-2.57493e-05	-9.53682e-07	2.57493e-05	178.53
1113.7773	10.674	7.12094562e-11	3.81473e-06	8.58313e-06	1.04905e-05	64.98
1117.0715	10.676	7.12227988e-11	6.67575e-06	0.0	6.67575e-06	10.308
1120.3507	10.678	7.12361414e-11	0.0	-1.04905e-05	9.5368e-06	-97.596
1123.629	10.68	7.1249484e-11	-2.0981e-05	3.81473e-06	2.0981e-05	165.966
1126.9233	10.682	7.12628266e-11	2.57493e-05	-1.62126e-05	3.05178e-05	-29.292
1130.2186	10.684	7.12761692e-11	3.81473e-06	-2.47956e-05	2.47956e-05	-79.284
1133.4969	10.686	7.128951179999999e-11	-6.67575e-06	-4.7684e-06	8.58313e-06	-143.13
1136.7924	10.688	7.13028544e-11	1.04905e-05	5.72208e-06	1.04905e-05	36.87
1140.0703	10.69	7.131619699999999e-11	-1.62126e-05	4.7684e-06	1.71663e-05	160.2
1143.3498	10.692	7.132953959999999e-11	-4.7684e-06	-1.33515e-05	1.33515e-05	-106.698
1146.6284	10.694	7.13428822e-11	0.0	-9.53682e-07	0.0	-135.0
1149.922	10.696	7.135622479999999e-11	-1.14442e-05	-1.43052e-05	1.81199e-05	-130.812
1153.2168	10.698	7.13695674e-11	-1.52589e-05	-3.05178e-05	3.05178e-05	-114.342
1156.4954	10.7	7.138290999999999e-11	-4.7684e-06	-2.86104e-06	3.81473e-06	-135.0
1159.7744	10.702	7.13962526e-11	2.86104e-06	1.90736e-06	3.81473e-06	23.202
1163.0533	10.704	7.14095952e-11	-2.86104e-06	-6.67575e-06	5.72208e-06	-104.034
1166.3325	10.706	7.14229378e-11	-7.62945e-06	-1.23978e-05	1.43052e-05	-118.812
1169.6112	10.708	7.14362804e-11	1.90736e-06	-1.81199e-05	1.71663e-05	-83.658
1172.8898	10.71	7.1449623e-11	-3.71935e-05	-3.81472e-05	5.14986e-05	-131.82
1176.168	10.712	7.14629656e-11	1.14442e-05	-2.00273e-05	2.19346e-05	-59.622
1179.4473	10.714	7.14763082e-11	3.81473e-06	2.86104e-06	4.7684e-06	54.462
1182.7249	10.716	7.14896508e-11	-2.47956e-05	-4.7684e-06	2.3842e-05	-171.87
1186.0035	10.718	7.15029934e-11	-1.62126e-05	-9.53682e-07	1.43052e-05	-177.276
1189.2827	10.72	7.151633600000001e-11	-9.53682e-07	3.81473e-06	2.86104e-06	68.196
1192.562	10.722	7.15296786e-11	-3.81472e-05	-6.67575e-06	3.81472e-05	-169.08
1195.8556	10.724	7.154302119999999e-11	2.86104e-06	-8.58313e-06	8.58313e-06	-59.742
1199.134	10.726	7.15563638e-11	-1.04905e-05	-4.7684e-06	8.58313e-06	-158.964
1202.4125	10.728	7.156970639999999e-11	-3.14715e-05	-9.5368e-06	3.24252e-05	-160.824
1205.7085	10.73	7.1583049e-11	-3.14715e-05	-6.67575e-06	3.14715e-05	-170.34
1208.9864	10.732	7.159639159999999e-11	1.04905e-05	-9.53682e-07	1.04905e-05	-3.576
1212.281	10.734	7.16097342e-11	-1.33515e-05	1.04905e-05	1.71663e-05	141.342
1215.5589	10.736	7.16230768e-11	2.00273e-05	1.81199e-05	2.76567e-05	45.0
1218.8389	10.738	7.163641939999999e-11	1.23978e-05	-6.67575e-06	1.33515e-05	-21.804
1222.1176	10.74	7.1649762e-11	-1.81199e-05	1.23978e-05	2.19346e-05	139.968
1225.4123	10.742	7.16631046e-11	-7.62945e-06	6.67575e-06	1.04905e-05	139.764
1228.6901	10.744	7.16764472e-11	-2.57493e-05	-4.7684e-06	2.47956e-05	-167.796
1231.9846	10.746	7.16897898e-11	-7.62945e-06	2.57493e-05	2.57493e-05	103.668
1235.28	10.748	7.17031324e-11	8.58313e-06	1.71663e-05	1.90736e-05	65.856
1238.558	10.75	7.1716475e-11	1.90736e-06	-2.86104e-06	1.90736e-06	-108.432
1241.8366	10.752	7.17298176e-11	-3.81473e-06	-9.5368e-06	1.04905e-05	-111.804
1245.1149	10.754	7.17431602e-11	-1.71663e-05	8.58313e-06	1.71663e-05	146.886
1248.3781	10.756	7.17565028e-11	-3.81473e-06	-1.81199e-05	1.81199e-05	-104.532
1251.6416	10.758	7.17698454e-11	-8.58313e-06	-3.81473e-06	9.5368e-06	-161.568
1254.9192	10.76	7.178318799999999e-11	6.67575e-06	-3.81473e-06	7.62945e-06	-24.444
1258.1818	10.762	7.17965306e-11	-2.00273e-05	1.33515e-05	2.19346e-05	142.122
1261.4606	10.764	7.180987319999999e-11	1.71663e-05	-4.7684e-06	1.90736e-05	-17.82
1264.7401	10.766	7.182321579999999e-11	-2.3842e-05	-1.71663e-05	2.76567e-05	-143.976
1268.0344	10.768	7.18365584e-11	1.62126e-05	-9.53682e-07	1.52589e-05	-7.434
1271.3293	10.77	7.184990099999999e-11	-2.00273e-05	-4.7684e-06	2.00273e-05	-164.58
1274.6226	10.772	7.18632436e-11	-7.62945e-06	-9.53682e-07	8.58313e-06	-171.252
1277.9185	10.774	7.187658619999999e-11	6.67575e-06	-1.90736e-06	5.72208e-06	-6.342
1281.2131	10.776	7.18899288e-11	1.90736e-06	1.90736e-06	3.81473e-06	45.0
1284.4918	10.778	7.19032714e-11	-1.04905e-05	2.00273e-05	2.28883e-05	112.992
1287.7704	10.78	7.191661399999999e-11	-4.29156e-05	1.62126e-05	4.48229e-05	159.942
1291.0491	10.782	7.19299566e-11	6.67575e-06	3.81473e-06	9.5368e-06	26.562
1294.3433	10.784	7.19432992e-11	4.7684e-06	-6.67575e-06	8.58313e-06	-50.712
1297.6383	10.786	7.19566418e-11	-6.67575e-06	3.81473e-06	5.72208e-06	150.948
1300.9161	10.788	7.19699844e-11	1.52589e-05	-3.43325e-05	3.62399e-05	-65.82
1304.1946	10.79	7.1983327e-11	5.72208e-06	-3.81473e-06	5.72208e-06	-29.052
1307.4901	10.792	7.19966696e-11	1.33515e-05	4.7684e-06	1.43052e-05	18.432
1310.7682	10.794	7.20100122e-11	-2.3842e-05	-8.58313e-06	2.47956e-05	-158.748
1314.0633	10.796	7.20233548e-11	-5.72208e-06	9.5368e-06	1.04905e-05	116.562
1317.342	10.798	7.203669739999999e-11	-2.3842e-05	-1.23978e-05	2.6703e-05	-157.164
1320.6366	10.8	7.205004e-11	-5.72208e-06	-6.67575e-06	5.72208e-06	-113.964
1323.9146	10.802	7.206338259999999e-11	-2.0981e-05	2.86104e-06	2.00273e-05	166.428
1327.2091	10.804	7.20767252e-11	-1.62126e-05	-6.67575e-06	1.62126e-05	-158.628
1330.4868	10.806	7.209006779999999e-11	9.53682e-07	-8.58313e-06	8.58313e-06	-94.398
1333.7672	10.808	7.210341039999999e-11	3.05178e-05	-3.05178e-05	4.19619e-05	-42.456
1337.0448	10.8105	7.212008864999999e-11	-1.90736e-06	1.52589e-05	1.52589e-05	94.764
1340.3238	10.812	7.213009559999999e-11	-3.81473e-06	1.04905e-05	1.14442e-05	109.44
1343.6031	10.814	7.21434382e-11	1.90736e-05	1.90736e-06	1.90736e-05	8.13
1346.8819	10.816	7.21567808e-11	-9.5368e-06	-9.5368e-06	1.14442e-05	-130.236
1350.1764	10.818	7.21701234e-11	5.72208e-06	-1.33515e-05	1.33515e-05	-76.608
1353.4711	10.82	7.2183466e-11	-1.14442e-05	8.58313e-06	1.23978e-05	139.086
1356.765	10.822	7.219680859999999e-11	2.28883e-05	-2.57493e-05	3.33788e-05	-50.478
1360.0603	10.824	7.22101512e-11	9.5368e-06	7.62945e-06	1.43052e-05	32.274
1363.3532	10.826	7.22234938e-11	-1.52589e-05	-3.81473e-06	1.23978e-05	-171.03
1366.6317	10.828	7.22368364e-11	0.0	-2.9564e-05	2.9564e-05	-87.456
1369.9284	10.83	7.2250179e-11	-9.5368e-06	6.67575e-06	1.04905e-05	139.764
1373.223	10.832	7.22635216e-11	-2.86104e-06	-8.58313e-06	7.62945e-06	-114.444
1376.5334	10.834	7.227686419999999e-11	-3.81473e-06	-1.04905e-05	1.04905e-05	-113.628
1379.8114	10.836	7.229020679999999e-11	1.90736e-06	-2.00273e-05	1.90736e-05	-82.146
1383.0911	10.838	7.230354939999999e-11	1.33515e-05	-9.53682e-07	1.23978e-05	0.0
1386.3695	10.84	7.231689199999999e-11	-9.5368e-06	-1.04905e-05	1.43052e-05	-131.424
1389.6483	10.842	7.23302346e-11	1.90736e-06	-2.00273e-05	1.90736e-05	-88.092
1392.9269	10.844	7.234357719999999e-11	2.86104e-06	-1.14442e-05	1.04905e-05	-90.0
1396.2046	10.846	7.23569198e-11	-1.43052e-05	-1.81199e-05	2.19346e-05	-128.658
1399.4681	10.848	7.23702624e-11	0.0	-2.6703e-05	2.57493e-05	-90.0
1403.0333	10.85	7.238360499999999e-11	-4.7684e-06	1.62126e-05	1.71663e-05	107.748
1406.3282	10.852	7.23969476e-11	4.7684e-06	7.62945e-06	9.5368e-06	66.798
1409.6234	10.854	7.241029019999999e-11	-5.72208e-06	-3.05178e-05	2.9564e-05	-96.342
1412.9025	10.856	7.24236328e-11	-2.00273e-05	-4.7684e-06	1.90736e-05	-160.344
1416.1813	10.858	7.24369754e-11	-3.05178e-05	-2.86104e-06	3.05178e-05	-176.346
1419.7318	10.86	7.2450318e-11	1.52589e-05	-1.14442e-05	1.90736e-05	-38.046
1423.0256	10.862	7.24636606e-11	-6.67575e-06	3.81473e-06	6.67575e-06	146.31
1426.3206	10.864	7.247700320000001e-11	-5.72208e-06	5.72208e-06	9.5368e-06	145.302
1429.6147	10.866	7.24903458e-11	-9.53682e-07	2.28883e-05	2.19346e-05	95.046
1432.8928	10.868	7.25036884e-11	6.67575e-06	-9.5368e-06	1.04905e-05	-52.434
1436.1733	10.87	7.2517031e-11	5.72208e-06	8.58313e-06	1.04905e-05	50.712
1439.4671	10.872	7.253037359999999e-11	2.86104e-06	1.90736e-06	1.90736e-06	75.966
1442.7618	10.874	7.25437162e-11	2.00273e-05	-6.67575e-06	2.0981e-05	-17.88
1446.0413	10.876	7.255705879999999e-11	2.3842e-05	-8.58313e-06	2.6703e-05	-18.432
1449.3181	10.878	7.25704014e-11	-6.67575e-06	1.90736e-05	2.19346e-05	109.536
1452.6138	10.88	7.2583744e-11	-6.67575e-06	1.52589e-05	1.62126e-05	110.556
1455.9094	10.882	7.259708659999999e-11	-1.62126e-05	8.58313e-06	1.81199e-05	152.526
1459.2034	10.884	7.26104292e-11	-8.58313e-06	4.7684e-06	8.58313e-06	138.366
1462.4987	10.886	7.262377179999999e-11	-1.62126e-05	-1.43052e-05	2.00273e-05	-137.604
1465.7767	10.888	7.26371144e-11	0.0	6.67575e-06	6.67575e-06	100.308
1469.0561	10.89	7.2650457e-11	2.86104e-06	-6.67575e-06	6.67575e-06	-63.438
1472.8612	10.892	7.26637996e-11	-1.90736e-05	1.90736e-05	2.6703e-05	133.026
1476.1564	10.894	7.26771422e-11	1.71663e-05	1.90736e-06	1.71663e-05	8.43
1479.4519	10.896	7.26904848e-11	-1.33515e-05	2.86103e-05	3.05178e-05	110.412
1482.7297	10.898	7.27038274e-11	1.90736e-06	-6.67575e-06	6.67575e-06	-74.748
1486.0091	10.9	7.271717e-11	-1.33515e-05	-4.7684e-06	1.23978e-05	-150.642
1489.3031	10.902	7.27305126e-11	1.23978e-05	8.58313e-06	1.43052e-05	37.878
1492.5823	10.904	7.27438552e-11	-2.86104e-06	-9.5368e-06	8.58313e-06	-104.034
1495.8599	10.906	7.27571978e-11	-9.53682e-07	-6.67575e-06	5.72208e-06	-108.432
1499.1547	10.908	7.277054039999999e-11	-1.04905e-05	1.90736e-05	2.19346e-05	114.306
1502.4334	10.91	7.278388299999999e-11	-2.86104e-06	1.23978e-05	1.23978e-05	104.742
1505.7291	10.912	7.27972256e-11	-6.67575e-06	-2.47956e-05	2.47956e-05	-103.668
1509.0077	10.914	7.281056819999999e-11	-9.5368e-06	-9.5368e-06	1.14442e-05	-125.538
1512.3021	10.916	7.28239108e-11	3.81473e-06	-2.3842e-05	2.28883e-05	-81.87
1515.6127	10.918	7.283725339999999e-11	-9.53682e-07	9.5368e-06	9.5368e-06	94.086
1518.9234	10.92	7.2850596e-11	-1.23978e-05	1.33515e-05	1.81199e-05	128.046
1522.2021	10.922	7.28639386e-11	9.5368e-06	2.28883e-05	2.47956e-05	67.62
1525.4809	10.924	7.287728119999999e-11	9.5368e-06	8.58313e-06	1.23978e-05	51.84
1528.7746	10.926	7.28906238e-11	1.23978e-05	0.0	1.23978e-05	3.18
1532.0529	10.928	7.29039664e-11	1.71663e-05	1.90736e-06	1.71663e-05	11.31
1535.5726	10.93	7.2917309e-11	0.0	-1.43052e-05	1.33515e-05	-81.468
1538.8675	10.932	7.29306516e-11	2.3842e-05	1.90736e-06	2.28883e-05	4.902
1542.1462	10.934	7.29439942e-11	1.71663e-05	-1.81199e-05	2.3842e-05	-48.366
1545.4389	10.936	7.29573368e-11	-7.62945e-06	-1.23978e-05	1.43052e-05	-120.066
1548.7505	10.938	7.29706794e-11	-1.43052e-05	2.3842e-05	2.86103e-05	122.574
1552.0622	10.94	7.2984022e-11	-2.86104e-06	-3.81473e-06	3.81473e-06	-143.13
1555.3246	10.942	7.29973646e-11	0.0	-2.86104e-06	0.0	-26.562
1558.6033	10.944	7.30107072e-11	-1.71663e-05	1.90736e-05	2.57493e-05	131.88
1561.8823	10.946	7.302404979999999e-11	-2.86104e-06	-6.67575e-06	5.72208e-06	-106.698
1565.1609	10.948	7.30373924e-11	3.81473e-06	6.67575e-06	7.62945e-06	65.556
1568.4546	10.95	7.305073499999999e-11	-1.90736e-06	5.72208e-06	6.67575e-06	100.308
1571.7491	10.952	7.306407759999999e-11	7.62945e-06	-1.62126e-05	1.71663e-05	-64.44
1575.0446	10.954	7.30774202e-11	-2.28883e-05	-5.72208e-06	2.3842e-05	-165.966
1578.3546	10.956	7.309076279999999e-11	-9.5368e-06	-2.86104e-06	9.5368e-06	-169.38
1581.6334	10.958	7.31041054e-11	-3.81473e-06	3.81473e-06	4.7684e-06	113.202
1584.9288	10.96	7.3117448e-11	1.04905e-05	-1.04905e-05	1.33515e-05	-45.0
1588.2069	10.962	7.31307906e-11	-1.04905e-05	-8.58313e-06	1.23978e-05	-152.1
1591.5021	10.964	7.31441332e-11	9.5368e-06	-1.14442e-05	1.43052e-05	-45.0
1594.7804	10.966	7.315747579999999e-11	0.0	1.81199e-05	1.81199e-05	92.046
1598.0585	10.968	7.31708184e-11	-4.7684e-06	7.62945e-06	8.58313e-06	111.036
1601.338	10.97	7.3184161e-11	-9.53682e-07	-9.5368e-06	7.62945e-06	-100.308
1604.6148	10.972	7.31975036e-11	-6.67575e-06	-6.67575e-06	9.5368e-06	-140.712
1607.9112	10.974	7.32108462e-11	6.67575e-06	-6.67575e-06	9.5368e-06	-39.288
1611.2051	10.976	7.322418880000001e-11	-4.00546e-05	2.28883e-05	4.67303e-05	151.644
1614.4833	10.978	7.32375314e-11	6.67575e-06	1.71663e-05	1.90736e-05	70.908
1617.7794	10.98	7.325087399999999e-11	-2.3842e-05	7.62945e-06	2.3842e-05	161.568
1621.0579	10.982	7.326421659999999e-11	-2.0981e-05	-2.57493e-05	3.24252e-05	-130.854
1624.3356	10.984	7.327755919999999e-11	-2.3842e-05	-1.04905e-05	2.47956e-05	-156.798
1627.6311	10.986	7.32909018e-11	9.5368e-06	1.52589e-05	1.90736e-05	63.438
1630.9402	10.988	7.330424439999999e-11	-9.53682e-07	1.71663e-05	1.71663e-05	96.582
1634.2203	10.99	7.3317587e-11	-5.72208e-06	-1.43052e-05	1.52589e-05	-113.202
1637.4979	10.992	7.33309296e-11	-1.04905e-05	-3.81473e-06	8.58313e-06	-167.004
1640.7934	10.994	7.334427219999999e-11	-4.7684e-06	-2.86104e-06	3.81473e-06	-153.438
1644.0882	10.996	7.33576148e-11	-1.81199e-05	-1.14442e-05	2.0981e-05	-150.252
1647.3667	10.998	7.337095739999999e-11	6.67575e-06	-1.14442e-05	1.23978e-05	-62.1
1650.6447	11.0	7.33843e-11	-3.05178e-05	1.43052e-05	3.33788e-05	152.928
1653.9231	11.002	7.33976426e-11	-4.7684e-06	-2.86104e-06	4.7684e-06	-153.438
1657.2026	11.004	7.34109852e-11	-4.7684e-06	1.14442e-05	1.23978e-05	110.226
1660.4969	11.006	7.34243278e-11	-2.86104e-06	-1.14442e-05	1.04905e-05	-103.242
1663.776	11.008	7.343767039999999e-11	0.0	-1.14442e-05	1.14442e-05	-81.03
1667.3416	11.01	7.3451013e-11	-1.81199e-05	-1.14442e-05	2.0981e-05	-144.864
1670.6213	11.012	7.34643556e-11	-1.43052e-05	7.62945e-06	1.52589e-05	156.798
1673.9146	11.014	7.34776982e-11	2.86104e-06	1.23978e-05	1.23978e-05	90.0
1677.2096	11.016	7.34910408e-11	1.62126e-05	-9.5368e-06	1.81199e-05	-28.44
1680.4879	11.018	7.35043834e-11	2.86104e-06	-1.52589e-05	1.43052e-05	-67.164
1684.0233	11.02	7.351772599999999e-11	3.81473e-06	2.86104e-06	5.72208e-06	29.748
1687.3016	11.022	7.35310686e-11	-4.7684e-06	8.58313e-06	1.04905e-05	128.16
1690.5811	11.024	7.354441119999999e-11	-2.86104e-06	-5.72208e-06	5.72208e-06	-110.556
1693.8584	11.026	7.355775379999999e-11	-6.67575e-06	1.90736e-06	5.72208e-06	156.036
1697.1534	11.028	7.35710964e-11	-3.81473e-06	-5.72208e-06	4.7684e-06	-149.034
1700.4491	11.03	7.358443899999999e-11	1.52589e-05	5.72208e-06	1.71663e-05	15.642
1703.7598	11.032	7.35977816e-11	1.04905e-05	2.57493e-05	2.86103e-05	69.444
1707.0704	11.034	7.36111242e-11	-1.14442e-05	3.81473e-06	1.04905e-05	158.196
1710.3646	11.036	7.36244668e-11	-9.53682e-07	4.7684e-06	3.81473e-06	98.13
1713.6597	11.038	7.36378094e-11	-9.5368e-06	2.9564e-05	3.05178e-05	106.116
1716.9532	11.04	7.365115199999999e-11	0.0	9.5368e-06	9.5368e-06	93.816
1720.233	11.042	7.36644946e-11	2.86104e-06	-4.7684e-06	4.7684e-06	-39.804
1723.5277	11.044	7.36778372e-11	1.04905e-05	-2.86104e-06	1.23978e-05	-14.742
1726.8221	11.046	7.36911798e-11	-9.53682e-07	-9.5368e-06	8.58313e-06	-85.602
1730.116	11.048	7.37045224e-11	9.53682e-07	-1.14442e-05	1.23978e-05	-83.988
1733.3946	11.05	7.371786500000001e-11	-1.81199e-05	1.23978e-05	2.3842e-05	148.494
1736.6903	11.052	7.37312076e-11	1.90736e-06	0.0	1.90736e-06	18.432
1739.9689	11.054	7.374455019999999e-11	-2.86104e-06	-7.62945e-06	8.58313e-06	-111.036
1743.2465	11.056	7.375789279999998e-11	-3.81473e-06	-2.86104e-06	3.81473e-06	-120.966
1746.5087	11.058	7.377123539999999e-11	9.5368e-06	-9.53682e-07	9.5368e-06	-3.816
1749.7889	11.06	7.3784578e-11	1.14442e-05	1.52589e-05	1.90736e-05	49.398
1753.0834	11.062	7.379792059999999e-11	-6.67575e-06	-3.81473e-06	5.72208e-06	-150.948
1756.3623	11.064	7.38112632e-11	-1.81199e-05	-2.86104e-06	2.0981e-05	-173.088
1759.6567	11.066	7.38246058e-11	1.04905e-05	1.90736e-06	1.04905e-05	10.62
1762.9346	11.068	7.383794839999999e-11	-1.71663e-05	-1.90736e-05	2.47956e-05	-128.418
1766.2294	11.07	7.3851291e-11	1.23978e-05	-1.81199e-05	2.0981e-05	-57.804
1769.5246	11.072	7.386463359999999e-11	-2.28883e-05	1.04905e-05	2.57493e-05	159.276
1772.8028	11.074	7.38779762e-11	-3.62399e-05	-6.67575e-06	3.52862e-05	-170.364
1776.0984	11.076	7.38913188e-11	5.72208e-06	-1.33515e-05	1.52589e-05	-61.188
1779.393	11.078	7.39046614e-11	-9.5368e-06	-7.62945e-06	1.04905e-05	-132.708
1782.6875	11.08	7.3918004e-11	9.5368e-06	1.62126e-05	1.81199e-05	61.56
1785.9805	11.082	7.39313466e-11	-3.14715e-05	-3.81473e-06	2.9564e-05	-176.184
1789.2928	11.084	7.39446892e-11	1.71663e-05	-2.3842e-05	2.9564e-05	-51.144
1792.603	11.086	7.39580318e-11	-9.5368e-06	1.33515e-05	1.52589e-05	116.562
1795.8816	11.088	7.39713744e-11	-6.67575e-06	-3.05178e-05	3.05178e-05	-101.07
1799.1598	11.09	7.398471699999999e-11	-4.7684e-06	-1.14442e-05	1.14442e-05	-118.074
1802.4546	11.092	7.39980596e-11	-9.53682e-07	1.23978e-05	1.23978e-05	87.276
1806.0049	11.094	7.401140219999999e-11	4.7684e-06	1.33515e-05	1.52589e-05	66.798
1809.2834	11.096	7.402474479999999e-11	-2.9564e-05	1.90736e-06	2.86103e-05	175.914
1812.5617	11.098	7.40380874e-11	-2.76567e-05	-5.72208e-06	2.76567e-05	-167.322
1816.1131	11.1	7.405142999999999e-11	-3.71935e-05	-1.43052e-05	3.91009e-05	-158.196
1819.3925	11.102	7.40647726e-11	-2.6703e-05	8.58313e-06	2.86103e-05	161.568
1822.6713	11.104	7.407811519999999e-11	0.0	2.86104e-06	3.81473e-06	75.966
1825.966	11.106	7.40914578e-11	-2.19346e-05	-2.00273e-05	2.86103e-05	-142.35
1829.2431	11.108	7.41048004e-11	-1.14442e-05	-2.28883e-05	2.3842e-05	-115.866
1832.8113	11.11	7.411814299999999e-11	-7.62945e-06	-1.81199e-05	1.81199e-05	-106.506
1836.09	11.112	7.41314856e-11	2.86104e-06	4.7684e-06	5.72208e-06	60.948
1839.3686	11.114	7.41448282e-11	-2.3842e-05	9.5368e-06	2.47956e-05	156.798
1842.6633	11.116	7.41581708e-11	-1.62126e-05	-2.47956e-05	2.86103e-05	-117.15
1845.9251	11.118	7.41715134e-11	-8.58313e-06	-1.52589e-05	1.62126e-05	-113.502
1849.2034	11.12	7.4184856e-11	-2.86104e-06	-9.5368e-06	8.58313e-06	-112.62
1852.4829	11.122	7.41981986e-11	5.72208e-06	-2.6703e-05	2.57493e-05	-79.56
1855.7619	11.124	7.42115412e-11	-9.5368e-06	-2.86104e-06	8.58313e-06	-176.184
1859.0391	11.126	7.42248838e-11	3.81473e-06	-2.9564e-05	2.86103e-05	-83.37
1862.3193	11.128	7.423822639999999e-11	1.90736e-06	-7.62945e-06	6.67575e-06	-78.69
1865.6127	11.13	7.4251569e-11	-1.81199e-05	-7.62945e-06	1.90736e-05	-161.568
1868.8925	11.132	7.426491159999999e-11	-1.23978e-05	-2.0981e-05	2.47956e-05	-117.9
1872.1712	11.134	7.42782542e-11	0.0	-2.47956e-05	2.3842e-05	-88.362
1875.466	11.136	7.429159679999999e-11	-1.43052e-05	-1.33515e-05	1.81199e-05	-137.862
1878.7597	11.138	7.430493939999999e-11	-1.90736e-05	-1.33515e-05	2.28883e-05	-145.41
1882.0546	11.14	7.4318282e-11	5.72208e-06	-3.14715e-05	3.14715e-05	-79.38
1885.3488	11.142	7.433162459999999e-11	-2.19346e-05	-4.7684e-06	2.19346e-05	-165.966
1888.6284	11.144	7.43449672e-11	6.67575e-06	3.81473e-06	8.58313e-06	21.036
1891.9224	11.146	7.43583098e-11	-2.86104e-06	-1.23978e-05	1.23978e-05	-112.836
1895.2179	11.148	7.43716524e-11	-1.71663e-05	-2.6703e-05	2.9564e-05	-122.97
1898.5434	11.15	7.4384995e-11	-2.9564e-05	-1.14442e-05	3.05178e-05	-157.962
1901.8392	11.152	7.439833759999999e-11	2.3842e-05	-6.67575e-06	2.57493e-05	-10.176
1905.1488	11.154	7.44116802e-11	-3.71935e-05	-9.5368e-06	3.71935e-05	-167.472
1908.4286	11.156	7.44250228e-11	9.53682e-07	-3.33788e-05	3.14715e-05	-85.134
1911.7073	11.158	7.44383654e-11	-1.81199e-05	1.23978e-05	2.19346e-05	146.766
1914.9845	11.16	7.4451708e-11	-4.7684e-06	-1.62126e-05	1.52589e-05	-106.926
1918.2796	11.162	7.44650506e-11	-1.04905e-05	-1.71663e-05	1.90736e-05	-122.004
1921.5747	11.164	7.447839319999999e-11	-4.7684e-06	1.33515e-05	1.43052e-05	104.034
1924.8534	11.166	7.449173579999999e-11	-1.14442e-05	-2.86104e-06	8.58313e-06	-169.692
1928.132	11.168	7.450507839999999e-11	-7.62945e-06	7.62945e-06	1.04905e-05	122.736
1931.6821	11.17	7.451842099999999e-11	-5.72208e-06	0.0	2.86104e-06	168.69
1934.9621	11.172	7.45317636e-11	-1.33515e-05	6.67575e-06	1.43052e-05	149.934
1938.4968	11.174	7.454510619999999e-11	-2.19346e-05	-1.71663e-05	2.6703e-05	-140.904
1941.7745	11.176	7.45584488e-11	-2.3842e-05	-1.33515e-05	2.86103e-05	-148.134
1945.0702	11.178	7.45717914e-11	-1.43052e-05	2.19346e-05	2.76567e-05	123.312
1948.6367	11.18	7.458513399999999e-11	-1.04905e-05	-1.33515e-05	1.52589e-05	-128.658
1951.9315	11.182	7.45984766e-11	-1.62126e-05	-9.53682e-07	1.52589e-05	-172.566
1955.2261	11.184	7.461181919999999e-11	-2.76567e-05	-2.6703e-05	3.71935e-05	-136.434
1958.5209	11.186	7.46251618e-11	9.53682e-07	0.0	1.90736e-06	0.0
1961.8146	11.188	7.46385044e-11	-1.62126e-05	-1.90736e-06	1.52589e-05	-177.708
1965.1084	11.19	7.4651847e-11	-1.90736e-06	-1.33515e-05	1.14442e-05	-93.18
1968.3886	11.192	7.46651896e-11	0.0	-2.86104e-06	1.90736e-06	-90.0
1971.698	11.194	7.467853220000001e-11	-7.62945e-06	1.90736e-06	5.72208e-06	161.568
1974.9773	11.196	7.46918748e-11	-5.72208e-06	3.81473e-06	6.67575e-06	123.69
1978.2564	11.198	7.47052174e-11	-2.9564e-05	-1.90736e-06	2.86103e-05	-177.336
1981.5346	11.2	7.471856e-11	-1.81199e-05	5.72208e-06	1.81199e-05	159.678
1984.8134	11.202	7.473190259999999e-11	-3.24252e-05	-2.9564e-05	4.29156e-05	-139.398
1988.0915	11.204	7.47452452e-11	-1.62126e-05	-1.33515e-05	1.90736e-05	-135.0
1991.3711	11.206	7.475858779999999e-11	-1.81199e-05	0.0	1.62126e-05	175.236
1994.9217	11.208	7.47719304e-11	-1.62126e-05	-2.57493e-05	2.86103e-05	-119.58
1998.2153	11.21	7.4785273e-11	1.43052e-05	2.86104e-06	1.33515e-05	20.226
2001.511	11.212	7.479861559999999e-11	-1.14442e-05	-3.14715e-05	3.24252e-05	-110.28
2004.8046	11.214	7.48119582e-11	-1.71663e-05	-9.5368e-06	1.90736e-05	-152.592
2008.0825	11.216	7.482530079999999e-11	-1.43052e-05	-6.67575e-06	1.52589e-05	-157.752
2011.3789	11.218	7.48386434e-11	-7.62945e-06	2.3842e-05	2.47956e-05	110.376
2014.6566	11.22	7.4851986e-11	5.72208e-06	-3.05178e-05	3.05178e-05	-78.69
2017.9361	11.222	7.48653286e-11	-2.9564e-05	-2.76567e-05	3.91009e-05	-136.398
2021.2308	11.224	7.48786712e-11	-1.14442e-05	1.52589e-05	2.00273e-05	127.236
2024.508	11.226	7.48920138e-11	-1.43052e-05	-2.9564e-05	3.14715e-05	-112.89
2027.8034	11.228	7.49053564e-11	-2.6703e-05	-3.62399e-05	4.29156e-05	-125.436
2031.099	11.23	7.4918699e-11	-9.53682e-07	-2.00273e-05	2.00273e-05	-88.152
2034.3934	11.232	7.49320416e-11	-4.7684e-06	-1.33515e-05	1.23978e-05	-98.97
2037.6722	11.234	7.49453842e-11	-9.53682e-07	-1.04905e-05	1.14442e-05	-95.712
2040.9509	11.236	7.49587268e-11	-2.86104e-06	7.62945e-06	6.67575e-06	108.432
2044.2446	11.238	7.497206939999999e-11	-3.81473e-06	1.90736e-06	3.81473e-06	149.034
2047.5395	11.24	7.498541199999999e-11	-2.0981e-05	-3.43325e-05	3.91009e-05	-120.324
2050.8188	11.242	7.49987546e-11	-7.62945e-06	-1.43052e-05	1.52589e-05	-110.856
2054.0976	11.244	7.501209719999999e-11	0.0	-3.14715e-05	3.14715e-05	-85.332
2057.3912	11.246	7.50254398e-11	1.14442e-05	-2.57493e-05	2.76567e-05	-62.82
2060.6709	11.248	7.503878239999999e-11	-2.0981e-05	-2.47956e-05	3.14715e-05	-130.854
2064.2214	11.25	7.5052125e-11	-1.14442e-05	-2.76567e-05	2.86103e-05	-113.55
2067.5	11.252	7.50654676e-11	-2.0981e-05	-1.81199e-05	2.57493e-05	-140.388
2070.7788	11.254	7.507881019999999e-11	-2.86103e-05	-1.43052e-05	3.14715e-05	-154.488
2074.0567	11.256	7.50921528e-11	-2.76567e-05	-1.33515e-05	2.86103e-05	-152.82
2077.3346	11.258	7.510549539999999e-11	-9.5368e-06	-3.71935e-05	3.71935e-05	-102.528
2080.6133	11.26	7.5118838e-11	-3.71935e-05	-2.9564e-05	4.48229e-05	-139.764
2083.9094	11.262	7.51321806e-11	-1.33515e-05	-3.33788e-05	3.52862e-05	-108.102
2087.2033	11.264	7.51455232e-11	-1.43052e-05	-2.47956e-05	2.86103e-05	-118.302
2090.5134	11.266	7.51588658e-11	5.72208e-06	-6.67575e-06	9.5368e-06	-40.236
2093.7933	11.268	7.51722084e-11	-2.47956e-05	-1.43052e-05	2.86103e-05	-149.934
2097.0722	11.27	7.5185551e-11	-2.86103e-05	-2.3842e-05	3.52862e-05	-138.918
2100.3508	11.272	7.51988936e-11	-1.52589e-05	-2.86103e-05	3.05178e-05	-118.218
2103.628	11.274	7.52122362e-11	0.0	-2.6703e-05	2.57493e-05	-94.398
2106.892	11.276	7.522557879999999e-11	-2.00273e-05	-1.43052e-05	2.3842e-05	-146.31
2110.1708	11.278	7.52389214e-11	-1.62126e-05	-4.57766e-05	4.86376e-05	-108.192
2113.4646	11.28	7.525226399999999e-11	-2.28883e-05	2.86104e-06	2.00273e-05	176.31
2116.7425	11.282	7.526560659999999e-11	-2.9564e-05	-5.72208e-06	2.6703e-05	-168.408
2120.0224	11.284	7.52789492e-11	-2.76567e-05	-1.33515e-05	2.86103e-05	-152.244
2123.3163	11.286	7.529229179999999e-11	-1.33515e-05	-1.43052e-05	1.90736e-05	-135.0
2126.612	11.288	7.53056344e-11	-2.28883e-05	-7.62945e-06	2.3842e-05	-162.552
2129.9056	11.2905	7.532231265e-11	-1.52589e-05	7.62945e-06	1.52589e-05	152.244
2133.1849	11.292	7.53323196e-11	1.90736e-06	-9.53682e-07	1.90736e-06	-45.0
2136.4633	11.294	7.53456622e-11	-3.14715e-05	-1.62126e-05	3.43325e-05	-153.924
2139.742	11.296	7.535900479999999e-11	-1.81199e-05	-1.81199e-05	2.57493e-05	-135.0
2143.0372	11.298	7.53723474e-11	-7.62945e-06	-4.95913e-05	4.95913e-05	-96.936
2146.3319	11.3	7.538569e-11	-2.19346e-05	-2.00273e-05	2.86103e-05	-135.936
2149.6102	11.302	7.53990326e-11	-6.67575e-06	-3.62399e-05	3.71935e-05	-101.31
2152.9045	11.304	7.54123752e-11	-2.6703e-05	-2.3842e-05	3.43325e-05	-138.096
2156.1834	11.306	7.54257178e-11	-1.33515e-05	-1.04905e-05	1.52589e-05	-143.13
2159.4933	11.308	7.54390604e-11	-1.90736e-05	-2.3842e-05	2.86103e-05	-132.186
2162.7893	11.31	7.545240299999999e-11	7.62945e-06	-4.00546e-05	4.00546e-05	-82.53
2166.0833	11.312	7.546574559999999e-11	-3.81473e-06	-2.86104e-06	4.7684e-06	-167.472
2169.3785	11.314	7.547908819999999e-11	-1.33515e-05	-3.33788e-05	3.52862e-05	-110.43
2172.6731	11.316	7.54924308e-11	-2.6703e-05	-3.62399e-05	4.38693e-05	-127.722
2175.9507	11.318	7.550577339999999e-11	-1.52589e-05	-1.14442e-05	1.71663e-05	-138.18
2179.2305	11.32	7.5519116e-11	-3.71935e-05	-1.62126e-05	4.00546e-05	-156.318
2182.509	11.322	7.553245859999999e-11	-8.58313e-06	-1.81199e-05	1.90736e-05	-112.17
2185.787	11.324	7.554580119999999e-11	1.90736e-06	-1.71663e-05	1.62126e-05	-90.0
2189.0663	11.326	7.55591438e-11	-2.47956e-05	-6.67575e-06	2.57493e-05	-167.004
2192.3446	11.328	7.557248639999999e-11	-1.62126e-05	-2.00273e-05	2.47956e-05	-129.612
2195.6234	11.33	7.5585829e-11	-4.38693e-05	-4.48229e-05	6.10356e-05	-133.686
2198.918	11.332	7.55991716e-11	2.86104e-06	-3.24252e-05	3.05178e-05	-86.346
2202.1971	11.334	7.56125142e-11	-3.33788e-05	-2.57493e-05	4.19619e-05	-144.36
2205.4904	11.336	7.56258568e-11	-1.62126e-05	-1.90736e-05	2.3842e-05	-132.798
2208.7848	11.338	7.563919939999999e-11	-2.86104e-06	-2.0981e-05	2.00273e-05	-93.69
2212.0644	11.34	7.5652542e-11	-2.0981e-05	-1.43052e-05	2.3842e-05	-143.748
2215.3425	11.342	7.56658846e-11	-2.9564e-05	-9.5368e-06	2.86103e-05	-162.408
2218.6215	11.344	7.56792272e-11	7.62945e-06	-3.43325e-05	3.33788e-05	-80.73
2221.901	11.346	7.56925698e-11	-3.81473e-06	-9.5368e-06	8.58313e-06	-114.774
2225.1946	11.348	7.57059124e-11	-6.67575e-06	-2.47956e-05	2.3842e-05	-110.376
2228.4895	11.35	7.571925499999999e-11	-4.29156e-05	-1.90736e-06	4.19619e-05	-179.088
2231.7833	11.352	7.57325976e-11	-2.76567e-05	-1.62126e-05	3.24252e-05	-151.392
2235.0789	11.354	7.574594019999999e-11	-1.33515e-05	-3.33788e-05	3.52862e-05	-110.43
2238.3895	11.356	7.575928279999999e-11	-1.43052e-05	-2.47956e-05	2.86103e-05	-126.606
2241.6846	11.358	7.57726254e-11	-2.9564e-05	-2.9564e-05	3.91009e-05	-132.93
2244.9622	11.36	7.578596799999999e-11	-3.33788e-05	-1.23978e-05	3.52862e-05	-158.406
2248.2262	11.362	7.57993106e-11	-1.14442e-05	-1.14442e-05	1.52589e-05	-135.0
2251.5207	11.364	7.58126532e-11	-1.43052e-05	-2.3842e-05	2.76567e-05	-126.324
2255.055	11.366	7.58259958e-11	-3.33788e-05	-1.04905e-05	3.52862e-05	-163.608