Time (s) 	 Position (mm) 	 Delay (s) 	 X 	 Y 	 R 	 theta 
#Without Preamplifier,Fluence 1 filter = NE15A-B, ZnTe detector angle dependance 40deg, Chopper 230Hz, time constant=0.3s 18dB, waiting time= 2.7s, sensitivity=20mV
3.2589	11.5	7.671994999999999e-11	-1.33515e-05	-3.62399e-05	3.91009e-05	-114.846
6.5856	11.502	7.67332926e-11	-8.58313e-06	-4.00546e-05	4.10082e-05	-101.844
9.8639	11.504	7.674663519999999e-11	-2.86103e-05	-4.67303e-05	5.24523e-05	-120.72
13.143	11.506	7.67599778e-11	-4.48229e-05	-2.9564e-05	5.24523e-05	-146.916
16.421	11.508	7.677332039999999e-11	-3.81472e-05	-2.6703e-05	4.57766e-05	-146.766
19.7164	11.51	7.6786663e-11	-3.81472e-05	-3.14715e-05	5.0545e-05	-142.98
23.0097	11.512	7.68000056e-11	-4.00546e-05	-1.43052e-05	4.19619e-05	-157.164
26.2896	11.514	7.681334819999999e-11	-5.0545e-05	-3.14715e-05	5.81744e-05	-146.49
29.5683	11.516	7.68266908e-11	-1.90736e-05	-2.9564e-05	3.33788e-05	-122.736
32.847	11.518	7.68400334e-11	-5.53133e-05	-4.86376e-05	7.1526e-05	-138.414
36.1414	11.52	7.6853376e-11	-4.29156e-05	-4.67303e-05	6.19893e-05	-131.532
39.4355	11.522	7.68667186e-11	-3.62399e-05	-2.00273e-05	4.10082e-05	-152.202
42.7149	11.524	7.68800612e-11	-1.04905e-05	-4.57766e-05	4.57766e-05	-104.034
46.0091	11.526	7.68934038e-11	-3.71935e-05	-3.62399e-05	5.24523e-05	-136.02
49.2882	11.528	7.69067464e-11	-5.0545e-05	-1.90736e-05	5.3406e-05	-159.114
52.5668	11.53	7.6920089e-11	-4.00546e-05	-1.81199e-05	3.91009e-05	-156.93
55.8601	11.532	7.693343159999999e-11	-4.95913e-05	-2.28883e-05	5.3406e-05	-155.616
59.14	11.534	7.69467742e-11	-4.48229e-05	-3.52862e-05	5.53133e-05	-141.45
62.4348	11.536	7.696011679999999e-11	-4.29156e-05	-3.05178e-05	5.24523e-05	-146.31
65.7293	11.538	7.69734594e-11	-5.81744e-05	-4.7684e-06	5.6267e-05	-175.914
69.0068	11.54	7.698680199999999e-11	-4.67303e-05	-5.6267e-05	7.24797e-05	-131.286
72.3019	11.542	7.700014459999999e-11	-2.57493e-05	-1.62126e-05	2.86103e-05	-147.426
75.5802	11.544	7.70134872e-11	-3.71935e-05	-6.2943e-05	7.24797e-05	-122.394
78.876	11.546	7.702682979999999e-11	-5.43597e-05	-3.14715e-05	6.19893e-05	-147.672
82.1702	11.548	7.70401724e-11	-4.48229e-05	-3.14715e-05	5.24523e-05	-143.706
85.4492	11.55	7.7053515e-11	-4.29156e-05	-3.91009e-05	5.72207e-05	-139.188
88.7432	11.552	7.70668576e-11	-4.67303e-05	-3.91009e-05	6.19893e-05	-140.196
92.0387	11.554	7.70802002e-11	-5.6267e-05	-4.48229e-05	6.77113e-05	-141.78
95.3164	11.556	7.709354279999999e-11	-3.62399e-05	-3.05178e-05	4.57766e-05	-139.572
98.6114	11.558	7.71068854e-11	-6.67577e-05	-4.10082e-05	7.82018e-05	-149.952
101.9219	11.56	7.7120228e-11	-5.14986e-05	-5.0545e-05	7.05724e-05	-135.0
105.2159	11.562	7.71335706e-11	-5.72207e-05	-6.8665e-05	8.77385e-05	-130.74
108.5261	11.564	7.71469132e-11	-3.71935e-05	-5.14986e-05	6.19893e-05	-124.89
111.8383	11.566	7.716025580000001e-11	-6.00817e-05	-6.8665e-05	9.05995e-05	-130.788
115.1319	11.568	7.71735984e-11	-2.9564e-05	-4.48229e-05	5.24523e-05	-123.084
118.4275	11.57	7.718694099999999e-11	-4.19619e-05	-4.67303e-05	6.00817e-05	-131.424
121.7061	11.572	7.720028359999999e-11	-4.48229e-05	-3.81472e-05	5.72207e-05	-139.188
125.0002	11.574	7.721362619999999e-11	-5.81744e-05	-6.00817e-05	8.39238e-05	-133.728
128.2946	11.576	7.72269688e-11	-6.2943e-05	-4.19619e-05	7.53407e-05	-146.31
131.59	11.578	7.724031139999999e-11	-4.48229e-05	-6.38966e-05	7.72481e-05	-124.506
134.8847	11.58	7.7253654e-11	-3.91009e-05	-3.05178e-05	4.95913e-05	-144.636
138.1623	11.582	7.72669966e-11	-6.10356e-05	-4.38693e-05	7.43871e-05	-145.464
141.4407	11.584	7.728033919999999e-11	-5.81744e-05	-6.96187e-05	8.96459e-05	-129.588
144.7202	11.586	7.72936818e-11	-6.00817e-05	-6.96187e-05	9.05995e-05	-131.706
148.0154	11.588	7.730702439999999e-11	-4.10082e-05	-3.62399e-05	5.24523e-05	-138.546
151.2937	11.59	7.7320367e-11	-6.38966e-05	-6.19893e-05	8.77385e-05	-136.53
154.5886	11.592	7.73337096e-11	-6.00817e-05	-5.3406e-05	7.91554e-05	-137.724
157.8674	11.594	7.73470522e-11	-6.2943e-05	-3.71935e-05	7.24797e-05	-148.494
161.1455	11.596	7.73603948e-11	-6.48503e-05	-6.77113e-05	9.34605e-05	-133.854
164.4402	11.598	7.73737374e-11	-5.53133e-05	-6.48503e-05	8.39238e-05	-131.184
167.7182	11.6	7.738708e-11	-2.76567e-05	-5.3406e-05	5.9128e-05	-117.996
170.998	11.602	7.74004226e-11	-4.00546e-05	-4.19619e-05	5.72207e-05	-133.092
174.2914	11.604	7.74137652e-11	-5.81744e-05	-6.67577e-05	8.67848e-05	-131.268
177.5702	11.606	7.742710779999999e-11	-6.8665e-05	-6.67577e-05	9.44142e-05	-135.57
180.849	11.608	7.74404504e-11	-6.67577e-05	-6.2943e-05	9.05995e-05	-136.194
184.1447	11.61	7.745379299999999e-11	-4.67303e-05	-6.77113e-05	8.10628e-05	-125.484
187.4552	11.612	7.746713559999999e-11	-5.14986e-05	-5.14986e-05	7.1526e-05	-134.256
190.766	11.614	7.74804782e-11	-3.62399e-05	-7.62944e-05	8.20165e-05	-115.944
194.0766	11.616	7.749382079999999e-11	-6.8665e-05	-7.53407e-05	9.91826e-05	-132.018
197.3861	11.618	7.75071634e-11	-7.62944e-05	-5.9128e-05	9.44142e-05	-141.216
200.6658	11.62	7.752050599999999e-11	-6.00817e-05	-3.62399e-05	7.05724e-05	-150.324
203.9444	11.622	7.75338486e-11	-7.05724e-05	-6.67577e-05	9.63216e-05	-136.956
207.239	11.624	7.75471912e-11	-3.14715e-05	-4.19619e-05	5.0545e-05	-127.476
210.5329	11.626	7.756053379999999e-11	-6.19893e-05	-6.38966e-05	8.67848e-05	-133.752
213.8284	11.628	7.75738764e-11	-5.24523e-05	-4.29156e-05	6.5804e-05	-141.162
217.107	11.63	7.7587219e-11	-3.14715e-05	-5.9128e-05	6.67577e-05	-119.388
220.3837	11.632	7.76005616e-11	-2.76567e-05	-6.2943e-05	6.77113e-05	-116.064
223.6631	11.634	7.76139042e-11	-3.05178e-05	-5.3406e-05	6.00817e-05	-119.67
226.9428	11.636	7.76272468e-11	-4.19619e-05	-6.00817e-05	7.24797e-05	-124.566
230.2376	11.638	7.76405894e-11	-5.53133e-05	-4.86376e-05	7.24797e-05	-139.056
233.5162	11.64	7.7653932e-11	-3.52862e-05	-4.57766e-05	5.81744e-05	-127.128
236.7938	11.642	7.76672746e-11	-2.28883e-05	-5.14986e-05	5.53133e-05	-113.472
240.0734	11.644	7.768061719999999e-11	-2.6703e-05	-4.86376e-05	5.3406e-05	-117.198
243.368	11.646	7.76939598e-11	8.58313e-06	-3.33788e-05	3.24252e-05	-77.346
246.6467	11.648	7.770730239999999e-11	-4.38693e-05	-2.76567e-05	5.0545e-05	-148.392
249.9397	11.65	7.7720645e-11	-1.43052e-05	-5.3406e-05	5.53133e-05	-106.038
253.2199	11.652	7.773398759999999e-11	-2.00273e-05	-4.19619e-05	4.48229e-05	-115.428
256.4986	11.654	7.774733019999999e-11	5.72208e-06	-3.81472e-05	3.71935e-05	-82.746
259.7757	11.656	7.77606728e-11	1.52589e-05	-1.14442e-05	2.00273e-05	-38.658
263.0714	11.658	7.777401539999999e-11	2.00273e-05	-1.04905e-05	2.00273e-05	-31.608
266.3815	11.66	7.7787358e-11	4.29156e-05	-1.04905e-05	4.38693e-05	-13.602
269.6758	11.662	7.78007006e-11	1.71663e-05	8.58313e-06	1.90736e-05	21.45
272.9399	11.664	7.78140432e-11	5.72207e-05	2.28883e-05	6.19893e-05	22.956
276.2184	11.666	7.78273858e-11	4.00546e-05	2.19346e-05	4.57766e-05	30.258
279.5132	11.668	7.784072839999999e-11	5.53133e-05	4.29156e-05	6.96187e-05	38.064
283.0624	11.67	7.7854071e-11	6.8665e-05	1.04905e-05	6.96187e-05	10.452
286.3414	11.672	7.78674136e-11	0.000127793	6.38966e-05	0.000141145	26.442
289.9079	11.674	7.78807562e-11	0.00011921	0.00010109	0.000156404	40.02
293.2035	11.676	7.78940988e-11	0.000143052	7.43871e-05	0.000161172	28.14
296.4812	11.678	7.79074414e-11	0.000143052	0.000103951	0.000179292	35.634
300.0327	11.68	7.792078399999999e-11	0.000185967	0.000123979	0.000223161	34.308
303.3275	11.682	7.79341266e-11	0.000170709	0.000139237	0.0002203	39.228
306.605	11.684	7.794746919999999e-11	0.000200273	0.00018406	0.000271799	42.51
309.885	11.686	7.796081179999999e-11	0.000242234	0.000166894	0.000295641	34.548
313.1633	11.688	7.79741544e-11	0.00024605	0.000196458	0.000313761	38.526
316.4414	11.69	7.798749699999999e-11	0.000269892	0.00018406	0.000326158	34.596
319.7367	11.692	7.80008396e-11	0.000268938	0.000261309	0.00037575	43.854
323.0154	11.694	7.80141822e-11	0.000342371	0.000263216	0.000431063	37.914
326.2935	11.696	7.80275248e-11	0.000356676	0.000300409	0.000467302	39.972
329.5715	11.698	7.80408674e-11	0.00038624	0.000323297	0.000504497	39.804
332.8672	11.7	7.805420999999999e-11	0.000399591	0.000351908	0.000532154	41.496
336.1459	11.702	7.80675526e-11	0.00045109	0.000399591	0.000604633	41.478
339.4394	11.704	7.80808952e-11	0.000486376	0.000398638	0.000630382	39.342
342.7347	11.706	7.80942378e-11	0.000498775	0.00040436	0.000639919	39.21
346.0128	11.708	7.81075804e-11	0.0005312	0.000475885	0.000713352	41.862
349.2914	11.71	7.812092300000001e-11	0.000571255	0.000499729	0.000761036	41.202
352.5702	11.712	7.81342656e-11	0.00057793	0.000511173	0.00077248	41.538
355.8488	11.714	7.81476082e-11	0.000649456	0.000566486	0.000861172	41.082
359.1435	11.716	7.81609508e-11	0.000684742	0.000613216	0.000921253	41.718
362.423	11.718	7.817429339999999e-11	0.000700001	0.000617985	0.000931744	41.4
365.7157	11.72	7.8187636e-11	0.000739101	0.000684742	0.00100899	42.75
369.0114	11.722	7.820097859999999e-11	0.000756267	0.000685696	0.00102044	42.3
372.3067	11.724	7.82143212e-11	0.000806812	0.000704769	0.00107194	41.118
375.6014	11.726	7.82276638e-11	0.000814442	0.000761036	0.00111771	42.924
379.1514	11.728	7.824100639999999e-11	0.00085545	0.000775341	0.00115586	42.15
382.4301	11.73	7.8254349e-11	0.000862125	0.000844005	0.00120736	44.376
385.7095	11.732	7.826769159999999e-11	0.000939373	0.000867847	0.00127984	42.744
388.9883	11.734	7.82810342e-11	0.000940327	0.000901226	0.00130177	43.776
392.2668	11.736	7.82943768e-11	0.000938419	0.000905041	0.00130273	43.986
395.5454	11.738	7.83077194e-11	0.000986107	0.000942234	0.00136376	43.692
398.8224	11.74	7.8321062e-11	0.00098706	0.000940327	0.00136472	43.518
402.1016	11.742	7.83344046e-11	0.000996597	0.000951771	0.00137902	43.668
405.3801	11.744	7.83477472e-11	0.00101376	0.000960354	0.00139619	43.452
408.6748	11.746	7.83610898e-11	0.00101186	0.000967029	0.00139905	43.704
411.9702	11.748	7.83744324e-11	0.00104142	0.000933651	0.00139809	41.868
415.2642	11.75	7.8387775e-11	0.00103284	0.000983246	0.0014248	43.596
418.5439	11.752	7.84011176e-11	0.00101186	0.000922207	0.00136853	42.336
421.8214	11.754	7.841446019999999e-11	0.000966076	0.000907902	0.00132657	43.206
425.1002	11.756	7.842780279999999e-11	0.00093079	0.000869755	0.00127412	43.008
428.3789	11.758	7.844114539999999e-11	0.00087643	0.000834469	0.00121022	43.614
431.6576	11.76	7.845448799999999e-11	0.000873569	0.000794414	0.0011797	42.276
434.9361	11.762	7.84678306e-11	0.000810627	0.000763897	0.0011139	43.374
438.215	11.764	7.848117319999999e-11	0.00074387	0.000720982	0.0010357	44.01
441.4937	11.766	7.84945158e-11	0.000698093	0.0006609	0.000961307	43.566
444.7732	11.768	7.85078584e-11	0.000599865	0.000553135	0.000815395	42.612
448.3222	11.77	7.852120099999999e-11	0.000505451	0.000499729	0.000709537	44.736
451.6014	11.772	7.85345436e-11	0.000432016	0.000418665	0.000601772	44.106
454.8802	11.774	7.854788619999999e-11	0.00032139	0.000328066	0.000460627	45.468
458.1592	11.776	7.85612288e-11	0.000223161	0.000243188	0.000329973	47.448
461.4384	11.778	7.85745714e-11	0.000103951	0.000107766	0.000148774	46.626
464.716	11.78	7.8587914e-11	-2.86103e-05	7.62945e-06	2.86103e-05	166.608
467.9785	11.782	7.86012566e-11	-0.00012684	-9.63216e-05	0.000158311	-142.404
471.2744	11.784	7.86145992e-11	-0.000243188	-0.000218392	0.000325205	-138.318
474.5522	11.786	7.86279418e-11	-0.00038624	-0.0003109	0.000494961	-141.402
477.8479	11.788	7.86412844e-11	-0.0005312	-0.000438692	0.000688557	-140.346
481.1266	11.7905	7.865796264999999e-11	-0.00068951	-0.000513081	0.000858311	-143.334
484.4053	11.792	7.866796959999999e-11	-0.000778202	-0.000638012	0.00100709	-140.694
487.7	11.794	7.86813122e-11	-0.000897411	-0.00071812	0.00114632	-141.276
490.9774	11.796	7.869465479999999e-11	-0.000990875	-0.000803951	0.00127316	-140.862
494.2565	11.798	7.870799739999999e-11	-0.00107957	-0.000898365	0.00140382	-140.178
497.5513	11.8	7.872134e-11	-0.00118161	-0.00097657	0.00153256	-140.418
500.8299	11.802	7.873468259999999e-11	-0.00127602	-0.00102998	0.00163842	-141.132
504.1253	11.804	7.87480252e-11	-0.00134087	-0.00107671	0.00171853	-141.216
507.4024	11.806	7.876136779999999e-11	-0.00136281	-0.00110055	0.00175	-141.09
510.6987	11.808	7.87747104e-11	-0.00141812	-0.00113869	0.00181771	-141.174
513.9768	11.81	7.8788053e-11	-0.00145341	-0.00116063	0.00185777	-141.324
517.256	11.812	7.880139559999999e-11	-0.00144482	-0.0011654	0.00185586	-141.12
520.5346	11.814	7.88147382e-11	-0.00144769	-0.00115014	0.00184823	-141.516
523.8292	11.816	7.88280808e-11	-0.0014248	-0.0011406	0.00182439	-141.348
527.1078	11.818	7.88414234e-11	-0.0013733	-0.00111867	0.00177193	-140.874
530.4014	11.82	7.8854766e-11	-0.00130177	-0.0010748	0.00168896	-140.46
533.6802	11.822	7.88681086e-11	-0.00124074	-0.00100137	0.00159169	-141.084
536.96	11.824	7.88814512e-11	-0.00116921	-0.000961307	0.00151063	-140.532
540.2386	11.826	7.889479379999999e-11	-0.00108147	-0.000892643	0.00140191	-140.478
543.5332	11.828	7.890813639999999e-11	-0.000968937	-0.000830654	0.00127507	-139.368
546.8113	11.83	7.892147899999999e-11	-0.000844005	-0.00073624	0.00111867	-138.936
550.1064	11.832	7.89348216e-11	-0.000741962	-0.000653271	0.00098706	-138.504
553.3851	11.834	7.894816419999999e-11	-0.000618938	-0.000557903	0.000831608	-137.862
556.6637	11.836	7.89615068e-11	-0.000500683	-0.000496868	0.000703815	-135.114
559.9584	11.838	7.897484939999999e-11	-0.000410082	-0.000411989	0.000579838	-134.718
563.237	11.84	7.8988192e-11	-0.000259401	-0.00032139	0.000411989	-129.036
566.5315	11.842	7.90015346e-11	-0.000181199	-0.000242234	0.000301363	-126.918
569.8264	11.844	7.901487719999999e-11	-5.81744e-05	-0.000182153	0.000189782	-107.22
573.1044	11.846	7.90282198e-11	3.33788e-05	-0.000108719	0.000112534	-70.92
576.3995	11.848	7.90415624e-11	0.000127793	-5.9128e-05	0.000139237	-24.492
579.9334	11.85	7.9054905e-11	0.000198365	-6.67575e-06	0.000198365	-1.92
583.2115	11.852	7.90682476e-11	0.000273706	2.86103e-05	0.000273706	6.156
586.4901	11.854	7.90815902e-11	0.000296595	8.48775e-05	0.000309946	15.948
589.7693	11.856	7.90949328e-11	0.000345232	0.000108719	0.000363352	17.574
593.0642	11.858	7.91082754e-11	0.000382425	0.000144006	0.000407221	21.018
596.3426	11.86	7.9121618e-11	0.000366213	0.00017357	0.000405313	25.176
599.621	11.862	7.913496059999999e-11	0.000351908	0.000161172	0.000387194	24.714
602.9002	11.864	7.91483032e-11	0.000341417	0.000164987	0.000380518	25.716
606.1936	11.866	7.916164579999999e-11	0.000320436	0.000152589	0.000354769	25.362
609.5058	11.868	7.91749884e-11	0.000300409	0.000145913	0.000334742	25.752
612.8166	11.87	7.918833099999999e-11	0.000248911	0.000156404	0.00029278	32.13
616.1108	11.872	7.920167359999999e-11	0.00023842	0.000104905	0.000259401	23.604
619.4049	11.874	7.92150162e-11	0.000186921	0.000102044	0.000213624	29.034
622.7002	11.876	7.922835879999999e-11	0.000141145	8.77385e-05	0.00016594	31.716
625.979	11.878	7.92417014e-11	7.72481e-05	8.10628e-05	0.00011158	46.926
629.2577	11.88	7.9255044e-11	5.14986e-05	6.77113e-05	8.58312e-05	52.242
632.5364	11.882	7.92683866e-11	5.72208e-06	6.96187e-05	7.05724e-05	86.22
635.8149	11.884	7.92817292e-11	-3.24252e-05	1.33515e-05	3.52862e-05	154.854
639.1094	11.886	7.929507179999999e-11	-3.62399e-05	6.67575e-06	3.71935e-05	168.888
642.4041	11.888	7.93084144e-11	-6.00817e-05	-9.53682e-07	5.81744e-05	-179.34
645.6817	11.89	7.9321757e-11	-0.000115395	-1.14442e-05	0.000114441	-175.68
648.9602	11.892	7.93350996e-11	-0.00011158	-2.47956e-05	0.000112534	-168.024
652.2239	11.894	7.93484422e-11	-0.00011158	0.0	0.000110627	-178.956
655.5014	11.896	7.936178480000001e-11	-9.34605e-05	1.23978e-05	9.05995e-05	171.93
658.7802	11.898	7.93751274e-11	-6.8665e-05	2.86103e-05	7.34334e-05	157.14
662.0596	11.9	7.938846999999999e-11	-4.86376e-05	3.24252e-05	5.6267e-05	143.13
665.3374	11.902	7.940181259999999e-11	-3.43325e-05	2.9564e-05	4.57766e-05	138.432
668.616	11.904	7.941515519999999e-11	-3.05178e-05	5.14986e-05	5.9128e-05	117.132
671.9115	11.906	7.94284978e-11	1.52589e-05	7.91554e-05	8.20165e-05	77.52
675.1902	11.908	7.944184039999999e-11	4.38693e-05	7.91554e-05	9.05995e-05	60.822
678.4849	11.91	7.9455183e-11	8.10628e-05	8.20165e-05	0.000115395	45.468
681.7947	11.912	7.94685256e-11	9.05995e-05	9.44142e-05	0.000131608	46.824
685.1061	11.914	7.948186819999999e-11	0.000103951	7.53407e-05	0.000128747	34.848
688.4002	11.916	7.94952108e-11	0.00012684	0.000105858	0.000164987	39.744
691.6794	11.918	7.950855339999999e-11	0.000122071	0.000102044	0.000160218	39.774
694.9579	11.92	7.9521896e-11	0.000141145	7.05724e-05	0.000159265	26.352
698.236	11.922	7.95352386e-11	0.000149728	7.72481e-05	0.000167848	27.378
701.5155	11.924	7.95485812e-11	0.000146867	7.1526e-05	0.000164033	26.154
704.7942	11.926	7.95619238e-11	0.000107766	6.77113e-05	0.00012684	32.004
708.0716	11.928	7.95752664e-11	8.10628e-05	5.3406e-05	9.72752e-05	33.69
711.6235	11.93	7.9588609e-11	7.91554e-05	2.6703e-05	8.48775e-05	19.14
714.9181	11.932	7.96019516e-11	6.38966e-05	9.5368e-06	6.38966e-05	9.66
718.2116	11.934	7.96152942e-11	1.62126e-05	-1.23978e-05	2.00273e-05	-34.212
721.5224	11.936	7.962863679999999e-11	8.58313e-06	-3.43325e-05	3.52862e-05	-75.468
724.818	11.938	7.96419794e-11	-4.19619e-05	-6.96187e-05	8.20165e-05	-121.122
728.0958	11.94	7.965532199999999e-11	-5.14986e-05	-4.57766e-05	6.77113e-05	-138.138
731.4067	11.942	7.966866459999999e-11	-8.20165e-05	-6.8665e-05	0.000105858	-140.562
734.7014	11.944	7.96820072e-11	-9.63216e-05	-8.96459e-05	0.000130654	-137.076
737.9963	11.946	7.969534979999999e-11	-0.000142098	-0.000132562	0.000193597	-136.944
741.2751	11.948	7.97086924e-11	-0.000157357	-0.000131608	0.000204087	-140.028
744.5537	11.95	7.972203499999999e-11	-0.000188828	-0.000113488	0.000219346	-149.304
747.8314	11.952	7.97353776e-11	-0.000180245	-0.000150681	0.000234605	-139.842
751.1266	11.954	7.97487202e-11	-0.000187875	-0.00014782	0.000237466	-141.24
754.4048	11.956	7.976206279999999e-11	-0.000195504	-0.00012684	0.00023079	-146.538
757.6995	11.958	7.97754054e-11	-0.000188828	-0.000113488	0.000219346	-149.184
760.9614	11.96	7.9788748e-11	-0.00016594	-0.00011158	0.000197412	-145.56
764.2576	11.962	7.98020906e-11	-0.000168801	-8.01091e-05	0.000188828	-155.058
767.5508	11.964	7.98154332e-11	-0.000130654	-7.1526e-05	0.00014782	-151.368
770.8302	11.966	7.98287758e-11	-0.000100136	-2.9564e-05	0.000102044	-163.446
774.3802	11.968	7.98421184e-11	-0.000106812	-9.5368e-06	0.000108719	-174.426
777.6602	11.97	7.9855461e-11	-7.24797e-05	-4.48229e-05	8.29701e-05	-148.092
780.9388	11.972	7.98688036e-11	-2.76567e-05	-8.58313e-06	2.6703e-05	-165.618
784.2165	11.974	7.988214619999999e-11	5.72208e-06	3.81473e-06	8.58313e-06	47.724
787.4962	11.976	7.98954888e-11	2.6703e-05	2.19346e-05	3.62399e-05	39.936
790.7902	11.978	7.990883139999999e-11	5.24523e-05	6.48503e-05	8.20165e-05	53.22
794.0848	11.98	7.9922174e-11	9.05995e-05	3.05178e-05	9.72752e-05	18.558
797.3802	11.982	7.993551659999999e-11	0.00011158	5.9128e-05	0.000125886	27.378
800.6579	11.984	7.994885919999999e-11	8.10628e-05	7.43871e-05	0.000110627	41.124
803.953	11.986	7.99622018e-11	0.000110627	6.19893e-05	0.00012684	29.784
807.2312	11.988	7.997554439999999e-11	0.000127793	0.000105858	0.00016594	40.104
810.5088	11.99	7.9988887e-11	0.000123025	6.10356e-05	0.00013733	26.688
813.7895	11.992	8.00022296e-11	0.00011158	4.38693e-05	0.00011921	20.97
817.0681	11.994	8.00155722e-11	9.53679e-05	3.52862e-05	0.00010109	20.466
820.3469	11.996	8.00289148e-11	7.1526e-05	1.52589e-05	7.24797e-05	11.514
823.6401	11.998	8.004225739999999e-11	7.72481e-05	-5.72208e-06	7.72481e-05	-3.456
826.919	12.0	8.00556e-11	7.24797e-05	-8.58313e-06	7.24797e-05	-6.342
830.23	12.002	8.00689426e-11	1.23978e-05	-3.62399e-05	3.91009e-05	-68.028
833.5402	12.004	8.00822852e-11	4.7684e-06	-3.91009e-05	3.91009e-05	-81.18
836.8514	12.006	8.00956278e-11	-3.24252e-05	-6.2943e-05	7.05724e-05	-117.288
840.1783	12.008	8.01089704e-11	-8.20165e-05	-9.34605e-05	0.000123025	-132.36
843.7445	12.01	8.012231299999999e-11	-6.67577e-05	-0.000102997	0.000123025	-124.032
847.0392	12.012	8.01356556e-11	-0.000144006	-0.000129701	0.000192643	-137.526
850.3182	12.014	8.014899819999999e-11	-0.000157357	-0.000133515	0.000205041	-139.74
853.5969	12.016	8.016234079999999e-11	-0.000164033	-0.000142098	0.000214578	-138.396
856.8747	12.018	8.01756834e-11	-0.000174523	-0.000164987	0.000239373	-136.686
860.1542	12.02	8.018902599999999e-11	-0.000226975	-0.000160218	0.000276567	-144.816
863.448	12.022	8.02023686e-11	-0.000190736	-0.00015545	0.000245096	-140.634
866.7276	12.024	8.021571119999999e-11	-0.000206948	-0.000152589	0.000254633	-143.61
870.0062	12.026	8.02290538e-11	-0.000215531	-0.000144959	0.000258448	-146.106
873.2847	12.028	8.02423964e-11	-0.00018406	-0.000158311	0.000244142	-139.62
876.5624	12.03	8.025573899999999e-11	-0.000160218	-0.000117302	0.000199319	-143.4
879.8574	12.032	8.02690816e-11	-0.000164033	-0.000125886	0.000205041	-142.122
883.1526	12.034	8.02824242e-11	-0.000148774	-0.00012684	0.000195504	-139.524
886.4473	12.036	8.02957668e-11	-0.000120163	-8.96459e-05	0.000148774	-143.538
889.7251	12.038	8.03091094e-11	-0.000113488	-6.67577e-05	0.000130654	-149.388
893.0193	12.04	8.0322452e-11	-8.48775e-05	-5.0545e-05	9.63216e-05	-148.29
896.2982	12.042	8.03357946e-11	-2.6703e-05	-1.62126e-05	3.14715e-05	-150.708
899.5778	12.044	8.03491372e-11	-6.67575e-06	3.81473e-06	5.72208e-06	153.438
902.8565	12.046	8.03624798e-11	2.28883e-05	3.52862e-05	4.29156e-05	55.08
906.1348	12.048	8.037582239999999e-11	4.48229e-05	2.00273e-05	5.0545e-05	25.89
909.4288	12.05	8.0389165e-11	7.43871e-05	6.5804e-05	9.91826e-05	40.686
912.7084	12.052	8.040250759999999e-11	8.39238e-05	7.53407e-05	0.000113488	41.91
916.003	12.054	8.04158502e-11	0.000106812	8.58312e-05	0.000136376	39.66
919.2814	12.056	8.042919279999999e-11	0.000130654	9.53679e-05	0.000163079	36.024
922.5752	12.058	8.044253539999999e-11	0.000150681	9.72752e-05	0.000181199	32.76
925.855	12.06	8.0455878e-11	0.000174523	0.000112534	0.000207902	32.826
929.1336	12.062	8.046922059999999e-11	0.000187875	0.000127793	0.000226022	34.578
932.4283	12.064	8.04825632e-11	0.000172616	0.000113488	0.000206948	34.146
935.7229	12.066	8.04959058e-11	0.000188828	0.000124932	0.000227929	33.09
939.0176	12.068	8.05092484e-11	0.000189782	0.000138284	0.000235558	35.706
942.3114	12.07	8.0522591e-11	0.00017357	0.000135423	0.0002203	37.878
945.5747	12.072	8.053593359999999e-11	0.000163079	0.000135423	0.00021267	39.3
948.8522	12.074	8.05492762e-11	0.000170709	0.000117302	0.000206948	34.764
952.1642	12.076	8.05626188e-11	0.000179292	0.000129701	0.000221253	35.976
955.4745	12.078	8.05759614e-11	0.000156404	0.00011921	0.000198365	36.984
958.7852	12.08	8.0589304e-11	0.000122071	0.000110627	0.00016594	41.766
962.0799	12.082	8.06026466e-11	0.00011921	0.000117302	0.00016594	44.676
965.3589	12.084	8.061598919999999e-11	9.05995e-05	9.05995e-05	0.000127793	45.21
968.636	12.086	8.062933179999999e-11	0.00011158	5.53133e-05	0.000124932	26.838
971.9314	12.088	8.064267439999999e-11	7.53407e-05	3.33788e-05	8.39238e-05	24.144
975.4818	12.09	8.065601699999999e-11	5.24523e-05	5.53133e-05	7.72481e-05	45.69
978.7776	12.092	8.06693596e-11	3.52862e-05	3.52862e-05	5.14986e-05	45.516
982.0557	12.094	8.068270219999999e-11	3.71935e-05	1.52589e-05	3.91009e-05	25.71
985.335	12.096	8.06960448e-11	1.23978e-05	0.0	1.23978e-05	2.862
988.6135	12.098	8.07093874e-11	-4.7684e-06	-4.95913e-05	4.86376e-05	-93.864
991.8905	12.1	8.072272999999999e-11	-4.38693e-05	-2.86103e-05	5.0545e-05	-146.106
995.2029	12.102	8.07360726e-11	-5.3406e-05	-4.48229e-05	6.77113e-05	-138.138
998.4808	12.104	8.074941519999999e-11	-5.6267e-05	-4.19619e-05	6.8665e-05	-143.13
1001.7763	12.106	8.07627578e-11	-8.01091e-05	-2.9564e-05	8.58312e-05	-160.584
1005.0701	12.108	8.07761004e-11	-8.86922e-05	-6.67577e-05	0.000110627	-142.854
1008.3321	12.11	8.0789443e-11	-9.05995e-05	-6.2943e-05	0.000110627	-145.062
1011.6278	12.112	8.08027856e-11	-0.000112534	-8.29701e-05	0.000139237	-143.892
1014.923	12.114	8.08161282e-11	-0.000142098	-8.86922e-05	0.00016594	-148.164
1018.2176	12.116	8.08294708e-11	-0.000109673	-0.000123025	0.000164033	-132.21
1021.5114	12.118	8.08428134e-11	-0.00012684	-0.000108719	0.000164987	-138.444
1024.8065	12.12	8.0856156e-11	-0.00013733	-0.000114441	0.000178338	-140.274
1028.1015	12.122	8.086949859999999e-11	-0.000135423	-0.000103951	0.000169755	-142.77
1031.3801	12.124	8.08828412e-11	-0.00015545	-0.000103951	0.000185967	-146.256
1034.674	12.126	8.089618379999999e-11	-0.000138284	-0.000108719	0.000174523	-141.99
1037.9534	12.128	8.090952639999999e-11	-0.000144959	-9.15532e-05	0.000169755	-147.24
1041.2314	12.13	8.0922869e-11	-9.53679e-05	-0.000102044	0.000139237	-132.492
1044.5098	12.132	8.093621159999999e-11	-0.00013733	-6.19893e-05	0.000149728	-155.7
1047.8045	12.134	8.09495542e-11	-9.34605e-05	-6.19893e-05	0.00011158	-146.496
1051.1001	12.136	8.096289679999999e-11	-8.67848e-05	-6.00817e-05	0.000105858	-144.63
1054.3945	12.138	8.09762394e-11	-6.67577e-05	-7.05724e-05	9.44142e-05	-132.168
1057.6891	12.14	8.0989582e-11	-5.9128e-05	-3.71935e-05	6.67577e-05	-146.784
1060.9679	12.142	8.100292459999999e-11	-2.00273e-05	-3.81472e-05	4.10082e-05	-113.202
1064.2459	12.144	8.10162672e-11	-1.33515e-05	-4.10082e-05	4.19619e-05	-107.574
1067.5237	12.146	8.10296098e-11	1.90736e-06	-2.9564e-05	2.86103e-05	-86.01
1070.8038	12.148	8.10429524e-11	4.7684e-06	-2.76567e-05	2.6703e-05	-72.9
1074.0814	12.15	8.1056295e-11	2.28883e-05	-2.0981e-05	3.05178e-05	-43.266
1077.3932	12.152	8.10696376e-11	5.43597e-05	1.52589e-05	5.9128e-05	14.646
1080.6714	12.154	8.10829802e-11	6.77113e-05	2.19346e-05	7.05724e-05	17.418
1083.9502	12.156	8.109632279999999e-11	5.24523e-05	4.00546e-05	6.67577e-05	37.776
1087.2452	12.158	8.110966539999999e-11	7.24797e-05	4.76839e-05	8.58312e-05	33.318
1090.5399	12.16	8.112300799999999e-11	7.91554e-05	4.86376e-05	9.34605e-05	31.446
1093.8344	12.162	8.11363506e-11	7.82018e-05	5.14986e-05	9.25069e-05	34.38
1097.1131	12.164	8.114969319999999e-11	8.39238e-05	4.95913e-05	9.72752e-05	30.966
1100.4078	12.166	8.11630358e-11	6.10356e-05	5.43597e-05	8.39238e-05	39.918
1103.7013	12.168	8.117637839999999e-11	8.48775e-05	5.24523e-05	9.91826e-05	32.412
1107.2528	12.17	8.1189721e-11	6.5804e-05	2.9564e-05	7.1526e-05	25.146
1110.5314	12.172	8.12030636e-11	6.5804e-05	3.62399e-05	7.62944e-05	28.572
1113.8263	12.174	8.121640619999999e-11	5.9128e-05	1.90736e-05	6.38966e-05	16.974
1117.1368	12.176	8.12297488e-11	2.3842e-05	1.90736e-06	2.28883e-05	10.308
1120.4476	12.178	8.12430914e-11	1.81199e-05	2.57493e-05	3.24252e-05	54.726
1123.998	12.18	8.1256434e-11	-8.58313e-06	-7.62945e-06	1.04905e-05	-137.724
1127.2915	12.182	8.12697766e-11	3.81472e-05	-1.33515e-05	4.19619e-05	-17.04
1130.5702	12.184	8.12831192e-11	5.72208e-06	-3.81473e-06	6.67575e-06	-26.562
1133.85	12.186	8.12964618e-11	-1.62126e-05	-2.76567e-05	3.05178e-05	-115.464
1137.1286	12.188	8.13098044e-11	-1.23978e-05	1.71663e-05	2.0981e-05	124.698
1140.4058	12.19	8.1323147e-11	-1.52589e-05	2.86104e-06	1.43052e-05	166.608
1143.6678	12.192	8.13364896e-11	-2.19346e-05	-2.0981e-05	2.86103e-05	-137.814
1146.9642	12.194	8.13498322e-11	-3.05178e-05	-1.71663e-05	3.52862e-05	-153.438
1150.2589	12.196	8.136317479999999e-11	-1.33515e-05	-1.90736e-06	1.33515e-05	-169.692
1153.5536	12.198	8.13765174e-11	-1.62126e-05	0.0	1.52589e-05	177.51
1156.8482	12.2	8.138985999999999e-11	-3.05178e-05	-4.7684e-06	2.9564e-05	-173.658
1160.1268	12.202	8.140320259999999e-11	-1.90736e-06	1.90736e-05	1.90736e-05	95.712
1163.4054	12.204	8.14165452e-11	-2.0981e-05	1.14442e-05	2.28883e-05	144.462
1166.6824	12.206	8.142988779999999e-11	-2.86104e-06	3.81473e-06	4.7684e-06	105.948
1169.962	12.208	8.14432304e-11	1.52589e-05	2.19346e-05	2.57493e-05	56.724
1173.2402	12.21	8.1456573e-11	3.81472e-05	2.76567e-05	4.76839e-05	34.794
1176.52	12.212	8.14699156e-11	3.24252e-05	5.0545e-05	5.9128e-05	59.148
1179.814	12.214	8.14832582e-11	1.43052e-05	3.24252e-05	3.52862e-05	70.2
1183.1092	12.216	8.149660079999999e-11	2.6703e-05	3.24252e-05	4.10082e-05	48.288
1186.3877	12.218	8.15099434e-11	3.05178e-05	3.14715e-05	4.38693e-05	42.564
1189.6815	12.22	8.1523286e-11	4.00546e-05	5.24523e-05	6.5804e-05	51.522
1192.9437	12.222	8.15366286e-11	7.91554e-05	4.00546e-05	9.05995e-05	26.376
1196.2396	12.224	8.15499712e-11	4.76839e-05	3.62399e-05	6.10356e-05	36.252
1199.5175	12.226	8.156331380000001e-11	9.15532e-05	4.57766e-05	0.000102997	26.898
1202.797	12.228	8.15766564e-11	5.53133e-05	4.38693e-05	7.24797e-05	36.558
1206.0752	12.23	8.158999899999999e-11	6.48503e-05	3.52862e-05	7.34334e-05	28.65
1209.3535	12.232	8.160334159999999e-11	6.96187e-05	7.24797e-05	0.00010109	46.062
1212.633	12.234	8.161668419999999e-11	8.39238e-05	6.77113e-05	0.000105858	38.886
1215.9114	12.236	8.16300268e-11	6.00817e-05	1.04905e-05	6.19893e-05	10.47
1219.2064	12.238	8.164336939999999e-11	5.0545e-05	2.3842e-05	5.53133e-05	27.792
1222.5007	12.24	8.1656712e-11	3.71935e-05	3.05178e-05	4.86376e-05	37.806
1225.7957	12.242	8.16700546e-11	3.71935e-05	1.90736e-05	4.10082e-05	28.686
1229.0902	12.244	8.168339719999999e-11	0.0	1.23978e-05	1.14442e-05	79.992
1232.369	12.246	8.16967398e-11	1.43052e-05	-4.7684e-06	1.62126e-05	-17.748
1235.6478	12.248	8.171008239999999e-11	-1.90736e-06	-1.04905e-05	9.5368e-06	-94.086
1239.1983	12.25	8.1723425e-11	-2.0981e-05	-2.9564e-05	3.52862e-05	-126.024
1242.4769	12.252	8.17367676e-11	-1.23978e-05	-2.00273e-05	2.28883e-05	-125.91
1245.7547	12.254	8.17501102e-11	-2.86103e-05	-3.62399e-05	4.48229e-05	-127.878
1249.0336	12.256	8.17634528e-11	-2.6703e-05	-4.67303e-05	5.3406e-05	-120.36
1252.312	12.258	8.177679539999999e-11	-6.8665e-05	-2.57493e-05	7.24797e-05	-158.778
1255.6063	12.26	8.1790138e-11	-6.48503e-05	-4.00546e-05	7.24797e-05	-145.434
1258.8862	12.262	8.18034806e-11	-4.67303e-05	-5.6267e-05	7.24797e-05	-130.206
1262.1639	12.264	8.18168232e-11	-8.29701e-05	-4.00546e-05	9.05995e-05	-154.572
1265.4436	12.266	8.18301658e-11	-6.2943e-05	-5.81744e-05	8.29701e-05	-136.974
1268.7382	12.268	8.18435084e-11	-8.01091e-05	-3.71935e-05	8.58312e-05	-155.442
1272.2886	12.27	8.185685099999999e-11	-9.34605e-05	-7.72481e-05	0.00011921	-140.442
1275.5658	12.272	8.187019359999999e-11	-9.72752e-05	-5.3406e-05	0.000110627	-151.146
1278.8461	12.274	8.188353619999999e-11	-8.58312e-05	-6.00817e-05	0.000104905	-146.412
1282.1237	12.276	8.189687879999999e-11	-6.10356e-05	-7.91554e-05	9.82289e-05	-126.168
1285.4033	12.278	8.19102214e-11	-9.25069e-05	-5.24523e-05	0.000106812	-150.252
1288.698	12.28	8.192356399999999e-11	-8.86922e-05	-5.81744e-05	0.000105858	-148.914
1291.9766	12.282	8.19369066e-11	-6.96187e-05	-8.86922e-05	0.000112534	-128.814
1295.2554	12.284	8.19502492e-11	-8.67848e-05	-7.91554e-05	0.000114441	-138.09
1298.5499	12.286	8.196359179999999e-11	-7.24797e-05	-6.48503e-05	9.44142e-05	-138.702
1301.8447	12.288	8.19769344e-11	-5.24523e-05	-6.48503e-05	8.20165e-05	-129.096
1305.122	12.29	8.199027699999999e-11	-8.96459e-05	-6.77113e-05	0.000110627	-142.092
1308.4002	12.292	8.20036196e-11	-5.53133e-05	-7.1526e-05	8.96459e-05	-128.058
1311.6793	12.294	8.20169622e-11	-6.2943e-05	-7.34334e-05	9.44142e-05	-130.164
1314.9421	12.296	8.20303048e-11	-8.48775e-05	-5.3406e-05	9.91826e-05	-146.946
1318.2377	12.298	8.20436474e-11	-7.1526e-05	-5.3406e-05	8.77385e-05	-142.956
1321.5314	12.3	8.205699e-11	-4.00546e-05	-5.81744e-05	6.96187e-05	-122.934
1324.81	12.302	8.20703326e-11	-5.53133e-05	-2.47956e-05	5.9128e-05	-155.136
1328.0887	12.304	8.208367519999999e-11	-3.62399e-05	-4.95913e-05	5.9128e-05	-124.938
1331.3681	12.306	8.209701779999998e-11	-4.00546e-05	-4.48229e-05	5.81744e-05	-130.812
1334.6458	12.308	8.211036039999999e-11	-4.95913e-05	-2.9564e-05	5.72207e-05	-149.268
1337.9413	12.31	8.2123703e-11	-3.71935e-05	-1.71663e-05	3.91009e-05	-153.888
1341.2187	12.312	8.213704559999999e-11	-4.57766e-05	-2.28883e-05	4.86376e-05	-153.438
1344.498	12.314	8.215038819999999e-11	5.72208e-06	-3.33788e-05	3.24252e-05	-80.538
1347.7924	12.316	8.21637308e-11	-1.33515e-05	8.58313e-06	1.52589e-05	145.62
1351.0713	12.318	8.217707339999999e-11	2.86104e-06	8.58313e-06	8.58313e-06	65.226
1354.3502	12.32	8.2190416e-11	3.14715e-05	2.9564e-05	4.29156e-05	46.248
1357.6442	12.322	8.220375859999999e-11	5.14986e-05	4.19619e-05	6.5804e-05	40.854
1360.956	12.324	8.22171012e-11	4.00546e-05	2.76567e-05	5.0545e-05	33.894
1364.2656	12.326	8.22304438e-11	4.19619e-05	5.72207e-05	7.24797e-05	53.13
1367.544	12.328	8.22437864e-11	6.96187e-05	4.10082e-05	8.01091e-05	30.39
1371.0944	12.33	8.2257129e-11	6.5804e-05	5.72207e-05	8.58312e-05	42.186
1374.3746	12.332	8.22704716e-11	9.72752e-05	5.72207e-05	0.000112534	30.498
1377.6514	12.334	8.22838142e-11	9.25069e-05	9.91826e-05	0.000136376	46.974
1380.9313	12.336	8.22971568e-11	8.96459e-05	0.000115395	0.000146867	52.56
1384.2102	12.338	8.23104994e-11	0.000123025	0.000108719	0.00016594	41.592
1387.4888	12.34	8.2323842e-11	0.000130654	7.24797e-05	0.000149728	29.868
1390.7831	12.342	8.23371846e-11	0.000127793	9.53679e-05	0.000160218	36.726
1394.0777	12.344	8.235052719999999e-11	0.000113488	7.91554e-05	0.000139237	34.146
1397.3726	12.346	8.236386979999999e-11	0.000117302	9.91826e-05	0.00015545	39.804
1400.6514	12.348	8.23772124e-11	0.000121117	0.00011921	0.000169755	44.682
1403.9137	12.35	8.239055499999999e-11	0.000144959	8.86922e-05	0.000169755	31.884
1407.1933	12.352	8.24038976e-11	9.72752e-05	7.72481e-05	0.000123979	38.226
1410.4712	12.354	8.241724019999999e-11	9.15532e-05	4.10082e-05	0.00010109	23.736
1413.7666	12.356	8.24305828e-11	8.48775e-05	9.05995e-05	0.000123979	47.166
1417.0602	12.358	8.24439254e-11	8.01091e-05	6.77113e-05	0.000105858	39.618
1420.3389	12.36	8.245726799999999e-11	6.38966e-05	6.77113e-05	9.25069e-05	47.016
1423.6187	12.362	8.24706106e-11	4.86376e-05	8.58313e-06	4.86376e-05	8.808
1426.8972	12.364	8.24839532e-11	2.6703e-05	2.57493e-05	3.91009e-05	43.638
1430.1758	12.366	8.24972958e-11	1.23978e-05	3.05178e-05	3.24252e-05	72.3
1433.4537	12.368	8.25106384e-11	-9.5368e-06	-8.58313e-06	1.14442e-05	-139.764
1436.7331	12.37	8.2523981e-11	-7.62945e-06	-3.05178e-05	2.9564e-05	-104.352
1440.0109	12.372	8.25373236e-11	-4.95913e-05	-4.67303e-05	6.48503e-05	-135.426
1443.2897	12.374	8.25506662e-11	-7.34334e-05	-4.95913e-05	8.58312e-05	-145.08
1446.5851	12.376	8.25640088e-11	-7.1526e-05	-5.14986e-05	8.77385e-05	-144.864
1449.8628	12.378	8.257735139999999e-11	-6.5804e-05	-7.1526e-05	9.53679e-05	-133.044
1453.1585	12.38	8.2590694e-11	-0.000104905	-6.19893e-05	0.000121117	-150.642
1456.4362	12.382	8.260403659999999e-11	-0.000124932	-7.24797e-05	0.000143052	-149.994
1459.7314	12.384	8.26173792e-11	-0.000118256	-0.000103951	0.000156404	-138.63
1463.0419	12.386	8.263072179999999e-11	-0.000131608	-8.58312e-05	0.000154496	-146.718
1466.3371	12.388	8.264406439999999e-11	-0.000128747	-9.15532e-05	0.00015545	-144.408
1469.615	12.39	8.2657407e-11	-0.000142098	-8.67848e-05	0.000164987	-148.362
1472.8945	12.392	8.267074959999999e-11	-0.000130654	-0.000104905	0.00016594	-141.306
1476.1717	12.394	8.26840922e-11	-0.000118256	-0.000124932	0.000171662	-133.434
1479.4671	12.396	8.26974348e-11	-0.00011158	-7.05724e-05	0.000130654	-147.594
1482.7458	12.398	8.27107774e-11	-0.000107766	-8.48775e-05	0.000135423	-142.002
1486.0252	12.4	8.272412e-11	-9.72752e-05	-6.10356e-05	0.000112534	-147.348
1489.3038	12.402	8.273746259999999e-11	-9.25069e-05	-5.6267e-05	0.000105858	-148.722
1492.5984	12.404	8.27508052e-11	-8.48775e-05	-7.34334e-05	0.000110627	-138.168
1495.8771	12.406	8.27641478e-11	-3.81472e-05	-5.24523e-05	6.38966e-05	-126.51
1499.1557	12.408	8.27774904e-11	-4.95913e-05	-3.05178e-05	5.6267e-05	-147.426
1502.7043	12.41	8.2790833e-11	-3.81472e-05	-1.04905e-05	4.00546e-05	-164.178
1505.9999	12.412	8.280417560000001e-11	-1.62126e-05	-1.81199e-05	2.47956e-05	-137.046
1509.2796	12.414	8.28175182e-11	-9.5368e-06	-1.33515e-05	1.52589e-05	-129.474
1512.5739	12.416	8.283086079999999e-11	2.28883e-05	9.5368e-06	2.47956e-05	20.376
1515.8528	12.418	8.284420339999999e-11	4.48229e-05	2.00273e-05	5.0545e-05	25.242
1519.1301	12.42	8.285754599999999e-11	4.29156e-05	4.57766e-05	6.38966e-05	47.97
1522.3942	12.422	8.28708886e-11	6.00817e-05	6.19893e-05	8.77385e-05	45.0
1525.6881	12.424	8.288423119999999e-11	0.00010109	6.48503e-05	0.000120163	32.274
1528.9676	12.426	8.28975738e-11	8.29701e-05	6.5804e-05	0.000105858	39.714
1532.2455	12.428	8.29109164e-11	8.58312e-05	7.1526e-05	0.000113488	39.288
1535.7958	12.43	8.292425899999999e-11	9.44142e-05	7.1526e-05	0.00011921	36.678
1539.0593	12.432	8.29376016e-11	0.000102044	6.67577e-05	0.000121117	33.168
1542.3378	12.434	8.295094419999999e-11	0.000103951	9.34605e-05	0.000141145	41.544
1545.632	12.436	8.29642868e-11	0.000132562	7.53407e-05	0.000152589	30.024
1548.9257	12.438	8.29776294e-11	0.00011921	9.44142e-05	0.000152589	37.962
1552.2061	12.44	8.2990972e-11	9.91826e-05	9.34605e-05	0.000134469	43.998
1555.4848	12.442	8.30043146e-11	0.000121117	7.24797e-05	0.000142098	30.732
1558.7953	12.444	8.30176572e-11	8.86922e-05	7.91554e-05	0.00011921	41.844
1562.09	12.446	8.30309998e-11	0.00010109	4.19619e-05	0.000109673	22.512
1565.3688	12.448	8.30443424e-11	7.43871e-05	5.43597e-05	9.34605e-05	34.59
1568.6629	12.45	8.3057685e-11	6.38966e-05	3.05178e-05	7.05724e-05	26.562
1571.9571	12.452	8.307102759999999e-11	4.67303e-05	2.3842e-05	5.24523e-05	27.858
1575.2517	12.454	8.30843702e-11	4.86376e-05	2.6703e-05	5.53133e-05	29.658
1578.5299	12.456	8.309771279999999e-11	0.0	2.3842e-05	2.3842e-05	85.362
1581.7939	12.458	8.311105539999999e-11	1.71663e-05	-7.62945e-06	2.00273e-05	-17.244
1585.0715	12.46	8.3124398e-11	1.04905e-05	-1.52589e-05	1.90736e-05	-42.396
1588.3502	12.462	8.313774059999999e-11	-8.58313e-06	-3.81473e-06	7.62945e-06	-151.392
1591.6299	12.464	8.31510832e-11	-2.9564e-05	-9.53682e-07	2.86103e-05	-176.01
1594.9245	12.466	8.316442579999999e-11	-5.53133e-05	-1.90736e-05	5.9128e-05	-161.16
1598.2017	12.468	8.31777684e-11	-4.67303e-05	-3.71935e-05	5.72207e-05	-136.878
1601.4977	12.47	8.3191111e-11	-7.05724e-05	-1.62126e-05	7.05724e-05	-169.746
1604.7763	12.472	8.320445359999999e-11	-6.48503e-05	-3.33788e-05	7.05724e-05	-153.912
1608.0698	12.474	8.32177962e-11	-6.2943e-05	-2.6703e-05	6.67577e-05	-156.948
1611.3494	12.476	8.32311388e-11	-7.34334e-05	-2.76567e-05	7.72481e-05	-159.558
1614.6278	12.478	8.32444814e-11	-6.10356e-05	-2.76567e-05	6.5804e-05	-154.98
1617.9223	12.48	8.3257824e-11	-4.76839e-05	-4.48229e-05	6.5804e-05	-137.418
1621.2002	12.482	8.32711666e-11	-6.8665e-05	-4.67303e-05	8.29701e-05	-146.058
1624.4953	12.484	8.32845092e-11	-6.19893e-05	-2.47956e-05	6.67577e-05	-159.576
1627.7739	12.486	8.32978518e-11	-4.95913e-05	-2.28883e-05	5.3406e-05	-155.322
1631.3254	12.488	8.33111944e-11	-3.81472e-05	-2.00273e-05	4.19619e-05	-151.392
1634.6029	12.49	8.332453699999999e-11	-6.2943e-05	-6.48503e-05	8.86922e-05	-134.1
1637.8814	12.492	8.33378796e-11	-1.14442e-05	1.90736e-06	9.5368e-06	167.904
1641.1601	12.494	8.335122219999999e-11	-4.86376e-05	-2.76567e-05	5.53133e-05	-152.208
1644.44	12.496	8.33645648e-11	-3.33788e-05	-4.00546e-05	5.0545e-05	-125.97
1647.7188	12.498	8.337790739999999e-11	-2.0981e-05	-2.0981e-05	2.76567e-05	-131.31
1651.2693	12.5	8.339125e-11	-1.33515e-05	-7.62945e-06	1.43052e-05	-152.244
1654.5477	12.502	8.34045926e-11	-2.86104e-06	-1.81199e-05	1.90736e-05	-95.526
1657.8407	12.504	8.341793519999999e-11	-2.00273e-05	3.81473e-06	1.90736e-05	166.428
1661.1373	12.506	8.34312778e-11	-2.00273e-05	-4.7684e-06	2.00273e-05	-170.538
1664.4468	12.508	8.344462039999999e-11	3.81473e-06	-2.3842e-05	2.3842e-05	-75.966
1667.9965	12.51	8.3457963e-11	1.71663e-05	-2.3842e-05	2.86103e-05	-53.394
1671.2931	12.512	8.34713056e-11	3.14715e-05	-1.23978e-05	3.33788e-05	-22.44
1674.5702	12.514	8.34846482e-11	-3.81473e-06	8.58313e-06	8.58313e-06	102.996
1677.8491	12.516	8.34979908e-11	8.58313e-06	-4.7684e-06	8.58313e-06	-24.774
1681.1132	12.518	8.35113334e-11	-1.90736e-06	-1.33515e-05	1.23978e-05	-86.988
1684.4069	12.52	8.3524676e-11	1.81199e-05	-3.05178e-05	3.52862e-05	-55.098
1687.6856	12.522	8.35380186e-11	1.90736e-06	-3.24252e-05	3.05178e-05	-83.796
1690.9801	12.524	8.35513612e-11	-1.62126e-05	-2.6703e-05	2.76567e-05	-114.678
1694.276	12.526	8.356470379999999e-11	-9.5368e-06	-1.33515e-05	1.52589e-05	-123.024
1697.5701	12.528	8.35780464e-11	-5.24523e-05	-3.43325e-05	6.19893e-05	-146.82
1700.8802	12.53	8.359138899999999e-11	-5.72208e-06	-3.05178e-05	2.9564e-05	-102.378
1704.1599	12.532	8.360473159999999e-11	-1.33515e-05	-1.14442e-05	1.71663e-05	-141.006
1707.4388	12.534	8.36180742e-11	-2.9564e-05	-2.6703e-05	4.00546e-05	-137.664
1710.7002	12.536	8.363141679999999e-11	-1.71663e-05	-5.24523e-05	5.3406e-05	-109.56
1713.9953	12.538	8.36447594e-11	-2.00273e-05	-3.05178e-05	3.62399e-05	-121.14
1717.2748	12.54	8.365810199999999e-11	-4.86376e-05	-6.00817e-05	7.72481e-05	-129.048
1720.5695	12.542	8.36714446e-11	-3.81472e-05	-3.91009e-05	5.3406e-05	-134.49
1723.8471	12.544	8.36847872e-11	-2.47956e-05	-2.9564e-05	3.71935e-05	-130.71
1727.1255	12.546	8.369812979999999e-11	-1.71663e-05	-1.71663e-05	2.57493e-05	-142.854
1730.4202	12.548	8.37114724e-11	-4.67303e-05	-6.67575e-06	4.57766e-05	-173.19
1733.6824	12.55	8.3724815e-11	-3.81472e-05	-1.33515e-05	4.19619e-05	-163.56
1736.9617	12.552	8.37381576e-11	-6.67575e-06	-9.5368e-06	1.04905e-05	-115.02
1740.2402	12.554	8.37515002e-11	-3.14715e-05	-2.28883e-05	3.71935e-05	-142.122
1743.5361	12.556	8.37648428e-11	-2.47956e-05	-3.14715e-05	3.91009e-05	-127.452
1746.8302	12.558	8.37781854e-11	-2.00273e-05	-2.9564e-05	3.52862e-05	-123.996
1750.1094	12.56	8.3791528e-11	-7.62945e-06	-2.00273e-05	2.0981e-05	-102.336
1753.388	12.562	8.380487059999999e-11	-1.33515e-05	1.71663e-05	2.19346e-05	127.566
1756.6668	12.564	8.381821319999999e-11	-7.62945e-06	2.00273e-05	2.3842e-05	114.444
1759.9601	12.566	8.38315558e-11	3.24252e-05	-1.04905e-05	3.52862e-05	-14.298
1763.256	12.568	8.384489839999999e-11	2.86104e-06	-2.19346e-05	2.0981e-05	-77.274
1766.5496	12.57	8.3858241e-11	-1.90736e-06	1.04905e-05	1.14442e-05	109.44
1769.8445	12.572	8.387158359999999e-11	9.53682e-07	4.7684e-06	4.7684e-06	75.966
1773.1237	12.574	8.388492619999999e-11	-1.43052e-05	-2.0981e-05	2.3842e-05	-122.346
1776.4015	12.576	8.38982688e-11	3.81472e-05	3.81473e-06	3.91009e-05	7.722
1779.6973	12.578	8.391161139999999e-11	-9.5368e-06	2.86104e-06	8.58313e-06	162.9
1783.2468	12.58	8.3924954e-11	4.86376e-05	7.62945e-06	5.0545e-05	8.97
1786.5414	12.582	8.39382966e-11	9.5368e-06	1.90736e-05	2.0981e-05	69.864
1790.108	12.584	8.39516392e-11	0.0	-6.67575e-06	5.72208e-06	-95.196
1793.3872	12.586	8.39649818e-11	1.62126e-05	-2.00273e-05	2.57493e-05	-48.012
1796.6647	12.588	8.397832439999999e-11	-2.86104e-06	7.62945e-06	7.62945e-06	104.034
1800.2159	12.59	8.3991667e-11	0.0	3.81473e-06	4.7684e-06	83.658
1803.4947	12.592	8.40050096e-11	0.0	8.58313e-06	8.58313e-06	90.0
1806.7737	12.594	8.40183522e-11	2.00273e-05	1.33515e-05	2.3842e-05	32.826
1810.0529	12.596	8.40316948e-11	2.86104e-06	1.90736e-06	3.81473e-06	11.31
1813.3302	12.598	8.40450374e-11	2.6703e-05	5.72208e-06	2.86103e-05	9.246
1816.6102	12.6	8.405837999999999e-11	1.43052e-05	3.91009e-05	4.19619e-05	70.71
1819.8727	12.602	8.407172259999999e-11	3.43325e-05	4.38693e-05	5.53133e-05	51.882
1823.1501	12.604	8.408506519999999e-11	4.86376e-05	4.38693e-05	6.67577e-05	40.602
1826.4292	12.606	8.409840779999999e-11	3.14715e-05	3.43325e-05	4.67303e-05	48.432
1829.7088	12.608	8.41117504e-11	3.71935e-05	2.47956e-05	4.57766e-05	32.346
1832.9866	12.61	8.412509299999999e-11	3.33788e-05	3.05178e-05	4.57766e-05	40.872
1836.2813	12.612	8.41384356e-11	4.19619e-05	3.81472e-05	5.72207e-05	43.152
1839.559	12.614	8.41517782e-11	2.3842e-05	3.24252e-05	3.91009e-05	57.378
1842.8393	12.616	8.416512079999999e-11	3.43325e-05	3.71935e-05	5.0545e-05	46.578
1846.1181	12.618	8.41784634e-11	4.10082e-05	3.71935e-05	5.53133e-05	42.594
1849.4119	12.62	8.419180599999999e-11	4.95913e-05	3.43325e-05	6.10356e-05	33.342
1852.6913	12.622	8.42051486e-11	7.24797e-05	5.24523e-05	9.05995e-05	36.024
1855.9702	12.624	8.42184912e-11	3.81472e-05	5.72207e-05	6.8665e-05	55.854
1859.2649	12.626	8.42318338e-11	5.43597e-05	4.57766e-05	7.24797e-05	39.144
1862.5266	12.628	8.42451764e-11	8.10628e-05	3.52862e-05	8.77385e-05	23.652
1865.8214	12.63	8.4258519e-11	3.52862e-05	3.24252e-05	4.57766e-05	46.146
1869.1164	12.632	8.42718616e-11	3.43325e-05	3.24252e-05	4.86376e-05	42.276
1872.4102	12.634	8.428520419999999e-11	2.00273e-05	3.24252e-05	3.91009e-05	58.2
1875.6901	12.636	8.429854679999998e-11	3.14715e-05	2.19346e-05	4.10082e-05	32.682
1878.9847	12.638	8.431188939999999e-11	8.58313e-06	1.90736e-05	2.00273e-05	67.518
1882.2788	12.64	8.4325232e-11	3.52862e-05	1.23978e-05	3.52862e-05	18.78
1885.5741	12.642	8.433857459999999e-11	-9.5368e-06	-2.47956e-05	2.57493e-05	-105.75
1888.8519	12.644	8.435191719999999e-11	7.62945e-06	5.72208e-06	1.04905e-05	37.566
1892.1473	12.646	8.43652598e-11	-3.14715e-05	-4.7684e-06	3.14715e-05	-171.528
1895.4414	12.648	8.437860239999999e-11	-1.90736e-06	-2.3842e-05	2.19346e-05	-88.266
1898.7368	12.65	8.4391945e-11	-3.43325e-05	-1.62126e-05	3.91009e-05	-157.308
1902.0152	12.652	8.440528759999999e-11	-4.95913e-05	-5.72208e-06	5.0545e-05	-174.738
1905.31	12.654	8.44186302e-11	-3.81472e-05	5.72208e-06	4.00546e-05	170.688
1908.5873	12.656	8.44319728e-11	-2.9564e-05	-4.19619e-05	4.95913e-05	-124.548
1911.8834	12.658	8.44453154e-11	-6.19893e-05	-3.62399e-05	7.05724e-05	-148.848
1915.178	12.66	8.4458658e-11	-5.6267e-05	-2.00273e-05	5.9128e-05	-161.568
1918.4559	12.662	8.44720006e-11	-3.62399e-05	-7.62945e-06	3.43325e-05	-167.592
1922.0068	12.664	8.44853432e-11	-4.86376e-05	-1.81199e-05	5.0545e-05	-159.444
1925.3014	12.666	8.44986858e-11	-3.62399e-05	-2.3842e-05	4.29156e-05	-147.996
1928.5964	12.668	8.45120284e-11	-2.28883e-05	-4.7684e-06	2.19346e-05	-169.38
1932.1468	12.67	8.4525371e-11	-1.62126e-05	-2.3842e-05	2.6703e-05	-121.428
1935.4401	12.672	8.45387136e-11	-1.81199e-05	-3.33788e-05	3.71935e-05	-117.9
1938.7352	12.674	8.455205619999999e-11	9.5368e-06	4.7684e-06	1.04905e-05	25.02
1942.0138	12.676	8.456539879999999e-11	0.0	2.86104e-06	2.86104e-06	75.966
1945.2934	12.678	8.45787414e-11	2.3842e-05	-1.90736e-06	2.3842e-05	-4.512
1948.5881	12.68	8.459208399999999e-11	2.19346e-05	1.52589e-05	2.57493e-05	31.704
1951.8816	12.682	8.46054266e-11	1.52589e-05	1.04905e-05	1.62126e-05	39.804
1955.1601	12.684	8.461876919999999e-11	4.57766e-05	1.71663e-05	4.95913e-05	22.506
1958.4399	12.686	8.46321118e-11	2.19346e-05	1.33515e-05	2.47956e-05	33.276
1961.7186	12.688	8.46454544e-11	4.10082e-05	1.90736e-05	4.57766e-05	26.562
1964.9972	12.69	8.465879699999999e-11	2.57493e-05	2.76567e-05	3.91009e-05	45.0
1968.274	12.692	8.46721396e-11	6.38966e-05	1.23978e-05	6.38966e-05	12.594
1971.5699	12.694	8.46854822e-11	3.14715e-05	1.90736e-05	3.71935e-05	30.618
1974.8492	12.696	8.46988248e-11	2.00273e-05	2.86103e-05	3.52862e-05	53.976
1978.128	12.698	8.47121674e-11	2.9564e-05	-4.7684e-06	3.05178e-05	-8.838
1981.4054	12.7	8.472551e-11	1.52589e-05	2.28883e-05	2.6703e-05	55.92
1984.7002	12.702	8.47388526e-11	3.05178e-05	0.0	2.9564e-05	-1.272
1987.9789	12.704	8.47521952e-11	1.81199e-05	-9.53682e-07	1.71663e-05	2.202
1991.2745	12.706	8.47655378e-11	4.7684e-06	-1.14442e-05	1.14442e-05	-67.62
1994.5531	12.708	8.477888039999999e-11	1.90736e-06	0.0	0.0	90.0
1997.8314	12.71	8.4792223e-11	-1.62126e-05	-3.62399e-05	3.71935e-05	-111.612
2001.1102	12.712	8.480556559999999e-11	-1.43052e-05	-2.00273e-05	2.3842e-05	-126.57
2004.389	12.714	8.48189082e-11	-3.33788e-05	-3.05178e-05	4.38693e-05	-138.732
2007.6996	12.716	8.483225079999999e-11	9.53682e-07	1.90736e-06	1.90736e-06	108.432
2010.9943	12.718	8.484559339999999e-11	-4.57766e-05	-3.62399e-05	5.6267e-05	-139.326
2014.273	12.72	8.4858936e-11	-3.43325e-05	-4.10082e-05	5.24523e-05	-130.914
2017.5513	12.722	8.487227859999999e-11	-7.53407e-05	-2.9564e-05	7.91554e-05	-158.55
2020.8285	12.724	8.48856212e-11	-7.82018e-05	-4.10082e-05	8.58312e-05	-152.448
2024.1077	12.726	8.48989638e-11	-6.38966e-05	-1.71663e-05	6.48503e-05	-165.822
2027.6575	12.728	8.49123064e-11	-5.14986e-05	-4.7684e-06	4.95913e-05	-174.666
2030.9382	12.73	8.4925649e-11	-6.10356e-05	-4.57766e-05	7.53407e-05	-144.924
2034.232	12.732	8.493899159999999e-11	-3.81472e-05	-2.28883e-05	4.57766e-05	-149.742
2037.5102	12.734	8.49523342e-11	-3.71935e-05	-3.05178e-05	4.57766e-05	-142.482
2040.8061	12.736	8.49656768e-11	-3.71935e-05	9.53682e-07	3.52862e-05	174.612
2044.1168	12.738	8.49790194e-11	-5.81744e-05	8.58313e-06	5.6267e-05	171.87
2047.6822	12.74	8.4992362e-11	-1.81199e-05	-4.7684e-06	1.81199e-05	-160.908
2050.9614	12.742	8.500570460000001e-11	-3.33788e-05	-6.67575e-06	3.43325e-05	-171.084
2054.239	12.744	8.50190472e-11	-1.90736e-06	-1.14442e-05	1.04905e-05	-99.462
2057.5172	12.746	8.503238979999999e-11	1.81199e-05	1.33515e-05	2.28883e-05	36.87
2060.8121	12.748	8.504573239999999e-11	1.90736e-06	2.19346e-05	2.28883e-05	86.73
2064.0914	12.75	8.505907499999999e-11	3.81472e-05	2.57493e-05	4.67303e-05	31.662
2067.3701	12.752	8.50724176e-11	2.19346e-05	3.62399e-05	4.29156e-05	57.996
2070.6499	12.754	8.508576019999999e-11	3.52862e-05	1.52589e-05	3.91009e-05	23.202
2073.9275	12.756	8.50991028e-11	4.38693e-05	3.71935e-05	5.72207e-05	40.812
2077.239	12.758	8.511244539999999e-11	7.24797e-05	3.43325e-05	8.10628e-05	25.302
2080.5336	12.76	8.512578799999999e-11	6.8665e-05	1.90736e-05	7.05724e-05	14.688
2083.8443	12.762	8.51391306e-11	3.71935e-05	1.71663e-05	4.00546e-05	24.444
2087.155	12.764	8.515247319999999e-11	4.86376e-05	3.71935e-05	6.00817e-05	38.16
2090.4646	12.766	8.51658158e-11	6.48503e-05	3.52862e-05	7.05724e-05	28.266
2093.7764	12.768	8.51791584e-11	5.24523e-05	3.62399e-05	6.5804e-05	33.996
2097.0702	12.77	8.5192501e-11	3.62399e-05	2.57493e-05	4.57766e-05	33.918
2100.3499	12.772	8.52058436e-11	3.62399e-05	5.14986e-05	6.2943e-05	55.302
2103.6284	12.774	8.521918619999999e-11	4.57766e-05	1.04905e-05	4.57766e-05	13.242
2106.9224	12.776	8.52325288e-11	2.19346e-05	2.00273e-05	2.9564e-05	41.31
2110.2177	12.778	8.52458714e-11	2.28883e-05	1.62126e-05	2.86103e-05	37.65
2113.5114	12.78	8.5259214e-11	1.71663e-05	1.43052e-05	2.19346e-05	41.184
2116.7902	12.782	8.527255659999999e-11	1.52589e-05	2.9564e-05	3.24252e-05	64.98
2120.0857	12.784	8.52858992e-11	1.90736e-06	-9.5368e-06	8.58313e-06	-68.964
2123.62	12.786	8.529924179999999e-11	-4.7684e-06	-9.5368e-06	9.5368e-06	-109.656
2126.9149	12.788	8.531258439999999e-11	-1.04905e-05	-9.53682e-07	1.33515e-05	180.0
2130.2094	12.79	8.532592699999999e-11	-9.53682e-07	0.0	3.81473e-06	172.878
2133.5041	12.792	8.533926959999999e-11	-3.14715e-05	-2.0981e-05	3.71935e-05	-144.348
2136.7977	12.794	8.53526122e-11	-4.76839e-05	0.0	4.57766e-05	179.184
2140.1083	12.796	8.536595479999999e-11	-1.04905e-05	-1.23978e-05	1.62126e-05	-131.82
2143.4032	12.798	8.53792974e-11	-4.00546e-05	-4.19619e-05	5.72207e-05	-130.314
2146.6982	12.8	8.539264e-11	-6.67577e-05	-3.33788e-05	7.24797e-05	-152.022
2149.9933	12.802	8.540598259999999e-11	-6.2943e-05	-3.14715e-05	6.77113e-05	-152.928
2153.2706	12.804	8.54193252e-11	-4.00546e-05	-1.81199e-05	4.38693e-05	-154.98
2156.5666	12.806	8.543266779999999e-11	-4.67303e-05	-3.81472e-05	5.81744e-05	-139.188
2160.117	12.808	8.54460104e-11	-3.14715e-05	-4.38693e-05	5.3406e-05	-125.052
2163.4114	12.81	8.5459353e-11	-5.6267e-05	-3.52862e-05	6.48503e-05	-148.938
2166.6902	12.812	8.54726956e-11	-3.91009e-05	-2.00273e-05	4.48229e-05	-154.536
2169.9691	12.814	8.54860382e-11	-3.14715e-05	-4.76839e-05	5.6267e-05	-123.138
2173.2467	12.816	8.549938080000001e-11	-4.29156e-05	-3.62399e-05	5.6267e-05	-139.764
2176.5414	12.818	8.55127234e-11	-3.14715e-05	-3.14715e-05	4.38693e-05	-137.436
2179.8532	12.82	8.552606599999999e-11	-4.00546e-05	-2.47956e-05	4.57766e-05	-148.89
2183.1315	12.822	8.553940859999998e-11	-1.90736e-06	-3.43325e-05	3.33788e-05	-91.104
2186.4099	12.824	8.555275119999999e-11	-4.19619e-05	-3.14715e-05	5.0545e-05	-144.03
2189.6892	12.826	8.55660938e-11	-1.71663e-05	-2.0981e-05	2.47956e-05	-130.764
2192.9679	12.828	8.557943639999999e-11	-2.76567e-05	-1.71663e-05	3.05178e-05	-143.88
2196.5184	12.83	8.5592779e-11	-9.5368e-06	-2.76567e-05	2.86103e-05	-104.676
2199.7964	12.832	8.56061216e-11	-3.62399e-05	9.53682e-07	3.52862e-05	176.76
2203.0736	12.834	8.561946419999999e-11	-5.72208e-06	-2.00273e-05	1.90736e-05	-109.026
2206.3533	12.836	8.56328068e-11	-9.53682e-07	-2.00273e-05	1.90736e-05	-88.026
2209.6329	12.838	8.564614939999999e-11	-1.14442e-05	9.5368e-06	1.62126e-05	139.896
2212.9267	12.84	8.5659492e-11	-6.67575e-06	-1.14442e-05	1.23978e-05	-117.9
2216.2214	12.842	8.56728346e-11	-4.7684e-06	-1.43052e-05	1.52589e-05	-113.202
2219.5161	12.844	8.56861772e-11	1.90736e-05	1.52589e-05	2.28883e-05	38.928
2223.0674	12.846	8.56995198e-11	-6.67575e-06	-1.90736e-05	2.00273e-05	-112.482
2226.3612	12.848	8.57128624e-11	6.67575e-06	1.90736e-06	7.62945e-06	30.966
2229.6565	12.85	8.5726205e-11	2.00273e-05	-1.90736e-05	2.57493e-05	-43.956
2232.9501	12.852	8.57395476e-11	1.71663e-05	3.81473e-06	1.81199e-05	15.066
2236.2458	12.854	8.57528902e-11	2.00273e-05	4.7684e-06	2.28883e-05	8.13
2239.5244	12.856	8.576623279999999e-11	2.19346e-05	-9.5368e-06	2.19346e-05	-23.43
2242.8031	12.858	8.57795754e-11	2.9564e-05	8.58313e-06	3.05178e-05	16.926
2246.3526	12.86	8.579291799999999e-11	-8.58313e-06	2.19346e-05	2.19346e-05	106.188
2249.6309	12.862	8.580626059999999e-11	-1.14442e-05	5.72208e-06	1.23978e-05	147.096
2252.9102	12.864	8.58196032e-11	2.6703e-05	-1.14442e-05	2.9564e-05	-20.412
2256.1896	12.866	8.583294579999999e-11	1.90736e-06	-1.90736e-06	1.90736e-06	-18.432
2259.4677	12.868	8.58462884e-11	-7.62945e-06	4.95913e-05	4.95913e-05	97.026
2262.747	12.87	8.585963099999999e-11	-9.53682e-07	6.67575e-06	6.67575e-06	79.692
2266.0414	12.872	8.58729736e-11	1.71663e-05	1.04905e-05	2.00273e-05	31.608
2269.3349	12.874	8.58863162e-11	2.6703e-05	1.04905e-05	2.86103e-05	25.974
2272.6145	12.876	8.589965879999999e-11	3.24252e-05	2.0981e-05	3.81472e-05	34.506
2275.9099	12.878	8.59130014e-11	2.57493e-05	1.71663e-05	3.05178e-05	32.658
2279.2037	12.88	8.5926344e-11	1.81199e-05	2.6703e-05	3.33788e-05	52.224
2282.4671	12.882	8.59396866e-11	2.19346e-05	1.52589e-05	2.86103e-05	28.302
2285.7447	12.884	8.59530292e-11	-1.14442e-05	2.3842e-05	2.6703e-05	114.678
2289.0401	12.886	8.59663718e-11	2.57493e-05	2.86103e-05	3.71935e-05	49.29
2292.3181	12.888	8.59797144e-11	4.19619e-05	3.91009e-05	5.81744e-05	42.708
2295.5971	12.89	8.5993057e-11	2.9564e-05	2.57493e-05	4.00546e-05	43.026
2298.8754	12.892	8.60063996e-11	2.3842e-05	3.81473e-06	2.3842e-05	11.31
2302.1536	12.894	8.601974219999999e-11	2.0981e-05	1.52589e-05	2.3842e-05	39.402
2305.4328	12.896	8.60330848e-11	-1.23978e-05	4.7684e-06	1.33515e-05	155.772
2308.7114	12.898	8.604642739999999e-11	3.62399e-05	5.0545e-05	6.2943e-05	54.108
2311.9902	12.9	8.605977e-11	3.24252e-05	2.28883e-05	3.91009e-05	37.452
2315.269	12.902	8.607311259999999e-11	6.67575e-06	2.86103e-05	2.86103e-05	78.18
2318.5482	12.904	8.608645519999999e-11	-1.52589e-05	1.90736e-05	2.47956e-05	128.886
2321.8269	12.906	8.60997978e-11	1.90736e-05	3.05178e-05	3.62399e-05	59.214
2325.1051	12.908	8.611314039999999e-11	7.62945e-06	1.33515e-05	1.52589e-05	66.798
2328.3822	12.91	8.6126483e-11	1.33515e-05	-1.43052e-05	1.81199e-05	-53.532
2331.6783	12.912	8.61398256e-11	1.81199e-05	-9.53682e-07	1.90736e-05	-1.974
2335.2292	12.914	8.61531682e-11	2.57493e-05	0.0	2.57493e-05	-5.856
2338.5068	12.916	8.61665108e-11	-2.86104e-06	-4.7684e-06	3.81473e-06	-120.966
2341.8016	12.918	8.617985339999999e-11	-4.10082e-05	-1.90736e-06	3.91009e-05	-179.046
2345.3523	12.92	8.6193196e-11	-9.5368e-06	8.58313e-06	1.33515e-05	136.848
2348.6479	12.922	8.62065386e-11	3.81473e-06	-1.04905e-05	1.14442e-05	-62.1
2351.9418	12.924	8.62198812e-11	-7.62945e-06	-3.52862e-05	3.52862e-05	-100.686
2355.2206	12.926	8.62332238e-11	-3.71935e-05	-9.5368e-06	3.71935e-05	-165.468
2358.5157	12.928	8.62465664e-11	-3.05178e-05	-1.71663e-05	3.52862e-05	-152.952
2361.8102	12.93	8.625990899999999e-11	-4.00546e-05	-3.91009e-05	5.43597e-05	-133.026
2365.0891	12.932	8.627325159999999e-11	-2.6703e-05	-4.7684e-06	2.47956e-05	-166.332
2368.3671	12.934	8.628659419999999e-11	-1.43052e-05	-1.04905e-05	1.52589e-05	-136.734
2371.6302	12.936	8.629993679999999e-11	-4.19619e-05	-2.76567e-05	4.86376e-05	-147.408
2374.909	12.938	8.63132794e-11	-2.28883e-05	-2.28883e-05	3.05178e-05	-134.148
2378.1862	12.94	8.632662199999999e-11	-2.57493e-05	-2.9564e-05	3.91009e-05	-133.638
2381.4663	12.942	8.63399646e-11	-5.14986e-05	-5.72208e-06	5.0545e-05	-173.988
2384.7433	12.944	8.63533072e-11	-4.19619e-05	-3.24252e-05	5.14986e-05	-144.03
2388.0222	12.946	8.636664979999999e-11	-4.00546e-05	-4.38693e-05	5.72207e-05	-129.888
2391.3183	12.948	8.63799924e-11	-6.19893e-05	-2.00273e-05	6.38966e-05	-162.852
2394.5961	12.95	8.639333499999999e-11	-1.33515e-05	-7.62945e-06	1.43052e-05	-146.976
2397.8757	12.952	8.64066776e-11	-4.00546e-05	-6.67575e-06	4.00546e-05	-169.608
2401.1535	12.954	8.64200202e-11	-1.62126e-05	-1.43052e-05	2.0981e-05	-139.968
2404.4489	12.956	8.64333628e-11	-1.71663e-05	-1.90736e-06	1.90736e-05	-174.474
2407.7424	12.958	8.64467054e-11	-2.86103e-05	-9.5368e-06	2.86103e-05	-162.408
2411.0541	12.96	8.6460048e-11	-2.9564e-05	5.72208e-06	2.86103e-05	168.18
2414.3319	12.962	8.64733906e-11	1.23978e-05	-8.58313e-06	1.62126e-05	-31.758
2417.6114	12.964	8.64867332e-11	2.86104e-06	-2.3842e-05	2.19346e-05	-84.804
2420.9058	12.966	8.65000758e-11	-1.33515e-05	-6.67575e-06	1.43052e-05	-148.572
2424.1851	12.968	8.651341839999999e-11	2.19346e-05	8.58313e-06	2.3842e-05	17.928
2427.4625	12.97	8.6526761e-11	5.72208e-06	9.5368e-06	1.04905e-05	47.49
2430.7419	12.972	8.654010359999999e-11	4.29156e-05	8.58313e-06	4.19619e-05	12.726
2434.02	12.974	8.655344619999999e-11	1.71663e-05	5.72208e-06	1.90736e-05	16.188
2437.2996	12.976	8.65667888e-11	1.71663e-05	2.19346e-05	2.9564e-05	49.536
2440.5783	12.978	8.658013139999999e-11	2.86103e-05	1.23978e-05	3.05178e-05	23.838
2443.857	12.98	8.6593474e-11	3.91009e-05	3.33788e-05	5.24523e-05	41.394
2447.1514	12.982	8.660681659999999e-11	2.19346e-05	9.5368e-06	2.19346e-05	26.562
2450.4463	12.984	8.66201592e-11	3.24252e-05	2.0981e-05	3.91009e-05	30.966
2453.7239	12.986	8.66335018e-11	-2.86104e-06	-1.81199e-05	1.71663e-05	-96.114
2457.0029	12.988	8.66468444e-11	0.0	8.58313e-06	8.58313e-06	90.0
2460.554	12.99	8.6660187e-11	3.81473e-06	-9.53682e-07	3.81473e-06	11.31
2463.8319	12.992	8.66735296e-11	1.52589e-05	6.67575e-06	1.62126e-05	27.552
2467.1102	12.994	8.66868722e-11	2.0981e-05	0.0	2.00273e-05	1.848
2470.3889	12.996	8.67002148e-11	3.81473e-06	1.23978e-05	1.23978e-05	62.1
2473.6686	12.998	8.67135574e-11	1.04905e-05	-2.86104e-06	1.23978e-05	-14.742
2476.9474	13.0	8.67269e-11	-5.72208e-06	1.52589e-05	1.71663e-05	107.1
2480.2261	13.002	8.67402426e-11	-1.52589e-05	9.5368e-06	1.62126e-05	143.616
2483.5039	13.004	8.675358519999999e-11	-2.00273e-05	-9.53682e-07	1.90736e-05	-178.026
2486.7826	13.006	8.676692779999999e-11	-1.90736e-06	-3.33788e-05	3.24252e-05	-95.946
2490.0614	13.008	8.678027039999998e-11	-1.14442e-05	-1.71663e-05	1.90736e-05	-124.698
2493.6115	13.01	8.679361299999999e-11	-6.67575e-06	-2.00273e-05	2.0981e-05	-104.472
2496.8902	13.012	8.68069556e-11	3.81473e-06	-2.57493e-05	2.57493e-05	-78.408
2500.1695	13.014	8.682029819999999e-11	2.86104e-06	-1.52589e-05	1.52589e-05	-77.196
2503.4647	13.016	8.68336408e-11	-1.81199e-05	-1.23978e-05	2.0981e-05	-148.734
2506.7433	13.018	8.68469834e-11	-2.76567e-05	-2.00273e-05	3.33788e-05	-142.224
2510.0212	13.02	8.686032599999999e-11	-4.10082e-05	-3.81472e-05	5.53133e-05	-137.958
2513.3166	13.022	8.68736686e-11	-4.57766e-05	-1.71663e-05	4.76839e-05	-162.072
2516.6102	13.024	8.688701119999999e-11	-3.43325e-05	-2.47956e-05	4.00546e-05	-141.792
2519.8899	13.026	8.69003538e-11	-2.57493e-05	-4.00546e-05	4.67303e-05	-122.784
2523.1686	13.028	8.69136964e-11	-4.00546e-05	6.67575e-06	4.00546e-05	167.772
2526.4624	13.03	8.6927039e-11	-1.33515e-05	-1.33515e-05	1.90736e-05	-140.442
2529.7414	13.032	8.69403816e-11	-3.33788e-05	-9.5368e-06	3.24252e-05	-164.22
2533.0201	13.034	8.69537242e-11	-2.28883e-05	-5.72208e-06	2.28883e-05	-166.758
2536.3302	13.036	8.69670668e-11	-1.52589e-05	-2.28883e-05	2.6703e-05	-128.232
2539.6247	13.038	8.69804094e-11	9.53682e-07	2.86104e-06	3.81473e-06	59.034
2542.9201	13.04	8.6993752e-11	1.23978e-05	-1.14442e-05	1.62126e-05	-46.638
2546.1982	13.042	8.700709459999999e-11	2.28883e-05	-2.19346e-05	3.05178e-05	-43.212
2549.4778	13.044	8.70204372e-11	6.67575e-06	5.72208e-06	8.58313e-06	30.258
2552.7564	13.046	8.703377979999999e-11	1.23978e-05	-3.81473e-06	1.52589e-05	-12.264
2556.0502	13.048	8.704712239999999e-11	1.71663e-05	-6.67575e-06	1.81199e-05	-15.066
2559.3299	13.05	8.7060465e-11	2.9564e-05	2.3842e-05	3.91009e-05	38.814
2562.6238	13.052	8.707380759999999e-11	2.00273e-05	5.72208e-06	2.00273e-05	20.772
2565.9178	13.054	8.70871502e-11	-2.86104e-06	1.90736e-05	1.90736e-05	99.162
2569.1977	13.056	8.710049279999999e-11	3.05178e-05	3.52862e-05	4.67303e-05	47.832
2572.4914	13.058	8.71138354e-11	2.47956e-05	1.52589e-05	3.05178e-05	31.608
2575.7869	13.06	8.7127178e-11	1.33515e-05	2.19346e-05	2.57493e-05	54.78
2579.0806	13.062	8.714052059999999e-11	4.38693e-05	2.00273e-05	4.95913e-05	24.51
2582.3594	13.064	8.71538632e-11	3.52862e-05	2.19346e-05	4.19619e-05	30.966
2585.6538	13.066	8.71672058e-11	6.77113e-05	2.00273e-05	7.05724e-05	17.58
2588.9335	13.068	8.71805484e-11	3.71935e-05	3.24252e-05	5.0545e-05	41.328
2592.2271	13.07	8.7193891e-11	2.6703e-05	3.81473e-06	2.76567e-05	11.04
2595.5226	13.072	8.72072336e-11	1.90736e-05	4.10082e-05	4.57766e-05	61.974
2598.8166	13.074	8.72205762e-11	-9.5368e-06	3.14715e-05	3.24252e-05	103.17
2602.0957	13.076	8.723391879999999e-11	2.19346e-05	1.33515e-05	2.57493e-05	35.706
2605.3891	13.078	8.724726139999999e-11	0.0	-1.14442e-05	1.04905e-05	-86.82
2608.6689	13.08	8.726060399999999e-11	2.86104e-06	-9.53682e-07	2.86104e-06	-21.804
2611.9459	13.082	8.72739466e-11	3.81473e-06	-1.33515e-05	1.33515e-05	-75.966
2615.2263	13.084	8.728728919999999e-11	-1.33515e-05	-2.00273e-05	2.19346e-05	-115.824
2618.52	13.086	8.73006318e-11	-9.53682e-07	-4.7684e-06	5.72208e-06	-119.052
2621.7999	13.088	8.731397439999999e-11	-1.71663e-05	-2.3842e-05	2.86103e-05	-131.31
2625.0771	13.09	8.732731699999999e-11	-4.7684e-06	-1.23978e-05	1.23978e-05	-104.742
2628.3715	13.092	8.73406596e-11	-3.62399e-05	-4.57766e-05	5.72207e-05	-129.474
2631.9224	13.094	8.735400219999999e-11	-4.95913e-05	-3.14715e-05	5.9128e-05	-148.266
2635.2014	13.096	8.73673448e-11	-2.76567e-05	-2.47956e-05	3.71935e-05	-139.29
2638.4957	13.098	8.73806874e-11	-2.76567e-05	-6.00817e-05	6.67577e-05	-116.814
2642.0468	13.1	8.739403e-11	-6.00817e-05	-4.48229e-05	7.43871e-05	-143.748
2645.3084	13.102	8.74073726e-11	-4.95913e-05	-4.29156e-05	6.48503e-05	-139.206
2648.6048	13.104	8.742071519999999e-11	-4.29156e-05	-2.9564e-05	5.0545e-05	-146.106
2651.8837	13.106	8.74340578e-11	-6.5804e-05	-4.29156e-05	7.62944e-05	-146.724
2655.1614	13.108	8.74474004e-11	-7.1526e-05	-4.57766e-05	8.39238e-05	-147.072
2658.697	13.11	8.7460743e-11	-7.82018e-05	-2.9564e-05	8.29701e-05	-159.39
2661.9896	13.112	8.74740856e-11	-6.8665e-05	-1.33515e-05	7.05724e-05	-169.746
2665.2854	13.114	8.74874282e-11	-4.19619e-05	-2.76567e-05	4.95913e-05	-147.354
2668.5635	13.116	8.750077079999999e-11	-6.00817e-05	-5.9128e-05	8.39238e-05	-135.318
2671.8423	13.118	8.751411339999999e-11	-6.2943e-05	-5.43597e-05	8.10628e-05	-139.896
2675.1212	13.12	8.752745599999999e-11	-6.19893e-05	-5.14986e-05	8.10628e-05	-139.956
2678.3999	13.122	8.754079859999999e-11	-6.8665e-05	-4.67303e-05	8.29701e-05	-146.82
2681.6634	13.124	8.75541412e-11	-3.33788e-05	-3.43325e-05	4.76839e-05	-134.454
2684.9569	13.126	8.756748379999999e-11	-3.14715e-05	1.90736e-06	2.9564e-05	176.1
2688.2353	13.128	8.75808264e-11	-3.14715e-05	-2.00273e-05	3.52862e-05	-144.834
2691.5141	13.13	8.7594169e-11	-4.57766e-05	-2.57493e-05	5.14986e-05	-151.158
2694.7941	13.132	8.760751159999999e-11	-3.05178e-05	-2.00273e-05	3.62399e-05	-147.996
2698.0728	13.134	8.76208542e-11	-3.14715e-05	-3.81473e-06	2.9564e-05	-176.184
2701.3675	13.136	8.763419679999999e-11	-3.14715e-05	-2.00273e-05	3.71935e-05	-148.524
2704.6291	13.138	8.76475394e-11	6.67575e-06	-2.00273e-05	2.19346e-05	-68.496
2707.907	13.14	8.7660882e-11	-2.86104e-06	-1.14442e-05	1.04905e-05	-96.708
2711.1874	13.142	8.76742246e-11	2.86104e-06	-2.76567e-05	2.57493e-05	-85.602
2714.497	13.144	8.76875672e-11	2.86104e-06	1.33515e-05	1.33515e-05	81.87
2717.7759	13.146	8.770090980000001e-11	1.90736e-05	1.71663e-05	2.57493e-05	39.804
2721.0548	13.148	8.77142524e-11	-1.33515e-05	-1.90736e-05	2.19346e-05	-122.736
2724.3336	13.15	8.772759499999999e-11	3.81473e-06	8.58313e-06	8.58313e-06	81.252
2727.6116	13.152	8.774093759999998e-11	2.9564e-05	-9.53682e-07	3.05178e-05	0.0
2730.8901	13.154	8.775428019999999e-11	2.3842e-05	-9.5368e-06	2.47956e-05	-23.808
2734.169	13.156	8.77676228e-11	1.23978e-05	1.04905e-05	1.90736e-05	35.31
2737.4475	13.158	8.778096539999999e-11	3.81473e-06	-9.5368e-06	8.58313e-06	-70.02
2740.7257	13.16	8.7794308e-11	-4.7684e-06	-1.23978e-05	1.23978e-05	-105.522
2744.006	13.162	8.78076506e-11	7.62945e-06	1.52589e-05	1.71663e-05	61.56
2747.3001	13.164	8.782099319999999e-11	6.67575e-06	8.58313e-06	1.23978e-05	57.096
2750.5783	13.166	8.78343358e-11	1.23978e-05	8.58313e-06	1.62126e-05	30.582
2753.8562	13.168	8.784767839999999e-11	2.86104e-06	3.14715e-05	3.24252e-05	85.332
2757.1512	13.17	8.7861021e-11	3.52862e-05	2.57493e-05	4.57766e-05	34.134
2760.4301	13.172	8.78743636e-11	2.3842e-05	2.86103e-05	3.71935e-05	49.29
2763.6922	13.174	8.78877062e-11	1.90736e-06	2.3842e-05	2.3842e-05	91.548
2766.9885	13.176	8.79010488e-11	4.29156e-05	2.9564e-05	5.14986e-05	37.164
2770.2669	13.178	8.79143914e-11	6.48503e-05	9.5368e-06	6.5804e-05	8.7
2773.5607	13.18	8.7927734e-11	1.23978e-05	1.90736e-05	2.3842e-05	52.818
2776.8562	13.182	8.79410766e-11	4.19619e-05	4.95913e-05	6.38966e-05	53.364
2780.1502	13.184	8.79544192e-11	1.90736e-06	3.24252e-05	3.05178e-05	84.918
2783.4285	13.186	8.79677618e-11	5.9128e-05	4.00546e-05	7.34334e-05	34.116
2786.7082	13.188	8.79811044e-11	4.10082e-05	6.48503e-05	7.43871e-05	60.696
2790.0029	13.19	8.799444699999999e-11	4.48229e-05	4.86376e-05	6.5804e-05	46.218
2793.2815	13.192	8.800778959999999e-11	5.0545e-05	5.0545e-05	7.1526e-05	44.628
2796.5597	13.194	8.80211322e-11	5.24523e-05	6.00817e-05	8.10628e-05	48.99
2799.8226	13.196	8.803447479999999e-11	3.71935e-05	4.10082e-05	5.53133e-05	49.326
2803.117	13.198	8.80478174e-11	3.05178e-05	7.72481e-05	8.10628e-05	68.46
2806.3951	13.2	8.806115999999999e-11	2.76567e-05	5.72207e-05	6.2943e-05	64.512
2809.6745	13.202	8.80745026e-11	6.38966e-05	4.00546e-05	7.34334e-05	33.114
2812.9534	13.204	8.80878452e-11	5.53133e-05	5.72207e-05	7.91554e-05	45.336
2816.2476	13.206	8.810118779999999e-11	4.67303e-05	4.76839e-05	6.77113e-05	46.59
2819.5433	13.208	8.81145304e-11	4.86376e-05	2.76567e-05	5.72207e-05	28.926
2822.838	13.21	8.8127873e-11	3.91009e-05	5.72208e-06	3.81472e-05	9.132
2826.0993	13.212	8.81412156e-11	3.24252e-05	1.90736e-05	3.62399e-05	31.674
2829.3629	13.214	8.81545582e-11	2.9564e-05	2.19346e-05	3.71935e-05	37.692
2832.6579	13.216	8.81679008e-11	2.00273e-05	1.43052e-05	2.3842e-05	34.992
2835.9508	13.218	8.81812434e-11	3.81473e-06	-1.43052e-05	1.43052e-05	-70.71
2839.2299	13.22	8.8194586e-11	-4.7684e-06	7.62945e-06	9.5368e-06	116.562
2842.5099	13.222	8.82079286e-11	9.53682e-07	-9.5368e-06	9.5368e-06	-78.69
2845.8034	13.224	8.822127119999999e-11	1.43052e-05	2.86104e-06	1.52589e-05	16.26
2849.0814	13.226	8.82346138e-11	3.81473e-06	-7.62945e-06	8.58313e-06	-50.712
2852.3611	13.228	8.824795639999999e-11	-4.29156e-05	-4.48229e-05	6.00817e-05	-133.212
2855.6556	13.23	8.8261299e-11	-3.71935e-05	-1.81199e-05	4.00546e-05	-151.764
2858.9354	13.232	8.827464159999999e-11	-4.38693e-05	-1.52589e-05	4.57766e-05	-160.788
2862.2137	13.234	8.828798419999999e-11	-5.6267e-05	-2.0981e-05	6.00817e-05	-160.596
2865.5069	13.236	8.83013268e-11	-6.00817e-05	-4.00546e-05	7.05724e-05	-145.854
2868.7857	13.238	8.831466939999999e-11	-5.9128e-05	-4.95913e-05	7.43871e-05	-140.064
2872.0648	13.24	8.8328012e-11	-5.14986e-05	-2.76567e-05	5.72207e-05	-150.498
2875.3432	13.242	8.83413546e-11	-6.8665e-05	-4.29156e-05	8.01091e-05	-147.096
2878.6223	13.244	8.83546972e-11	-5.6267e-05	-1.33515e-05	5.72207e-05	-165.966
2881.9169	13.246	8.83680398e-11	-5.3406e-05	-1.04905e-05	5.53133e-05	-170.994
2885.1954	13.248	8.838138239999999e-11	-3.05178e-05	-4.29156e-05	5.0545e-05	-126.414
2888.7297	13.25	8.8394725e-11	-6.77113e-05	-3.14715e-05	7.43871e-05	-155.226
2892.0083	13.252	8.84080676e-11	-4.29156e-05	-2.00273e-05	4.76839e-05	-156.594
2895.3032	13.254	8.84214102e-11	-2.6703e-05	-2.86103e-05	3.81472e-05	-134.31
2898.5657	13.256	8.84347528e-11	-3.81472e-05	-3.14715e-05	4.86376e-05	-138.816
2901.86	13.258	8.84480954e-11	-6.67575e-06	-2.9564e-05	2.9564e-05	-101.31
2905.1386	13.26	8.8461438e-11	-5.72208e-06	8.58313e-06	1.04905e-05	127.566
2908.4175	13.262	8.847478059999999e-11	-9.5368e-06	-2.86104e-06	8.58313e-06	-149.742
2911.697	13.264	8.848812319999999e-11	1.33515e-05	2.6703e-05	3.05178e-05	66.642
2914.9767	13.266	8.850146579999999e-11	8.58313e-06	-1.14442e-05	1.52589e-05	-46.848
2918.2552	13.268	8.85148084e-11	1.33515e-05	4.57766e-05	4.86376e-05	73.008
2921.7888	13.27	8.852815099999999e-11	1.62126e-05	4.7684e-06	1.71663e-05	15.066
2925.0685	13.272	8.85414936e-11	1.23978e-05	1.52589e-05	2.00273e-05	52.764
2928.3461	13.274	8.855483619999999e-11	1.33515e-05	1.04905e-05	1.90736e-05	36.87
2931.6415	13.276	8.856817879999999e-11	2.6703e-05	2.28883e-05	3.62399e-05	42.768
2934.9349	13.278	8.85815214e-11	3.33788e-05	1.04905e-05	3.33788e-05	17.352
2938.2141	13.28	8.859486399999999e-11	2.3842e-05	3.14715e-05	3.91009e-05	55.242
2941.493	13.282	8.86082066e-11	1.90736e-05	8.58313e-06	2.0981e-05	27.348
2944.7713	13.284	8.86215492e-11	3.33788e-05	2.86104e-06	3.24252e-05	3.504
2948.0663	13.286	8.86348918e-11	1.04905e-05	-9.53682e-07	1.23978e-05	3.012
2951.3299	13.288	8.86482344e-11	2.3842e-05	1.62126e-05	2.9564e-05	32.658
2954.6084	13.29	8.866157699999999e-11	1.23978e-05	1.90736e-05	2.19346e-05	56.31
2957.8701	13.292	8.86749196e-11	0.0	-5.72208e-06	3.81473e-06	-90.0
2961.1499	13.294	8.86882622e-11	3.81473e-06	1.81199e-05	1.81199e-05	77.472
2964.4277	13.296	8.87016048e-11	-1.04905e-05	0.0	1.04905e-05	-176.634
2967.7071	13.298	8.871494739999999e-11	-2.76567e-05	0.0	2.6703e-05	175.812
2971.0001	13.3	8.872829e-11	-1.81199e-05	-2.57493e-05	3.05178e-05	-127.35
2974.2793	13.302	8.874163259999999e-11	-5.72208e-06	-2.6703e-05	2.6703e-05	-99.69
2977.543	13.304	8.875497519999999e-11	1.04905e-05	-1.90736e-06	1.04905e-05	-6.708
2980.8215	13.306	8.876831779999999e-11	-1.33515e-05	-1.43052e-05	1.71663e-05	-125.538
2984.1162	13.308	8.878166039999999e-11	-5.53133e-05	0.0	5.43597e-05	178.602
2987.3779	13.31	8.8795003e-11	-2.6703e-05	-4.7684e-06	2.3842e-05	-171.636
2990.6577	13.312	8.880834559999999e-11	5.72208e-06	2.00273e-05	2.0981e-05	73.812
2993.9365	13.314	8.88216882e-11	3.81473e-06	8.58313e-06	9.5368e-06	61.698
2997.214	13.316	8.88350308e-11	-1.33515e-05	-2.28883e-05	2.47956e-05	-120.696
3000.4936	13.318	8.88483734e-11	0.0	-1.43052e-05	1.33515e-05	-87.276
3003.7716	13.32	8.8861716e-11	2.19346e-05	-4.7684e-06	2.19346e-05	-16.188
3007.0502	13.322	8.887505859999999e-11	1.14442e-05	1.04905e-05	1.52589e-05	39.804
3010.3286	13.324	8.88884012e-11	4.19619e-05	2.86104e-06	4.38693e-05	3.366
3013.6083	13.326	8.89017438e-11	3.24252e-05	-9.53682e-07	3.05178e-05	1.218
3016.8861	13.328	8.89150864e-11	1.71663e-05	3.71935e-05	4.00546e-05	65.154
3020.7559	13.33	8.8928429e-11	3.24252e-05	3.05178e-05	4.48229e-05	44.412
3024.0669	13.332	8.894177160000001e-11	3.14715e-05	3.71935e-05	4.86376e-05	50.598
3027.3617	13.334	8.895511419999999e-11	4.86376e-05	4.38693e-05	6.5804e-05	43.362
3030.6565	13.336	8.896845679999999e-11	1.52589e-05	1.52589e-05	2.0981e-05	47.604
3033.9358	13.338	8.898179939999998e-11	4.86376e-05	1.90736e-05	5.24523e-05	22.728
3037.2135	13.34	8.899514199999999e-11	5.6267e-05	-2.47956e-05	6.19893e-05	-23.838
3040.5084	13.342	8.90084846e-11	3.05178e-05	2.28883e-05	3.91009e-05	36.672
3043.8196	13.344	8.902182719999999e-11	4.7684e-06	0.0	6.67575e-06	-14.034
3047.1297	13.346	8.90351698e-11	2.3842e-05	2.86104e-06	2.28883e-05	11.976
3050.4402	13.348	8.90485124e-11	2.86103e-05	-2.19346e-05	3.62399e-05	-39.144
3053.7499	13.35	8.906185499999999e-11	1.52589e-05	-2.47956e-05	2.86103e-05	-62.244
3057.0613	13.352	8.90751976e-11	-1.62126e-05	-6.67575e-06	1.62126e-05	-152.448
3060.3723	13.354	8.908854019999999e-11	-1.71663e-05	-2.3842e-05	2.86103e-05	-126.606
3063.6497	13.356	8.91018828e-11	-7.62945e-06	-5.72208e-06	8.58313e-06	-140.712
3066.9457	13.358	8.91152254e-11	-2.86104e-06	-1.81199e-05	1.71663e-05	-98.13
3070.2242	13.36	8.9128568e-11	-3.14715e-05	-3.62399e-05	4.86376e-05	-131.184
3073.5184	13.362	8.91419106e-11	-4.48229e-05	-1.04905e-05	4.57766e-05	-165.174
3076.7981	13.364	8.91552532e-11	-3.81472e-05	-1.81199e-05	4.29156e-05	-155.772
3080.1081	13.366	8.91685958e-11	-5.3406e-05	-3.81472e-05	6.48503e-05	-143.934
3083.3705	13.368	8.91819384e-11	-3.62399e-05	-3.81472e-05	5.0545e-05	-131.82
3086.6655	13.37	8.9195281e-11	-4.67303e-05	-1.33515e-05	4.86376e-05	-163.302
3089.96	13.372	8.920862359999999e-11	-5.6267e-05	-2.19346e-05	5.81744e-05	-158.682
3093.2548	13.374	8.92219662e-11	-4.86376e-05	-3.91009e-05	6.19893e-05	-139.728
3096.5337	13.376	8.923530879999999e-11	-4.67303e-05	-4.67303e-05	6.5804e-05	-135.0
3099.8115	13.378	8.924865139999999e-11	-4.86376e-05	-4.29156e-05	6.2943e-05	-137.97
3103.1072	13.38	8.9261994e-11	-3.43325e-05	-1.43052e-05	3.43325e-05	-157.992
3106.3861	13.382	8.927533659999999e-11	-3.43325e-05	-1.81199e-05	3.62399e-05	-151.992
3109.6642	13.384	8.92886792e-11	-5.3406e-05	5.72208e-06	5.3406e-05	173.658
3112.9434	13.386	8.930202179999999e-11	-1.52589e-05	-1.52589e-05	1.90736e-05	-133.668
3116.2375	13.388	8.93153644e-11	6.67575e-06	-8.58313e-06	9.5368e-06	-47.724
3119.5168	13.39	8.9328707e-11	-2.3842e-05	-3.33788e-05	3.91009e-05	-123.96
3122.7955	13.392	8.934204959999999e-11	-9.53682e-07	1.52589e-05	1.52589e-05	92.49
3126.0736	13.394	8.93553922e-11	1.04905e-05	6.67575e-06	1.14442e-05	33.69
3129.3514	13.396	8.93687348e-11	1.90736e-06	1.62126e-05	1.62126e-05	76.506
3132.6471	13.398	8.93820774e-11	2.3842e-05	1.23978e-05	2.76567e-05	24.678
3135.9259	13.4	8.939542e-11	2.19346e-05	2.6703e-05	3.43325e-05	50.478
3139.2202	13.402	8.94087626e-11	4.76839e-05	-1.33515e-05	5.24523e-05	-15.252
3142.4992	13.404	8.94221052e-11	3.33788e-05	1.90736e-06	3.24252e-05	3.432
3145.7772	13.406	8.943544779999999e-11	6.00817e-05	2.86104e-06	6.19893e-05	1.83
3149.0566	13.408	8.944879039999999e-11	3.24252e-05	3.24252e-05	4.57766e-05	44.418
3152.3352	13.41	8.946213299999999e-11	3.62399e-05	3.05178e-05	4.86376e-05	39.51
3155.5978	13.412	8.94754756e-11	2.86103e-05	2.3842e-05	3.71935e-05	42.882
3159.1472	13.414	8.948881819999999e-11	5.3406e-05	2.00273e-05	5.72207e-05	22.416
3162.4589	13.416	8.95021608e-11	5.72208e-06	5.72208e-06	6.67575e-06	52.122
3165.7697	13.418	8.951550339999999e-11	2.00273e-05	1.71663e-05	2.6703e-05	42.09
3169.32	13.42	8.952884599999999e-11	2.9564e-05	-1.04905e-05	3.14715e-05	-18.798
3172.5985	13.422	8.95421886e-11	1.04905e-05	2.00273e-05	2.19346e-05	59.622
3175.8771	13.424	8.955553119999999e-11	3.05178e-05	3.81473e-06	3.24252e-05	6.984
3179.1561	13.426	8.95688738e-11	2.19346e-05	1.04905e-05	2.3842e-05	25.866
3182.4346	13.428	8.95822164e-11	1.43052e-05	5.72208e-06	1.52589e-05	12.804
3185.7132	13.43	8.9595559e-11	1.52589e-05	8.58313e-06	1.71663e-05	33.114
3188.9913	13.432	8.96089016e-11	2.86103e-05	-9.53682e-07	3.05178e-05	-1.218
3192.2849	13.434	8.962224419999999e-11	3.81473e-06	2.76567e-05	2.86103e-05	73.884
3195.5795	13.436	8.96355868e-11	1.90736e-05	-1.71663e-05	2.6703e-05	-36.324
3198.8902	13.438	8.96489294e-11	3.05178e-05	1.81199e-05	3.52862e-05	29.358
3202.1856	13.44	8.9662272e-11	4.10082e-05	1.62126e-05	4.57766e-05	20.268
3205.4802	13.442	8.96756146e-11	1.90736e-05	1.62126e-05	2.3842e-05	42.798
3208.7902	13.444	8.96889572e-11	1.23978e-05	2.86103e-05	3.05178e-05	68.43
3212.0855	13.446	8.970229979999999e-11	2.86103e-05	4.48229e-05	5.43597e-05	55.35
3215.3644	13.448	8.971564239999999e-11	4.19619e-05	8.58313e-06	4.38693e-05	12.336
3218.6596	13.45	8.972898499999999e-11	1.52589e-05	2.6703e-05	3.05178e-05	62.88
3221.9382	13.452	8.974232759999999e-11	4.19619e-05	4.76839e-05	6.38966e-05	47.88
3225.2168	13.454	8.97556702e-11	6.5804e-05	8.20165e-05	0.000105858	50.886
3228.4937	13.456	8.976901279999999e-11	4.19619e-05	6.48503e-05	7.82018e-05	57.378
3231.7741	13.458	8.97823554e-11	6.19893e-05	7.05724e-05	9.34605e-05	49.308
3235.0367	13.46	8.9795698e-11	8.77385e-05	5.24523e-05	0.000102997	31.026
3238.3302	13.462	8.980904059999999e-11	7.53407e-05	7.53407e-05	0.000105858	44.49
3241.6255	13.464	8.98223832e-11	9.15532e-05	0.00010109	0.00013733	47.928
3244.904	13.466	8.983572579999999e-11	0.000102044	7.91554e-05	0.000130654	37.338
3248.1673	13.468	8.98490684e-11	0.000104905	8.29701e-05	0.000133515	38.748
3251.4459	13.47	8.9862411e-11	7.53407e-05	0.000102997	0.000127793	53.43
3254.7235	13.472	8.98757536e-11	0.000112534	0.000102044	0.000152589	42.708
3258.2752	13.474	8.98890962e-11	9.63216e-05	0.00011921	0.000152589	50.484
3261.5537	13.476	8.990243880000001e-11	0.000107766	0.000105858	0.000151635	44.106
3265.1201	13.478	8.99157814e-11	0.000102044	9.44142e-05	0.000139237	43.05
3268.3829	13.48	8.992912399999999e-11	7.34334e-05	0.00010109	0.000125886	54.564
3271.6606	13.482	8.994246659999998e-11	0.000113488	0.000102044	0.000153542	42.024
3274.9402	13.484	8.995580919999999e-11	0.000102044	9.05995e-05	0.000136376	42.234
3278.2188	13.486	8.99691518e-11	9.25069e-05	0.000102044	0.00013733	48.318
3281.4974	13.488	8.998249439999999e-11	0.000116349	9.05995e-05	0.00014782	37.692
3284.7914	13.49	8.9995837e-11	0.000109673	0.000107766	0.000154496	43.602
3288.0853	13.492	9.00091796e-11	5.81744e-05	9.53679e-05	0.000112534	58.572
3291.3802	13.494	9.002252219999999e-11	7.82018e-05	0.000102997	0.000129701	51.894
3294.6763	13.496	9.00358648e-11	8.77385e-05	0.000100136	0.000131608	49.086
3297.9702	13.498	9.004920739999999e-11	7.82018e-05	6.77113e-05	0.000103951	40.914
3301.2495	13.5	9.006255e-11	6.38966e-05	5.81744e-05	8.58312e-05	41.886